step,agent_0_x,agent_1_x,agent_2_x,agent_3_x,agent_4_x,agent_5_x,agent_6_x,agent_7_x,agent_8_x,agent_9_x,agent_10_x,agent_11_x,agent_12_x,agent_13_x,agent_14_x,agent_15_x,agent_16_x,agent_17_x,agent_18_x,agent_19_x,agent_0_y,agent_1_y,agent_2_y,agent_3_y,agent_4_y,agent_5_y,agent_6_y,agent_7_y,agent_8_y,agent_9_y,agent_10_y,agent_11_y,agent_12_y,agent_13_y,agent_14_y,agent_15_y,agent_16_y,agent_17_y,agent_18_y,agent_19_y,agent_0_vx,agent_1_vx,agent_2_vx,agent_3_vx,agent_4_vx,agent_5_vx,agent_6_vx,agent_7_vx,agent_8_vx,agent_9_vx,agent_10_vx,agent_11_vx,agent_12_vx,agent_13_vx,agent_14_vx,agent_15_vx,agent_16_vx,agent_17_vx,agent_18_vx,agent_19_vx,agent_0_vy,agent_1_vy,agent_2_vy,agent_3_vy,agent_4_vy,agent_5_vy,agent_6_vy,agent_7_vy,agent_8_vy,agent_9_vy,agent_10_vy,agent_11_vy,agent_12_vy,agent_13_vy,agent_14_vy,agent_15_vy,agent_16_vy,agent_17_vy,agent_18_vy,agent_19_vy
0,3.870809210648136,7.503045215152654,-0.1677947405638284,-0.11962568088919773,4.654902312545986,3.0652030632636222,0.13648626700437835,-0.009180094626677418,3.9826779897784017,3.3211507452140734,0.03361089283248726,0.11391098876555172,3.2492328157563093,1.558258601334458,-0.032316959087395736,-0.015807878572452833,2.1259425923889363,6.871612282554717,0.07543802345176989,-0.13299683603738482,4.026070687128523,1.9159499690372648,-0.07720930623233557,-0.04135141697872963,5.595878297010777,2.4136323251073173,-0.10600265870624151,0.18576763026315088,5.24411645064659,3.558343499453074,-0.24035837099691257,0.1236297936367016,1.6806408340676477,3.2655631293878686,-0.031149328556812322,-0.09435194025068058,5.772506863250029,4.2815998155766,0.0755550059350839,-0.21917184981242077,8.732297858233292,8.424683803174164,-0.026249122593941424,-0.22268051251252857,1.884281298574458,1.6807552541601956,0.20262732431955444,0.1669884783320088,5.607612789453915,6.432840766932809,0.14029346033761647,-0.1702855319065603,8.401049918692141,2.921920285410988,-0.11861222734248697,0.09619266928442492,3.146037086433691,7.690245453344557,0.1394141631949343,-0.09010617098793174,4.97214509916675,5.77956969871005,0.08524660542373522,-0.04121554841212588,1.4591516645039186,6.989693727677032,-0.06304179344095884,-0.23254102774506302,3.233879016222195,5.275057474115188,0.10326830684898104,-0.04384310129807869,4.396490392938102,7.770625022074938,-0.09852393567021692,0.1349034533087833,4.814851804614167,6.771995180416688,-0.06399818893030122,0.006239108656786604
1,3.8624194736199446,7.497063931108194,-0.2453767124476022,-0.21962568088919773,4.661726625896205,3.0647440585322885,0.0993634511569815,0.022527800175416092,3.984358534420026,3.326846294652351,0.0817626839282209,0.18233682294447628,3.2476169678019393,1.5574682074058352,-0.08057238477900036,0.08419212142754717,2.129714493561525,6.864962440752848,0.1754380234517699,-0.23299683603738483,4.022210221816906,1.9138823981883284,-0.16951747583568336,0.05864858302127038,5.590578164075465,2.422920706620475,-0.20600265870624151,0.226805186792196,5.232098532096745,3.564524989134909,-0.2933689718021952,0.1804315776752453,1.6790833676398071,3.2608455323753347,0.06885067144318768,-0.1596782077315308,5.776284613546783,4.2706412230859785,0.17555500593508389,-0.31917184981242075,8.730985402103595,8.413549777548537,-0.12624912259394144,-0.3226805125125286,1.8944126647904356,1.689104678076796,0.3026273243195544,0.2669884783320088,5.614627462470796,6.4243264903374815,0.21068707629869132,-0.2702855319065603,8.395119307325016,2.926729918875209,-0.21861222734248698,0.19619266928442491,3.153007794593438,7.68574014479516,0.14030132580582277,-0.09696111864432479,4.976407429437937,5.777508921289444,0.1526730723655687,0.058784451587874126,1.4559995748318708,6.978066676289779,-0.008618961905619477,-0.332541027745063,3.239042431564644,5.272865319050284,0.1069788155680677,-0.056909601723417434,4.391564196154591,7.777370194740377,-0.0989362347817024,0.1733814761225803,4.811651895167652,6.772307135849528,-0.0012085878427310348,-0.09134705224142202
2,3.8501506379975647,7.486082647063734,-0.3133676413359231,-0.31962568088919774,4.666694798454054,3.0658704485410593,0.043437503729231865,0.01346156490133963,3.988446668616437,3.335963135799575,0.12722710424682443,0.24139728923399656,3.2435883485629895,1.5616778134772127,-0.115262478773141,0.18419212142754718,2.1384863947341133,6.853312598950978,0.27543802345176993,-0.33299683603738484,4.013734348025121,1.916814827339392,-0.2521387879771018,0.15864858302127038,5.5802780311401525,2.434260965960085,-0.30600265870624155,0.254219982548536,5.217430083506636,3.5735465680186715,-0.3237041299118601,0.23020290445556452,1.6825259012119664,3.252861621988758,0.1688506714431877,-0.21781399140386357,5.785062363843537,4.254682630595357,0.27555500593508386,-0.4191718498124207,8.724672945973898,8.39741575192291,-0.22624912259394145,-0.4226805125125286,1.9095440310064133,1.7024541019933965,0.4026273243195544,0.36698847833200876,5.625161816285731,6.410812213742154,0.2812091164273992,-0.37028553190656033,8.384188695957892,2.9365395523394304,-0.31861222734248695,0.2961926692844249,3.160022860883729,7.680892088862944,0.1338639481741585,-0.09962533543839837,4.984041083056216,5.7804481438688375,0.21162733509902817,0.15878445158787413,1.45556862673659,6.961439624902526,0.05831018772206607,-0.432541027745063,3.2443913723430473,5.270019838964114,0.10501626670119968,-0.06766309026406685,4.386617384415506,7.786039268546506,-0.10091425254400575,0.2051060125414951,4.811591465775516,6.767739783237457,0.060138104004116504,-0.1692814783106817
3,3.8344822559307685,7.470101363019274,-0.38023496306558313,-0.4196256808891977,4.668866673640515,3.066543526786126,-0.02521070941888521,-0.0017352114887360538,3.9948080238287784,3.348033000261275,0.16379877382537666,0.29215108533461304,3.2378252246243324,1.57088741954859,-0.13120349812939175,0.2841921214275472,2.1522582959067016,6.836662757149109,0.3754380234517699,-0.4329968360373848,4.001127408626266,1.9247472564904555,-0.3252451841753745,0.25864858302127036,5.56497789820484,2.4469719650875117,-0.4060026587062415,0.2777846237261903,5.201244877011042,3.5850567132414497,-0.37029484257837164,0.27076948892345243,1.6909684347841258,3.241970922418565,0.2688506714431877,-0.27198060641317146,5.79884011414029,4.233724038104736,0.37555500593508384,-0.5191718498124207,8.7133604898442,8.376281726297284,-0.32624912259394145,-0.5226805125125286,1.929675397222391,1.720803525909997,0.4779019288784991,0.46698847833200874,5.639222272107101,6.392297937146826,0.3512112133188024,-0.4702855319065603,8.368258084590767,2.9513491858036516,-0.41861222734248693,0.39619266928442487,3.1667160582924367,7.675910822091024,0.12261924136463778,-0.10247168614551211,4.994622449811167,5.788387366448231,0.2587285883701311,0.25463302384205505,1.4584841361226932,6.9398125735152725,0.13650777425847355,-0.532541027745063,3.2496421856781073,5.26663668445091,0.10142315380034653,-0.07562566805408874,4.381571671788306,7.796294569173581,-0.10264642796870077,0.23017675133391455,4.814598370975721,6.759275709321923,0.1179113543455319,-0.2147935823451055
4,3.8154705077774893,7.449120078974814,-0.4317738894285745,-0.5196256808891977,4.667606138169571,3.0664567662116893,-0.10703463658296297,0.011138223531710725,4.002997962520047,3.3626405545280056,0.1924145107867414,0.33491655369360657,3.2312650497178628,1.5850970256199675,-0.12876532431378374,0.3841921214275472,2.1710301970792902,6.81501291534724,0.4754380234517699,-0.5329968360373848,3.9848651494174967,1.937679685641519,-0.3843932216089988,0.346545007553207,5.544677765269528,2.460861196273821,-0.5060026587062415,0.2980461557944428,5.1827301348821235,3.5985951876876223,-0.4373620306028925,0.2965919078515988,1.7044109683562851,3.2283718920979063,0.3688506714431877,-0.3145257700446107,5.817617864437045,4.207765445614115,0.4755550059350838,-0.6191718498124207,8.697048033714504,8.350147700671657,-0.42624912259394143,-0.6226805125125285,1.9535704936663159,1.7441529498265973,0.5336144082314501,0.5669884783320087,5.6567828327730405,6.368783660551498,0.42285031601617484,-0.5702855319065603,8.347327473223643,2.9711588192678726,-0.5186122273424869,0.49619266928442485,3.1728470203606687,7.670787237783748,0.11200844187323229,-0.10748276448830749,5.0075588792296735,5.8011190176403336,0.2930953182256685,0.3302915597993915,1.465309524835617,6.913185522128019,0.22219876732907595,-0.6325410277450629,3.254713343368125,5.262855401048206,0.09994895919916835,-0.08501861054228226,4.376439350389871,7.807803406740277,-0.10622097104247416,0.2516588375155552,4.820493938692998,6.748536030204668,0.1701083517496304,-0.23208668985471856
5,3.7938818133060606,7.423138794930354,-0.4661804798903054,-0.6196256808891977,4.6622544063404225,3.067013677388275,-0.19309635862313937,0.04801714909361564,4.012618688059384,3.3793863822126857,0.20668569409868065,0.37130242963392945,3.2248267835021736,1.6043066316913448,-0.11251617576613435,0.4841921214275472,2.1948020982518788,6.788363073545371,0.5754380234517699,-0.6329968360373848,3.9656454883370467,1.9550069360191793,-0.42237810241401436,0.4157241490746609,5.519377632334216,2.4757635040635435,-0.6015533686690864,0.32804371319609993,5.160862033351979,3.613424783080202,-0.5040500675215327,0.32106073211898617,1.7228535019284446,3.212645603595676,0.46857202568932727,-0.329680054283426,5.841395614733799,4.176806853123494,0.5755550059350838,-0.6988348642243469,8.675735577584806,8.319013675046032,-0.5019455015402458,-0.7226805125125285,1.9802512140778883,1.7725023737431977,0.5723456375367174,0.6568783086828845,5.677925348573849,6.340269383956169,0.4989284507913366,-0.6702855319065603,8.321396861856519,2.995968452732094,-0.6186122273424869,0.5961926692844248,3.1784474424543303,7.665413099559332,0.10078969884697572,-0.11530551276191855,5.0222136451409565,5.817633595630303,0.29419707841937404,0.39050342093296697,1.4764194632020708,6.881558470740766,0.2915173121937305,-0.7325410277450629,3.259710791328083,5.258604470521092,0.10254008151350227,-0.09967789310739913,4.371128301837747,7.820386348616054,-0.11236367560382689,0.27012347431822853,4.828999356280479,6.736931695711932,0.21715590123579068,-0.23519113761440646
6,3.7705727893115455,7.392157510885895,-0.4794380891980714,-0.7196256808891976,4.652599588409266,3.069414534842956,-0.25586543187104893,0.07117345822142326,4.022952972764318,3.397951503694382,0.19750980490466896,0.397427392798259,3.219200974713867,1.6285162377627223,-0.09146920051112184,0.5841921214275472,2.223573999424467,6.756713231743502,0.6754380234517698,-0.7329968360373847,3.944526583216346,1.9757931434729123,-0.4401754518073821,0.47186938795100364,5.489299963900761,2.4921656897233486,-0.6850460232310829,0.35695574484664316,5.135659529975902,3.6294778196861515,-0.5786197994722926,0.34638490390052606,1.746282103212911,3.1961616008815046,0.5359454325763817,-0.3095802474978425,5.870173365030554,4.141865109912276,0.6755550059350838,-0.7211208918942535,8.650638302507794,8.282879649420405,-0.5381886124354026,-0.8163038407214519,2.008868495954724,1.805346289177342,0.6050137631661424,0.7434162420324939,5.702871771113416,6.306755107360841,0.5798046760244145,-0.7702855319065602,8.290466250489395,3.0257780861963153,-0.7186122273424869,0.6961926692844248,3.1834869273966793,7.659647823921237,0.08705666501108782,-0.1277425724922099,5.036923499061925,5.837158766676952,0.23660231418673855,0.4036746273476665,1.4909953288117574,6.844931419353514,0.34161246504864995,-0.8325410277450629,3.2648377954037584,5.253620575865723,0.10292959898469654,-0.11324633765743652,4.365510118057556,7.833892522331966,-0.11350192054565753,0.28965171428366737,4.839857151342269,6.725172138831211,0.27300628189489407,-0.23326994822428357
7,3.746600884851642,7.356176226841435,-0.48303206934650605,-0.8196256808891976,4.639806316815713,3.072973207754027,-0.32522500857316683,0.1368808676032897,4.032828463009552,3.4178228733342952,0.16953922861835305,0.42423040946085666,3.2146275146883108,1.6577258438340996,-0.07617743964924821,0.6841921214275472,2.2573459005970555,6.720063389941633,0.766663504485095,-0.8329968360373847,3.922517810625977,1.9993866128704625,-0.4482788448256278,0.5219129470254055,5.455047662739207,2.510013476965681,-0.7553054393344459,0.38804987274009106,5.106728540002287,3.6467970648811776,-0.6567621742262446,0.3608917416261654,1.7730793748417302,3.1806825885066123,0.5504696376053925,-0.2696889449122407,5.903951115327308,4.105809065317564,0.7755550059350838,-0.7175704335673178,8.623728871886023,8.242064457384332,-0.547961656723561,-0.8922258172877666,2.0391191841130314,1.8425171012789667,0.6103628400779495,0.8015663427405018,5.731862004914636,6.268240830765513,0.6659428529424444,-0.8605195254368336,8.25453563912227,3.0605877196605364,-0.8093136226156955,0.7961926692844248,3.1878397606472335,7.653260695296626,0.07684190262142793,-0.14781092590674544,5.048753614771262,5.857342498044335,0.17285303063456875,0.3913356023568695,1.50807595206419,6.803304367966261,0.3832809576042682,-0.9223503620231696,3.2699842753529933,5.247958258982851,0.10066558621583191,-0.1284663673095552,4.359835022030273,7.848375108046149,-0.11845420710202063,0.30534484239264564,4.853507465437014,6.713508641419997,0.3286146140520291,-0.23689922698841226
8,3.722449281384317,7.315194942796975,-0.48700145742912954,-0.9196256808891976,4.623545066387055,3.0798172511341915,-0.409325702037446,0.23005033624457083,4.04130542444047,3.439034393807338,0.12675015682002846,0.4535863914068482,3.2108186427058483,1.691935449905477,-0.07258458081319341,0.7841921214275471,2.2956790758213104,6.678413548139764,0.8323810168542509,-0.9329968360373847,3.900103868384696,2.025482260221733,-0.45477064447820426,0.5713137117291561,5.417282390772485,2.5294159706026855,-0.8182718993239937,0.4226206263144624,5.073890431290975,3.664841651962486,-0.7532150362505519,0.3816820413993816,1.8006028567219998,3.167198141261,0.5547214347301359,-0.2174265075686433,5.942728865624062,4.069930543639198,0.8755550059350837,-0.7023428117735708,8.596330789049844,8.197453166519944,-0.5409924298267982,-0.9530793939479228,2.0696373261169287,1.8825954184159919,0.5831032995200882,0.8350852710299153,5.765159147561758,6.225214854493672,0.7555327407998815,-0.9326272934956105,8.214069957991486,3.1003973531247575,-0.8725766037920718,0.8961926692844248,3.191681855778305,7.645870149001289,0.07059528332237378,-0.1726238358674922,5.05739626630299,5.876909278162178,0.11915435977046351,0.3675685393352096,1.5272399999444033,6.757186849865103,0.4073356234677822,-1.0025169045532294,3.2750175546637847,5.241534940617373,0.09102357528863159,-0.1476545583062021,4.353912311675172,7.863642350165781,-0.12870123348589743,0.3153565995578392,4.869938196139615,6.701663680070577,0.3811361825887875,-0.2435171299527658
9,3.6980992085128603,7.2692136587525145,-0.48478510527928537,-1.0196256808891977,4.603078781285182,3.09131976794642,-0.4882388840576334,0.3300503362445708,4.047642932281471,3.4617137133776805,0.0715588127972776,0.48906675358374335,3.2071894136651884,1.7311450559768544,-0.08203046116664418,0.8841921214275471,2.337298126664023,6.631763706337894,0.8796309241094237,-1.029325791926133,3.8773653361607856,2.0540479458081906,-0.4560809471678758,0.6210849312211147,5.376368795806285,2.5505470019184084,-0.8863166750484047,0.4603840609629762,5.036229679478447,3.683925754032455,-0.8532150362505518,0.3978901119159679,1.8283389284585065,3.156326815882568,0.5660651955185766,-0.16158345828084728,5.986506615920816,4.034813403050519,0.9681438895734658,-0.6398379599554861,8.569281167558504,8.149799196822547,-0.5265616610389373,-1.0100744341262218,2.098792491092933,1.9243496819674877,0.5330184880710374,0.8471864749781746,5.802935784601752,6.178583489818891,0.8499217919988409,-0.9845272988361866,8.170441127801881,3.145206986588979,-0.911274430654407,0.979070251596055,3.195211619944424,7.637238957207915,0.07171994660083428,-0.20000364071711682,5.063353984291513,5.895287705128939,0.07852804250781398,0.3468934940833633,1.5476067811177925,6.707061004637441,0.41721458818993873,-1.0802495510185308,3.279568733428216,5.234152212702063,0.07369878045973983,-0.1809940348915903,4.347477250000877,7.879410180143673,-0.14520971588250006,0.32157031858309343,4.888995005269054,6.6894878235729385,0.4294604039613919,-0.25296717145548
10,3.673859953248896,7.218232374708054,-0.47223120330889884,-1.1196256808891978,4.5786668370823005,3.1078222847586487,-0.5601180265804453,0.4300503362445708,4.051220872921335,3.4861670510568676,0.00945310348293129,0.5308086760814927,3.2030878906068563,1.775354662048232,-0.11061653289630421,0.9841921214275471,2.381279672869494,6.580297416741588,0.8877276741900092,-1.0684492615172736,3.8545612888023917,2.0851021923692463,-0.44884953732013944,0.6674738016987911,5.332052962053865,2.573566204966557,-0.9685471774154244,0.49925152860480665,4.99356892766592,3.7038202596282535,-0.9532150362505518,0.4203649730609874,1.8566421882344353,3.148247642968526,0.5847468543229932,-0.09857235441236277,6.034913810399489,4.0028215050527445,1.0385622056993355,-0.555579987715038,8.542953084506557,8.099295475116236,-0.5058365404348991,-1.0637733314879771,2.125443415496485,1.9667090057163965,0.46469131150014503,0.8461769873380619,5.845431874201695,6.129357124877082,0.9499217919988409,-1.0216085464043172,8.12487740626916,3.1941604991687815,-0.9288243909696345,1.0239862376571511,3.1987976172744657,7.627238775172059,0.07847742799703256,-0.22812972850188398,5.067280386416904,5.9126323798331075,0.05741688646142344,0.3488820605639403,1.5684675105272894,6.653048527086514,0.411702405402878,-1.1529839784706182,3.2832536724512034,5.225102510957483,0.05363607011494842,-0.2131100337557642,4.340216764206752,7.895488696072828,-0.1710056882297596,0.32514189483567313,4.910468025467123,6.676839465000165,0.474812022489758,-0.26452163838849196
11,3.650248393083451,7.162251090663594,-0.45418091862519444,-1.2090157680168834,4.550660935753278,3.1293248015708772,-0.6029616962333841,0.5300503362445708,4.051693528095481,3.5127074848609423,-0.054773595392495954,0.5788168080623888,3.197557063962041,1.8245642681196093,-0.16705079469516287,1.0841921214275472,2.4256660565789945,6.5268749536657245,0.8601921104826575,-1.0806745548853747,3.8321188119363847,2.118475882454186,-0.4556256362271333,0.7225824204350582,5.2836256031830935,2.5985287813967974,-1.0636602819972574,0.541073509081186,4.9459081758533925,3.724838508281303,-1.0512557064070307,0.45140953373184006,1.885879530950585,3.1433190252479077,0.6014500084696646,-0.011515836811349586,6.086841920684456,3.9750425056669925,1.0707936975034584,-0.4613328492148244,8.517661257484813,8.046106808541836,-0.4793430924158714,-1.1140387688525555,2.148677981071492,2.0090178550832998,0.39466450848348245,0.8285064214944797,5.892927963801637,6.078276697556866,1.0449554078264014,-1.02061887637727,8.078436186720678,3.2453598110516393,-0.930827386058331,1.0501932913184975,3.2027214886743174,7.615832288746965,0.10753672484342233,-0.2507218945680537,5.070151230739976,5.930076482861304,0.0673291224962936,0.38653022280969074,1.5890526307974333,6.5953993281629835,0.3922465984918863,-1.212234070977027,3.2859354759569506,5.214447009269695,0.019896691066600948,-0.27642091918514655,4.331666479795264,7.911745790814612,-0.20101651660557593,0.32999201456054283,4.934208626591611,6.66361338308074,0.5010095334474759,-0.2765221626411451
12,3.6275393471521915,7.10180030226275,-0.4329255908640212,-1.2104055273301986,4.520512850941609,3.1558273183831056,-0.6210910136958284,0.6300503362445707,4.048954848325857,3.541648325264062,-0.11952792054393943,0.6257266231354021,3.189204524227283,1.8787738741909865,-0.2512622753126861,1.1841921214275473,2.468675662103127,6.472841225921456,0.8089635097422248,-1.0882893932173126,3.809337530125028,2.1546050034759388,-0.4784028493833566,0.7798679617310634,5.23044258908323,2.625582456850857,-1.1636602819972575,0.5860424419482362,4.893345390533041,3.747408984967895,-1.1347501014246546,0.48480466913451953,1.915952031374068,3.1427432334073404,0.6130524176536436,0.08848416318865042,6.14038160555963,3.9519758632062514,1.1103954943689216,-0.39138716811970115,8.49369410286402,7.9904048700992085,-0.44646790025049665,-1.162250608647668,2.168411206495666,2.0504431761580237,0.3272014621711503,0.804050898003574,5.945175734192957,6.027245753738002,1.1292613708672954,-0.9873037811468752,8.031894817417761,3.2978694756175644,-0.9247306821266418,1.0650558108211372,3.2080983249164885,7.603296194018562,0.124758046008984,-0.2778483915983119,5.073517686864791,5.9494029940017885,0.09434186406199795,0.4444413744572585,1.6086649607220276,6.5347876246141325,0.36374276925108734,-1.25935617097264,3.2869303105102805,5.200625963310438,-0.018547947185657353,-0.3385324399523585,4.321615653964986,7.928245391542639,-0.23279147259350624,0.3353047855381591,4.959259103263985,6.649787274948683,0.526195124429913,-0.2768096472748814
13,3.6058930676089904,7.04128002589624,-0.4256361380132026,-1.2128899258516814,4.489458300256818,3.1873298351953343,-0.6196797593643589,0.7300503362445707,4.04297845229866,3.572934656420832,-0.20066770559528527,0.6674298383768342,3.1766414104616487,1.9379834802623639,-0.34483451638057244,1.2841921214275474,2.5091238375902383,6.41842675626059,0.7645917677321081,-1.0787094597825877,3.78541738765586,2.193598401562492,-0.5362830244970346,0.8599719372655026,5.172259574983367,2.6548845789482685,-1.2636602819972576,0.6313855012496126,4.836607885461808,3.7716492184246206,-1.2112950359358392,0.5124315054344157,1.9466046522567504,3.147167441566773,0.6136741667418117,0.1884841631886504,6.195901380278076,3.9324065048002663,1.1498605879815924,-0.334388068865093,8.471370707851495,7.932292339666825,-0.4070868909102104,-1.207918122852647,2.184771279604224,2.0906457210582023,0.26599641480214703,0.7838804060697514,6.001638802736322,5.9778805646806585,1.1855251549702748,-0.9189831918662636,7.985658283311429,3.351122266158621,-0.907546417168737,1.0706415770322892,3.2143362272169376,7.589403774438646,0.13787494961206093,-0.30435021705016274,5.07823478006789,5.971625062724652,0.12765152938430172,0.5036880993012374,1.6268520991845818,6.4718198160655005,0.33681082178137606,-1.2795977295244283,3.286002913150998,5.1836993413128205,-0.05634162225069794,-0.3819625775866358,4.309976080335311,7.945010630819547,-0.2673833798563084,0.3362474632632656,4.985568859485481,6.63594679258494,0.5535394645158963,-0.27101462107685187
14,3.5846112607083302,6.980635529603656,-0.4266680780710763,-1.2197130297266032,4.458474312288599,3.223832352007563,-0.617089572842948,0.8300503362445707,4.032945067018895,3.606306148339674,-0.3006677055952853,0.7153773345526002,3.15939968464262,2.002193086333741,-0.4213458279116393,1.3682469789199943,2.5473534259768438,6.364491283271461,0.7287271701731329,-1.0381617074022167,3.7586032364310085,2.236596998425767,-0.6154910528135324,0.9499084976578823,5.109076560883504,2.686453854010749,-1.3450947379632603,0.6638675665398546,4.7760431336650155,3.7972707936963412,-1.2736950610651574,0.5427944691108684,1.977288360593841,3.1565916497262054,0.5781662731794949,0.28848416318865044,6.253394409677155,3.915687101357012,1.1898815187486518,-0.29214349145725604,8.451016363305985,7.871896433524192,-0.3659904539328239,-1.250340053881013,2.198071100344331,2.12983974136169,0.2153714779830705,0.7874211369186598,6.060915060484835,5.9319314050873455,1.234090948457117,-0.8526544029888155,7.940280962452992,3.4046543450102353,-0.8754500312129264,1.0789863055319402,3.2212299746975406,7.574186263586138,0.1494164428490795,-0.32905896938428064,5.084617356537105,5.9968094676897135,0.16069763190810543,0.5565194510582869,1.6436926402736507,6.407839929589279,0.3089829449751169,-1.285001235907728,3.283185832038463,5.164601212433489,-0.08103347964825425,-0.4083350281767695,4.296606911342495,7.96182300398271,-0.30038491002674905,0.33472146859361956,5.013245832711275,6.622396061531097,0.5848085916464048,-0.2605000152864752
15,3.5632778568047763,6.919649878117326,-0.4323293231340236,-1.2254904241256501,4.427619833646452,3.2653348688197914,-0.6132949075808449,0.9300503362445707,4.017911681739131,3.642075015067304,-0.4006677055952853,0.7709280290182374,3.138332393247038,2.0706054352797407,-0.48597678944542194,1.4190935698960518,2.5837897844855005,6.31258319790135,0.6883155607618933,-0.9857033138284557,3.727828683790332,2.2840924233086612,-0.6566989027929331,0.9658885625268093,5.041821823985341,2.7196472323377416,-1.3424557807245185,0.6691879233812607,4.712358380611757,3.8244105171518847,-1.345864072896441,0.5704895050453166,2.006196674252816,3.171015857885638,0.5305596202044125,0.3884841631886504,6.312888485614588,3.901079926784149,1.1705181944044936,-0.2496766483290517,8.432716840609345,7.809379430830141,-0.32666589615160446,-1.2897248123534557,2.208839674243485,2.1692107982076227,0.11537147798307049,0.8264253793388563,6.1226196079076916,5.889298684937905,1.275537320250569,-0.7893063693192885,7.896508460892346,3.4586036602868324,-0.832247332982183,1.0887897742659662,3.2287007968399943,7.5577333151169235,0.1613253927606739,-0.35106490290745873,5.09265223813251,6.024635440242628,0.19928668029372554,0.602618544614691,1.6591417875224066,6.343589867793893,0.28392152238867585,-1.2814380639100618,3.2791341580560505,5.1441844610246505,-0.07548073664548191,-0.41670187446998047,4.281587665841158,7.978559077412391,-0.3323908280527195,0.3275271082480175,5.042486262293596,6.609371060766773,0.6205899215166287,-0.2457350864687262
16,3.541661390648075,6.8583753569110435,-0.4417171902867145,-1.2250027145680125,4.39695508826741,3.31183738563202,-0.5784779510607644,1.0189643729953641,3.9978782964593664,3.680621416518216,-0.5006677055952853,0.8300551929052613,3.114033553774767,2.1415601137745433,-0.5304866852350771,1.4030623210635729,2.618205562523595,6.263298032209927,0.6315504991449957,-0.9379805688867442,3.6949937386506853,2.3323868514350017,-0.6944701307487513,0.9772722219194047,4.974699034949115,2.7531066285068047,-1.3268499846207784,0.699620696028812,4.645065176966935,3.8529349924041507,-1.3755529013686174,0.5982091737313787,2.0327246552630367,3.1904400660450705,0.4772518902449246,0.4884841631886504,6.371414395334813,3.8885960943676965,1.1382263230952132,-0.21956782693699237,8.416383545801764,7.744893190212468,-0.2943015992384575,-1.3316211377032634,2.214608248142638,2.2105320671745656,0.025929564616752734,0.8619252262741285,6.18639647392022,5.84983336647194,1.3111407172461966,-0.7286357248853018,7.854896094243237,3.5130431490001306,-0.7850038511077171,1.1017489624888515,3.236767066478028,7.540180069971551,0.1745979330319561,-0.3695944640694537,5.1026165721471965,6.054766367473363,0.23777150995795587,0.6382210963133756,1.6733378636418403,6.27951796459839,0.26458462674401106,-1.2705684528554029,3.2753601212237764,5.123349367301151,-0.05786890670897754,-0.39986314359830305,4.264968124438522,7.994935432824792,-0.36414725891705363,0.3098470473845226,5.073515758369427,6.597084306443337,0.6623533225481228,-0.22829523232367613
17,3.5195755311337393,6.797125221182643,-0.44311982355137536,-1.2074352587994273,4.3680311907143725,3.362785604281788,-0.5277528426756783,1.0923574258117552,3.9728449111796023,3.722124176163479,-0.5807226026652164,0.9029840566690706,3.087509219513013,2.211713229827722,-0.5614981532531251,1.3909420634567529,2.6497830874808446,6.21639900376559,0.5691040896811133,-0.9374797224653981,3.660270232113248,2.381250462530972,-0.7313835286569621,0.999981835957872,4.908356535718076,2.788087663308245,-1.3132683564008316,0.7247939183493874,4.576287531898505,3.8828454510907195,-1.3632106747391988,0.62582478081097,2.056587249775283,3.214864274204503,0.4134820907740231,0.5884841631886504,6.428325711489573,3.8776177030208467,1.1510969045432913,-0.212028470437082,8.401668465839842,7.678312133327305,-0.20862903592401963,-1.3186080191977856,2.2159047263734757,2.253628328488272,-0.07407043538324727,0.8579605402529197,6.251953509782529,5.8134015802276755,1.3336329816876065,-0.6866025561815398,7.8156459016878514,3.5681305971245734,-0.6850038511077171,1.0677969617516612,3.2454969631296255,7.521700346768078,0.18947362963143957,-0.3843569729386248,5.114505147645095,6.086677422289031,0.2857292074686752,0.6918409817580168,1.6865670949790408,6.2159895419556195,0.2492075895168573,-1.2539873764718121,3.2724666758883276,5.103356210121237,-0.08016470209004672,-0.3832259255997984,4.24676076149267,8.010427785194018,-0.38961232415791364,0.29299631958796807,5.106633424496834,6.585669544827153,0.704978991193028,-0.22853618957170077
18,3.4974195399561707,6.736753458242672,-0.4447609141381569,-1.1943439032372172,4.341643548580588,3.4174034755723754,-0.4838991246333047,1.1607839514045593,3.9438087810463416,3.7672733789969324,-0.6077301765082187,0.9812158324297212,3.0594343118503566,2.2812603330005596,-0.5861741493600985,1.3807243992274363,2.6782382919649,6.16952501764232,0.5114610516466742,-0.9286464921785615,3.6237010556804,2.4312495543288652,-0.7660136842203166,1.036772469159471,4.842693117898034,2.8243273592257148,-1.3105474320097708,0.7297022875478707,4.508126998161544,3.914136690131268,-1.349819499980757,0.6542073963749562,2.0772613543139844,3.2442884823639355,0.36821068817659575,0.6884841631886504,6.4858805567167375,3.867016279498993,1.17066486057366,-0.22865951339438792,8.391237014043641,7.612381732367416,-0.12385942933374863,-1.3143032760121462,2.2122012046043134,2.296526355500918,-0.17317447624437704,0.8801286848366218,6.318635158866909,5.779071452418599,1.3577925656210952,-0.6374945872272828,7.7813957091324655,3.6215204452121563,-0.5850038511077171,1.0094227654606913,3.2549706446111975,7.502482498121147,0.20316170070354117,-0.3979380015192904,5.1287916080185285,6.121269471376932,0.3348843473917709,0.7512389653090422,1.6990274744548837,6.153290173132029,0.23692589301846328,-1.2326083705628461,3.2684584407838253,5.084194913841246,-0.08515508197488578,-0.30933826748059673,4.227280145284774,8.025077601173416,-0.4073497887646756,0.2775144243796093,5.141882374056485,6.574242735348569,0.7505790955249982,-0.23038106005706616
19,3.475181494249263,6.677036263080811,-0.458012983194191,-1.2546615626152688,4.317448592348923,3.4754426731426036,-0.45144222594403466,1.2317518879203673,3.913422272220931,3.8163341706184184,-0.6096250010875768,1.0501981951769137,3.0301256043823517,2.3502965529619315,-0.6030117500293249,1.3734543419155116,2.703811344547234,6.123092693033391,0.4937617697753554,-0.8937139622522615,3.585400371469384,2.483088177786839,-0.7967317127656962,1.088116601582872,4.777165746297546,2.8608124736031084,-1.309333186482225,0.7318788197347309,4.440636023162506,3.946847059950016,-1.3033563187587045,0.7424704077279836,2.0956718887228143,3.278712690523368,0.37217563198789316,0.6868462042671583,6.544413799745421,3.8555833038292735,1.190172285107027,-0.26590584794715283,8.385044042576954,7.546666568566808,-0.04363494512850266,-1.3271034628846285,2.2035424807920947,2.340532789742749,-0.2144951816581954,0.9170122118771034,6.386524787147964,5.747196723057234,1.3911981385026522,-0.5608633874899982,7.752145516577079,3.671991583485191,-0.48500385110771715,0.9446921391160106,3.2651287296463747,7.4825855980451825,0.22081425253335607,-0.407623876249639,5.145535825388117,6.158831419642384,0.3811364699131714,0.8104359083537047,1.710873769105807,6.091659754603887,0.21752980996153656,-1.1759752736294813,3.264200686685081,5.068728000467217,-0.05106784127893241,-0.20933826748059672,4.20691265584654,8.038953322392397,-0.41228411644156787,0.2723136959780676,5.179411328832735,6.562723682345715,0.7963245398227887,-0.23307261452146597
20,3.4522808450895535,6.614303184950047,-0.4533950108947344,-1.3294759060677224,4.2948764810517215,3.537030267538622,-0.42706992692851264,1.302874367359149,3.882941022166552,3.868844080377264,-0.5096250010875768,1.1385656811769747,2.9999750168808856,2.418969270057707,-0.6240376703147691,1.364029686637397,2.7284994330360015,6.078406994920778,0.46005897307773885,-0.8281120292497895,3.5455637858310993,2.5374940078659827,-0.8177434989285495,1.1500061665738694,4.711699086973434,2.897406414589845,-1.3099983988743937,0.7306874810385928,4.3754682072245705,3.983970580336415,-1.2445728545418877,0.8372803650734066,2.114280670322209,3.3130550007367257,0.36864747324868397,0.6850786052432797,6.603922414000772,3.842288011431916,1.2042411255511152,-0.3076610473795259,8.382862295320528,7.480311395422577,0.024225437666831204,-1.3584499687649845,2.192817721709185,2.3863834003366042,-0.24266117177240742,0.9665978582680183,6.4560846940730965,5.719153553682735,1.4137660677261108,-0.5012639082821041,7.727895324021693,3.719226190440992,-0.3850038511077172,0.8806494815022563,3.2761694422730425,7.4622044042327005,0.2429333022612728,-0.411117932936398,5.164592648883775,6.19935321506007,0.43044201917712555,0.8800222330454772,1.7217502596038838,6.032860990922413,0.20501845676682298,-1.1445316717827863,3.2616472946211346,5.058261087093187,-0.060555748867414314,-0.10933826748059672,4.186298450024461,8.0525690071913,-0.40998753196950766,0.2676043244261963,5.219227555823875,6.551070051619642,0.8527265972320752,-0.23913618274100848
21,3.429611094544817,6.547829389646661,-0.4362381879152842,-1.354037409597271,4.273522984705296,3.6021739859065796,-0.37545884318255623,1.3619860698013182,3.8574597721121733,3.9257723644361127,-0.4096250010875768,1.2187011339243197,2.968773133365147,2.487170754389577,-0.6555098046554667,1.3491874947539917,2.7515023816898885,6.037001393458288,0.5303558626212722,-0.7715868346048615,3.5046766108846716,2.594994316194676,-0.8300690942478206,1.2099289332593552,4.646199167029715,2.9339407886417743,-1.3143116481365693,0.7229003330837072,4.313239564497476,4.025834598590086,-1.1765807916857791,0.9304072445096638,2.132713043984643,3.3473089309988895,0.3540073401658173,0.6854820815169207,6.664134470278328,3.8269049590629396,1.2105495574745047,-0.35692308227256175,8.38407356720387,7.412388896984328,0.0928392768163063,-1.3719593555428622,2.1806846631205645,2.434713293250005,-0.2504498939894904,1.0324559720337347,6.526772997459402,5.694090358268629,1.4265328472690633,-0.4636852765210685,7.708645131466307,3.763258664516105,-0.2850038511077172,0.8160041315228557,3.2883161073861062,7.441648507585881,0.2673436767238773,-0.4097937206646778,5.186114749842631,6.2433543267123435,0.48109048194949494,0.9566273861292784,1.732001182442225,5.975634407333273,0.19441842187426392,-1.1397205036932772,3.2586195071777637,5.052794173719157,-0.12042155139388831,-0.009338267480596713,4.165799073425986,8.06594922341261,-0.4072280518656573,0.2609879831035359,5.261863885685479,6.539113242482592,0.9527265972320752,-0.23786789080195853
22,3.407799185149053,6.480127519166797,-0.4002303901972361,-1.3456424403425389,4.254750042546168,3.6702732893966457,-0.30521047181987004,1.420300440910327,3.8369785220577945,3.9867074211323286,-0.30962500108757685,1.3187011339243198,2.9359976431323735,2.5546301291272764,-0.6776611382532625,1.338198558399049,2.778020174820952,5.9984220517280455,0.5552737825550681,-0.6947380415750763,3.4631731561722807,2.6554907628576436,-0.8257516391156217,1.2522516642024735,4.580483584622886,2.97008580529596,-1.3187380517712528,0.7147936421167725,4.254410524913187,4.072354960815569,-1.1033745519694482,1.0161518577782649,2.150413410992934,3.3815830350747356,0.32636004159136967,0.7176217404448382,6.724661948152053,3.8090588049493115,1.2140801264765368,-0.41506312767699594,8.388715531044685,7.343790929207184,0.15409818294232863,-1.363925203005278,2.16816216842109,2.4863360918516917,-0.23718769810430898,1.1101905854523137,6.5980996398228555,5.670906094442576,1.4339255945092142,-0.4402923908170535,7.694394938910921,3.8040588710922476,-0.1850038511077172,0.7506179732949352,3.3016832912223,7.4211588215526465,0.2916615715998806,-0.40531248142033593,5.210169273940106,6.2911856960188075,0.5300947565561996,1.0413127534750883,1.7417221035359383,5.91864838214861,0.2607085799076349,-1.1634881210381334,3.2525984296080694,5.052327260345127,-0.21819545500221046,0.09066173251940329,4.145437670832703,8.078998622567786,-0.40188305638190125,0.2519918123443348,5.309500215547082,6.527219847942494,1.0527265972320752,-0.24613468473844954
23,3.3877876656391908,6.41284539714967,-0.3325767401518412,-1.3092825162645512,4.239489518955175,3.741288311442162,-0.2035574164248512,1.486123944433451,3.8214972720034157,4.052642477828544,-0.20962500108757684,1.4187011339243198,2.9021145862197106,2.6215400570472287,-0.690777504875381,1.331475286574311,2.8057838639487054,5.963685149649292,0.5504875128157979,-0.6074259273363374,3.4218855742164997,2.7181033460677675,-0.8011863589537538,1.2681089930390157,4.514546682034323,3.0058254874017982,-1.3231452245647901,0.7066022323141864,4.1992417973147145,4.123162553704482,-1.0263130157682459,1.0939294281006835,2.1667314130725024,3.4174641220969777,0.2865437693326111,0.7799087253653398,6.78536595447588,3.7883056485654616,1.2143580282899247,-0.4814521459741914,8.396420440191802,7.275594669056921,0.20181576612180252,-1.3468216829695343,2.1563027835158746,2.5418456211243075,-0.22741083017818822,1.1979304822266057,6.669795919548316,5.648891474901723,1.4384764864353556,-0.42518866162280733,7.685144746355536,3.8415897697569945,-0.08500385110771719,0.7149403495461559,3.3162663698022943,7.40089319748163,0.31345685485784186,-0.3957540607920267,5.236674011767915,6.343251333692562,0.5843638736731277,1.1236567132834379,1.75475753253132,5.860473976096703,0.3127011691429407,-1.1319523525292223,3.241688656857959,5.056860346971097,-0.31819545500221047,0.1906617325194033,4.125343518013608,8.091598213185003,-0.395244262734612,0.2424003595669491,5.362136545408686,6.514913113705571,1.1527265972320753,-0.2739351732104344
24,3.3711588286315988,6.347381271336443,-0.286464065677125,-1.2899216044183903,4.229311648133932,3.8155945086638345,-0.09772634835128714,1.496813134909606,3.8110160219490368,4.1235775345247605,-0.10799410679179064,1.4961073734522676,2.8675757109759417,2.688113821375944,-0.7030033698650531,1.325060852171846,2.833308239589495,5.933313853282475,0.5348798294552213,-0.5292918078256867,3.381826256268812,2.781508795719718,-0.7719619881282724,1.2861083503675126,4.448389420806084,3.0411555990175074,-1.3303405563535238,0.6929603192975747,4.147926146526302,4.177859025109516,-0.9194885033834541,1.1851332803299617,2.181058601539133,3.456459558365245,0.24906008908435062,0.8405726042830339,6.8460838558903765,3.764233041266752,1.2114688551845656,-0.5558870343370759,8.406511228497893,7.208253584908444,0.23315251770204087,-1.3260420256056427,2.144932242006965,2.6017421452356375,-0.2142245586895217,1.297535518008466,6.741719743870084,5.627632041820583,1.441087873711096,-0.41625201530182654,7.68089455380015,3.8773367872343023,0.004660667725443213,0.6881104243666745,3.3319392125451865,7.3811054944420285,0.3353178477663196,-0.3837647288015463,5.265892205451571,6.399434169356734,0.6415052313334213,1.1993183427218381,1.770392590988467,5.803876358470242,0.37028765429041693,-1.0976627063805406,3.2257788841078483,5.066393433597066,-0.416954837965391,0.2906617325194033,4.1055813048768774,8.10371823116335,-0.3916872039383254,0.2314776899476273,5.419772875270289,6.50121635504505,1.2527265972320754,-0.29910561865263413
25,3.3568356253477427,6.282885191115523,-0.21598087585588172,-1.2446870553728275,4.224425330716368,3.8904351654093148,0.0021358003271089495,1.4999984794515504,3.805616316609447,4.198382903197374,-0.007623972167828997,1.4999806248909966,2.832425542482689,2.7543668639845365,-0.7140426554816138,1.3191448313785585,2.860052231062256,5.906849262891191,0.5077513773926144,-0.46043376844656686,3.3432281568623985,2.8458142132380937,-0.7502361848525606,1.2989017156574527,4.381872392988408,3.075803614982386,-1.3386441328828362,0.676780529786695,4.101951721357129,4.237115689126014,-0.8064871747101485,1.2647444156935594,2.1935116059933506,3.4984881885793966,0.2168817765442963,0.8974137512289873,6.906657298649605,3.736438689549898,1.2247624388756857,-0.5955537794037187,8.418168854382994,7.141951483628162,0.25027925225680847,-1.3067678593792555,2.134221014072489,2.666618921136061,-0.1916182439707984,1.397535518008466,6.813774137555639,5.6068194410554915,1.4425286366978531,-0.4112312394585719,7.681127587186422,3.911742308452636,0.059583874293207495,0.6691392255694485,3.3487051049335026,7.361917258001951,0.35693133983794817,-0.36913075585871713,5.297967467018243,6.459400086492826,0.7034011680609451,1.2469724648360196,1.788906973702988,5.748993223151214,0.41253078330538584,-1.0212321949059313,3.2049311422095785,5.080926520223037,-0.5002362775081615,0.3906617325194033,4.0859969446799616,8.115292115660731,-0.3904508460259042,0.2211619572897179,5.482409205131893,6.486261074112418,1.3527265972320754,-0.3227382881014867
26,3.3460365815549484,6.220650838346882,-0.14640732443948462,-1.1544558155771427,4.224532120732723,3.9654350893818924,0.08535974330860113,1.4975692685890325,3.8052351180010557,4.273381934441924,0.08849241057390393,1.4973874225699972,2.7967234097086084,2.8203241055534645,-0.7156249959853868,1.3182870951052033,2.885439799931887,5.883827574468863,0.49049040423711593,-0.4026385895563386,3.3057163476197706,2.9107592990209663,-0.7348183121487604,1.3076857604680288,4.314940186344265,3.1096426414717206,-1.3455506023477208,0.6629431171086141,4.061627362621622,4.300352909910692,-0.6901832169562689,1.3317834384883662,2.2043556948205656,3.543358876140846,0.18778854081317142,0.951565536602675,6.967895420593389,3.7066610005797123,1.2402855074825392,-0.6291735259695375,8.430682816995835,7.076613090659199,0.2578454315919258,-1.2870348059334396,2.124640101873949,2.736495697036484,-0.1639395768356242,1.491014357793699,6.885900569390532,5.586257879082563,1.372481156829918,-0.384051974436294,7.684106780901082,3.9451992697311087,0.1018194573601478,0.6604577800006485,3.3665516719254,7.343460720209015,0.37643475893918643,-0.3504085733464338,5.33313752542129,6.521748709734627,0.7566465662326228,1.2951779699363253,1.8095335128682573,5.697931613405918,0.4050787319638522,-0.9212321949059313,3.1799193283341705,5.100459606849007,-0.5985856043571453,0.49066173251940326,4.066474402378667,8.126350213525217,-0.39123704805429793,0.21198959073021245,5.550045534993497,6.470124159707344,1.4527265972320755,-0.33620750730925036
27,3.3387162153329744,6.162928047568024,-0.0812956098379679,-1.0544558155771426,4.228800107898153,4.040313552811344,0.16048402235531142,1.4913902502593543,3.809659738529751,4.348251305570424,0.181272141471928,1.4890065180267618,2.760942159909339,2.8862384603087246,-0.7025052575436062,1.3253250028289632,2.9099643201437426,5.863695644991046,0.47346603767951784,-0.3472665302110932,3.2689754320123328,2.9761435870443678,-0.7231272936262796,1.3141867893160137,4.247662656226879,3.1427897973271515,-1.3518670585379975,0.6499657345120761,4.027118201773809,4.36694208183511,-0.5845997022004389,1.3813917576803325,2.213745121861224,3.5909371529709797,0.17845217207356648,0.9524285527200391,7.029909695967516,3.6752023242812353,1.2661870009126768,-0.6543887672825182,8.443575088575432,7.012261350362527,0.24014809879249113,-1.2111887001194594,2.116443123032168,2.811046414926169,-0.0997162320100299,1.4966818877349062,6.954524627232028,5.567055280360749,1.2943548514881975,-0.3628834921326746,7.68919775376909,3.9782221587311413,0.10581918644213614,0.6379404654473877,3.3853734098723596,7.325940291541694,0.3969226992506183,-0.3295255704691984,5.370969853732921,6.586507608231443,0.7729921610652131,1.2854894472269043,1.82978744946645,5.651870003660621,0.3431141068436892,-0.8212321949059314,3.149990048116313,5.124992693474978,-0.6985856043571452,0.5906617325194032,4.046912549975952,8.136949693061728,-0.3898133035695157,0.20473240857913327,5.622681864855101,6.453313784341881,1.463484714681393,-0.32895666871781437
28,3.334651434841076,6.110205256789167,-0.02590155041833593,-0.9544558155771427,4.236824309015919,4.114883065324311,0.21624009313995501,1.4843315741837546,3.8187233456033476,4.422701631471763,0.27216043685284813,1.4751029444117,2.725816897032159,2.9525047104501727,-0.6570851311897068,1.3484209766869566,2.9336376220277187,5.846332318480491,0.4691539348103648,-0.2547699086023591,3.2328190673310186,3.0418529265101686,-0.7141543294931283,1.3190843770078624,4.180069303299979,3.175288084052755,-1.3582614925699852,0.6364948686372547,3.997888216663787,4.436011669719127,-0.5246762009180332,1.4052454889414232,2.2226677304649023,3.638558580606982,0.16986816892310339,0.9591472009451082,7.093219046013149,3.6424828859171092,1.2807107589068518,-0.6208719609184588,8.455582493515056,6.951701915356554,0.21062358769362943,-1.150845982948744,2.1114573114316664,2.8858805093129143,-0.034218001356849666,1.4996096586722638,7.019242369806438,5.548911105754115,1.2121445193329698,-0.338073791882049,7.6944887130911965,4.0101191820035105,0.07739941763186392,0.6150425603360749,3.4052195448348903,7.309464013018234,0.42051520261947284,-0.31388254006415384,5.409619461786182,6.650782080592788,0.7831816454616465,1.2793070429775597,1.8469431548086344,5.610808393915324,0.2431141068436892,-0.7212321949059314,3.1150607678984557,5.154525780100948,-0.7939467119449596,0.6906617325194032,4.027421884797476,8.147186313490685,-0.38524603098090504,0.1987263499011023,5.695856100589171,6.4368659509059905,1.4673766098667098,-0.3111364408359813
29,3.3333563573201594,6.0624824660103105,0.02553724014143275,-0.8544558155771427,4.247636313672917,4.189099644033499,0.2560329610505999,1.477987524594055,3.83233136744599,4.496456778692348,0.3577226872306569,1.4567204532924216,2.6929626404726736,3.0199257592845203,-0.6120584007163978,1.3694467912673662,2.957095318768237,5.833593823050373,0.49160698810597714,-0.1547699086023591,3.197111350856362,3.1078071453605616,-0.7018811991909432,1.3256556046810513,4.112156228671481,3.2071128274846177,-1.3562650397428317,0.6407379667004097,3.971654406617885,4.506273944166198,-0.46548623161680946,1.419560641109697,2.2311611389110575,3.686515940654237,0.16063504734917836,0.9728042343885591,7.157254583958492,3.6114392878711863,1.2981317109289274,-0.5966769335670794,8.466113672899738,6.894159616209117,0.1709329381841995,-1.1038601153292296,2.109746411363824,2.9608609922465274,0.02574064447762686,1.4997791234784796,7.079849595773086,5.532007416160012,1.1253853991070635,-0.31212656678820744,7.698358683972789,4.040871310020314,0.02817465948367056,0.6046717462808705,3.426245304965864,7.293769886015026,0.4700852564353145,-0.3067604995241739,5.448778544059264,6.714747432741666,0.7872518943552169,1.276806349778275,1.8590988601508187,5.574746784170028,0.19625799555561851,-0.6212321949059314,3.0753634323012076,5.189058866726918,-0.8564612256759624,0.7906617325194032,4.00815958324843,8.157122630985741,-0.3782558187788329,0.1929692493934853,5.769224931082507,6.421309128864191,1.4716495531042733,-0.2902543588785407
30,3.3346332193272312,6.0197596752314535,0.07112464272360133,-0.7544558155771427,4.260437961725447,4.2629990202632015,0.28679869820569937,1.4723269021204213,3.850217501807523,4.569292801356969,0.4255141400827146,1.4383802406143058,2.6623597204368536,3.0883980988478887,-0.5717041272285199,1.3867784217061776,2.9816756681735357,5.825855327620255,0.5422090486623888,-0.054769908602359085,3.162017290896815,3.1740899255946142,-0.6761503783075211,1.338962533424515,4.044342976684339,3.239149725819638,-1.3326887011536404,0.6760098616322029,3.9483800950370447,4.577251976221683,-0.41382882910139807,1.416434306338183,2.2391928912785164,3.735156152373665,0.14332425663157658,1.0003366092474153,7.222161169504939,3.581605441192832,1.367973995846759,-0.6137147782249773,8.474660319808947,6.838966610442656,0.10722634943908231,-1.068486141482794,2.111033443587705,3.0358499484204513,0.08114744918510342,1.4978034221788756,7.13611886572844,5.516401087820602,1.0333196475544817,-0.28426340403224126,7.6997674169469725,4.071104897334358,-0.07182534051632944,0.5573937890798665,3.4497495677876295,7.2784318610388175,0.5201174191016353,-0.27484420304208773,5.488141138777025,6.77858775023058,0.7917111606844547,1.2740460894518981,1.8689117599285996,5.5436851744247315,0.15667272109768698,-0.5212321949059314,3.0325403710174093,5.228591953352888,-0.890832500385664,0.8906617325194032,3.9892467923094883,8.166771093455415,-0.3679213508909545,0.1859039591808541,5.842807408737721,6.406796410920264,1.4769748914435017,-0.26181132528111917
31,3.3381894514634114,5.982036884452596,0.10634288751463222,-0.6544558155771427,4.274777896635732,4.336615365369223,0.31318530438669034,1.4669406822077764,3.8714932088116587,4.6412118133876845,0.5012726025067624,1.4137629850778017,2.633774514075428,3.1577370199331978,-0.537060756736195,1.4005590825002512,3.008786120606655,5.823116832190137,0.5909413353540545,0.04523009139764092,3.1282097719814392,3.24103805226584,-0.6620344465181883,1.3459979166489657,3.977708541626657,3.272950218901248,-1.308672086895351,0.7031660358150947,3.9276886535819746,4.648073691538592,-0.3700418801821018,1.3986676637676874,2.246359104110095,3.785172982836036,0.12559986928387837,1.0311038473875216,7.290559869297277,3.5509197022815835,1.3607084845376596,-0.6312467188882853,8.4800216372809,6.785542303368516,0.059683336343226596,-1.0507287406124708,2.11509081604696,3.110740119529395,0.12927115321564733,1.4944192748175782,7.187784848106164,5.50218791761899,0.9404604389706499,-0.256650109907638,7.696176149921156,4.098974586788351,-0.16856450749135082,0.5787689922124959,3.4757554387427114,7.264689650886713,0.5734850994128383,-0.2323028660288431,5.527726696811248,6.842290054703175,0.7934866665850001,1.2729410473198766,1.8767453959834839,5.517623564679435,0.16103550207100223,-0.42123219490593145,2.987998745998126,5.273125039978858,-0.8444009768241864,0.9233037989981324,3.9708507247649405,8.176066291414458,-0.3481093600338302,0.1750778878290875,5.916656153309896,6.393705844656208,1.4848387784121728,-0.21272941057466876
32,3.343506595839143,5.949314093673739,0.147251492374938,-0.5544558155771427,4.290437161855067,4.409962399479612,0.34071769070603447,1.4607913797801337,3.8965568389369967,4.711899962641574,0.5834621112898405,1.3818726296910298,2.606921476238618,3.22776497405821,-0.4955250884523117,1.4157877265728533,3.038333187374358,5.825378336760019,0.6421474532224779,0.14523009139764093,3.0951080496555297,3.3083379480982886,-0.6556651215559873,1.3491120221742048,3.9122749372818895,3.3081085206920027,-1.2823959574111743,0.7258741060932624,3.9091865595728694,4.718007074726976,-0.3385111363447453,1.3666439835575739,2.252639097574289,3.836728175205412,0.10757835278197483,1.0601438859731844,7.35859529352416,3.5193573663371693,1.3506600454074544,-0.6524702611919815,8.483005804098061,6.733005866337892,0.001228947963175936,-1.0356044851936934,2.1215543737077427,3.185461083270274,0.17345511042524556,1.4899373559540567,7.234807870054696,5.489355412123608,0.8436692013779528,-0.22587369861270085,7.6877479245465885,4.127913036398976,-0.2390603334972865,0.6161573735744572,3.5044296937133534,7.253074507585271,0.6280975929278529,-0.18593449358850495,5.567401030140498,6.905937107069168,0.7901211683846847,1.2750327600773323,1.884797171087034,5.496561954934139,0.19044107806167912,-0.332696850305254,2.945778697156917,5.3192902299287645,-0.8099015163654308,0.9384506028540284,3.953445256763249,8.184820185805911,-0.3155129328316055,0.16534167548610998,5.990898092230505,6.383069374127475,1.4885840615114971,-0.18470920879570507
33,3.35086917045789,5.921591302894882,0.15289255456010628,-0.45445581557714276,4.307473046390369,4.483001968468619,0.3633156460682567,1.4553356112326823,3.9257299445014886,4.780993594126126,0.6622028926507046,1.3459150526556418,2.5821452218160026,3.298554360386853,-0.46436117795867665,1.426312972809555,3.070440560035482,5.8326398413299,0.7421474532224779,0.193615294282315,3.0623247935777305,3.375793549206999,-0.6552311796088077,1.3493228306333702,3.8481551394113307,3.344402225996666,-1.2580006033190532,0.7552118579586494,3.892261002755632,4.786339273904854,-0.3143591837800289,1.326267892554156,2.2580180152133877,3.8897353695040713,0.09542606988831714,1.104386518362253,7.426128295794532,3.4867338532775705,1.3384211537729875,-0.6772213929971389,8.48306725149622,6.681225642078208,-0.07221526948029025,-1.017093079606497,2.130227129229005,3.259957951067977,0.2139609601754615,1.484661815876193,7.276991330123593,5.478061727192973,0.7451122715512163,-0.19095747651721134,7.675794907871724,4.158720905077699,-0.3118731827805049,0.6346778122455693,3.5358345733597463,7.2437777829058465,0.7081504217166102,-0.15844477181345,5.6069070885597325,6.969688745073035,0.7834064208142189,1.2791694101357551,1.894319224990118,5.479927112418876,0.24040782463035892,-0.23269685030525397,2.9052836213386453,5.366212760071466,-0.7490820276016217,0.8904020589239746,3.937669610121669,8.193087269580216,-0.27148775904830313,0.16336971299692227,6.065327295306079,6.373833913687689,1.490263375658882,-0.1706313897552097
34,3.358513798185895,5.8988685121160245,0.12137052492181588,-0.3595528352495366,4.325638828693782,4.555768749030253,0.38706479428452295,1.4492000707374673,3.9588400891340236,4.848289346758908,0.7353436326829043,1.307390432071732,2.5589271629180685,3.3698700090273306,-0.4432976621925838,1.4329993659086488,3.107547932696606,5.842320606044016,0.8421474532224779,0.2486508734868743,3.02956323459729,3.4432596907386674,-0.6597884799173669,1.3471002790320887,3.785255109245378,3.3821628188945985,-1.239347346127872,0.7877523581226814,3.8765430435666306,4.852652668532562,-0.2995891215122486,1.2821513478306452,2.2627893187078034,3.944954695422184,0.0882055229870911,1.1502057651312043,7.4930493534831815,3.4528727836277135,1.3214345613161231,-0.7097962384792307,8.479456488022205,6.630370988097883,-0.15779719797188266,-0.9912870638765928,2.140925177237778,3.3341910418617866,0.25478416683430066,1.4782033108914858,7.314246943701154,5.468513853367112,0.6451122715512163,-0.15281166019106998,7.660201248732699,4.190454795689977,-0.38347301197743483,0.6446636235088922,3.571242094445577,7.235855544315174,0.7851123980063595,-0.12576456730276123,5.646077409600443,7.033647215579823,0.7789640408412934,1.281879488515283,1.906339616221636,5.468292269903613,0.2831812919326813,-0.13269685030525397,2.867829519958564,5.410732863017665,-0.6878319191211681,0.8384578984625488,3.9240952221692535,8.201255755230063,-0.22778539806063985,0.1627377090693189,6.139840464089023,6.365302344199929,1.4919047313561173,-0.15562863668756804
35,3.3645823244319857,5.880890870353547,0.03513040617982674,-0.29539462211095624,4.344992068408008,4.628228752567127,0.41295525204160094,1.4420360466407411,3.995607270768169,4.913658868362495,0.7980161475104093,1.270106384643682,2.5367622798084395,3.441519977322763,-0.43358171505898035,1.4359689747228221,3.14965530535773,5.854753149718359,0.9421474532224778,0.32377216893899224,2.9965738106014217,3.510614704690272,-0.6687676667242805,1.3426651883266214,3.7232877419389845,3.4215504368007323,-1.221847558022384,0.8221891562183845,3.8615635874910184,4.916760235924094,-0.3089612172759319,1.2323160831478754,2.267199594857158,4.0024649836787445,0.08568456353529648,1.192945049169748,7.559121081548987,3.417382971703752,1.2992484557500084,-0.7496355449358163,8.471566628123611,6.580806634904053,-0.2470476492982529,-0.9625567876495954,2.153664385579493,3.408101207406361,0.2937300764835315,1.4709597690518184,7.346502557278715,5.460873270357558,0.5451122715512163,-0.1106790322270502,7.641027598133827,4.222687976865422,-0.45593787742352554,0.6381746275097944,3.610497714345895,7.229567315950036,0.8632699898261227,-0.09001636569410339,5.685025611642508,7.0977411900055865,0.7760054730739468,1.2836726630100372,1.92049868081827,5.46165742738835,0.303802932912925,-0.03269685030525396,2.8334379240025056,5.452655757940792,-0.6240661727661114,0.7920977276213318,3.9127059522662218,8.209392640683529,-0.17574923186953878,0.16833630518025888,6.2144357006568285,6.35752091236555,1.4931143438230219,-0.1435602879279187
36,3.366338844740977,5.8661211392479995,-0.06486959382017327,-0.2611751067873173,4.365639831010088,4.700330554899164,0.4390128525947573,1.4343178571211521,4.035508078143689,4.977164187594679,0.8477862097582857,1.2374403187805383,2.5150831940554905,3.513318426058904,-0.4424700434299579,1.4332551275565322,3.1967626780188536,5.8709417581653085,1.042147453222478,0.41125577766167903,2.9631354272652075,3.577747964106603,-0.682578296471455,1.3356971472553674,3.6621953640378653,3.4626598946116514,-1.201497475803737,0.85860711733899,3.8461155266272216,4.978376040081487,-0.34236954318650015,1.1825630490330379,2.2714838230339227,4.0621122361372315,0.08206621104761318,1.228225217226236,7.624083504336488,3.379901194456961,1.2761099316865812,-0.788380265005961,8.459214245658698,6.532678795521573,-0.33092716184669957,-0.9338879489102002,2.168350889403669,3.4816491958589517,0.3291048075067771,1.4634514087170531,7.373758170856275,5.455339318746206,0.44511227155121635,-0.06554739060069216,7.6182307042626505,4.2545967082409115,-0.5401094169685847,0.627476071354828,3.653661213837201,7.225066497665331,0.9428262702006497,-0.05046784942060485,5.723825885296205,7.161924823156088,0.7744815560309628,1.28459266671107,1.9356888274639164,5.460022584873087,0.2832516403146775,0.06334619998390009,2.8022346153642,5.492260644321859,-0.5538316416019421,0.7515515726454407,3.9039184906727447,8.217809455942541,-0.12599413841422413,0.17239920251972213,6.289091417847979,6.3503428979691545,1.4937314100117585,-0.1369907834282444
37,3.3630953650499684,5.853062383908633,-0.16486959382017327,-0.2523624758657151,4.387590473639826,4.772046447755222,0.4624318061005033,1.4269396710115767,4.0778973886316034,5.039036203533706,0.8856856381632892,1.2106035479674127,2.4929596918839927,3.5849811824367306,-0.4692631018707664,1.4247077388793208,3.2488700506799777,5.891504547048393,1.142147453222478,0.5057409532712677,2.9290065124416347,3.6445328214693715,-0.7003949809048281,1.3264414313204052,3.602120490247678,3.5055902504786007,-1.1802718073138039,0.893158570929383,3.8289970494678967,5.037504192533139,-0.3945963309920574,1.1357843939808527,2.275587133586303,4.123523496998543,0.0719910308150883,1.2591902951032807,7.6878890009208165,3.340482181206663,1.2522759486307415,-0.8257148106222734,8.442667887566364,6.485984398076063,-0.4157349452119492,-0.9072071217693921,2.184806129779008,3.5548217662948045,0.35858135488420434,1.4565093243537468,7.396013784433836,5.452061949216171,0.3451122715512164,-0.01805556001330507,7.591225233414221,4.285970511808653,-0.6401094169685847,0.6321361595512248,3.7008025273472334,7.222543105194301,1.0234925499934353,-0.0037553257217980834,5.7625499630977535,7.226154456491642,0.7753076634912597,1.2840942437888754,1.9498514094796502,5.463189894872282,0.22830522369823766,0.1429575371688061,2.774543033284103,5.5298382229541305,-0.48799860351028257,0.7078217428572326,3.8976187837520335,8.226429416068527,-0.08341363220866535,0.17604733348793522,6.363777988348567,6.343493358797742,1.4937178856173947,-0.13713817188040767
38,3.35485188535896,5.840444260115348,-0.2648695938201733,-0.29294110345207985,4.410712063944851,4.843393431305801,0.48287081500304296,1.420153433970533,4.122181670539768,5.099566380932076,0.9077191620320817,1.1941716471595596,2.469496536790454,3.6562165693806965,-0.5055784123672538,1.4122289010455094,3.3059774233411017,5.916791594711956,1.242147453222478,0.5858777411626557,2.893986763396393,3.7108548930353917,-0.7157498523499127,1.318219309849874,3.543106899881988,3.5502481790250697,-1.1549722760924142,0.9240895191868292,3.8092672329182937,5.094293412232181,-0.46478670703537706,1.0947038595226923,2.2791866851270575,4.186483011753707,0.059167790356123,1.2864051440984894,7.750502798352354,3.2991964406755496,1.2269408353586506,-0.8629114592641685,8.421881140305766,6.4406240419875935,-0.4970598146062516,-0.8814309024014112,2.2027351975232183,3.627647232512492,0.3791620386589998,1.4512877552160188,7.413269398011397,5.451159171215505,0.24511227155121637,0.030965213159073475,7.5592197625657915,4.317577319786214,-0.7401094169685847,0.6565347486854411,3.751977154846905,7.222355338908211,1.1043361416834987,0.051086109233798846,5.801315346272316,7.290359168681086,0.778530797352535,1.2821426588229665,1.961266670664562,5.470337771730722,0.14197364758930517,0.20264785766059687,2.750143103108589,5.565229310096992,-0.4325527476543408,0.6656241219885498,3.8934481021416003,8.235231782742924,-0.04122150390799854,0.17938224353796975,6.438463882629437,6.336636450203722,1.4937337136142947,-0.1369656628942021
39,3.341608405667951,5.825797204942743,-0.36486959382017325,-0.34231992768608865,4.434855604695003,4.9144011030043275,0.5022824045856479,1.4134045372941388,4.167567628641372,5.159274963290055,0.9245766640836732,1.1811680626531968,2.4442176161720917,3.726828014432972,-0.5396669649346117,1.3995569180845289,3.3680847960022255,5.946085481770089,1.3421474532224782,0.620001626794217,2.8581992707788975,3.7767658585278854,-0.7312371152921856,1.3096916741046967,3.4853582860773673,3.5964526549844114,-1.1226349264391702,0.9517442981441961,3.786027897566525,5.149028605208316,-0.541701500288322,1.0760394756344478,2.2821450746448635,4.250803268958632,0.04835961604400828,1.307853529813974,7.811849840120287,3.256050867712341,1.2001425188065056,-0.8998099435729618,8.397028149575453,6.396552496867523,-0.5736563428979539,-0.8534195505776044,2.2216932994561684,3.700211620273293,0.3949236167198024,1.4470782069248884,7.425525011588958,5.452707431873459,0.14511227155121637,0.06553672967289795,7.522214291717362,4.350404057220486,-0.8401094169685847,0.6917449885726787,3.80719396193108,7.224909644369901,1.1821729174632227,0.10889577205270753,5.840241886139943,7.354466301622234,0.7835233321930648,1.279097802323605,1.9683653530440273,5.4804701646137515,0.0450903565832169,0.2645023989623242,2.728515465725872,5.59851051619642,-0.41572355948629197,0.6399159830458313,3.8913870269462003,8.244200894919823,0.002108748262564207,0.1830250495762302,6.513150568310151,6.329788167059012,1.4939353453242281,-0.12539736619348607
40,3.3233649259769424,5.808681208558439,-0.46486959382017323,-0.3932629923757249,4.459969724924286,4.985071329869035,0.5256179438897739,1.404893510932799,4.213796461845556,5.218333366422715,0.9384172068764046,1.1702021816072157,2.417234267925361,3.7968058603371984,-0.5628502387216294,1.3903954864609582,3.4351921686633493,5.977085563109799,1.3775191742501602,0.5936673517830979,2.821637415014288,3.8422504422331203,-0.7486540714761553,1.299814248753327,3.4292265397554087,3.644039869891621,-1.0862755477436823,0.9794429043968664,3.758942822552109,5.202830578990039,-0.551906153730228,1.0640016507950942,2.2845630554470637,4.316195945449331,0.031266918721639655,1.3216951946050812,7.871856966060612,3.2110603705336933,1.1734188355458932,-0.9343919072777331,8.368345332430556,6.353881519338643,-0.6508593126874589,-0.8176089548267957,2.2414394802921587,3.7725655306195374,0.40214252720085497,1.4450887127842738,7.432780625166519,5.455984268357104,0.04585116053017449,0.06272796565477956,7.480208820868933,4.384991306649121,-0.9401094169685846,0.7271765047431804,3.8663026078042413,7.230354432972536,1.2513361385840571,0.16263648803323733,5.879418052749597,7.418421191738415,0.7897410259732439,1.275268250955354,1.9706198708731881,5.493695284561868,-0.0549096434167831,0.3225563812201672,2.7077292877515573,5.630506315348711,-0.43250862531604584,0.6289770771212727,3.8914924643593287,8.253352147398635,0.046929903333822756,0.1867521008194162,6.587847335576363,6.323518298749337,1.442837284716318,-0.09123271098489842
41,3.300121446285934,5.789018058939653,-0.538076656303007,-0.42788295554482275,4.486250622118774,5.0553160054156745,0.5488194345047238,1.3959932765991083,4.260717322189376,5.2768434755030755,0.9532593172838306,1.1581436327207284,2.3890917559892797,3.8663256346602464,-0.5708557614694034,1.3871278598590642,3.504068127375857,6.0067689306989545,1.3813073130556424,0.5847992022044849,2.7842047114404807,3.907241154670787,-0.7660559285873509,1.2896349538827532,3.3749127623682247,3.6930120151114645,-1.05324189364994,1.0054986516674504,3.7313475148655977,5.256030661529794,-0.5409210191882396,1.0487362336960953,2.2861264013831457,4.382280705179585,0.001453968825780888,1.3405064801008393,7.930527907837907,3.1643407751698067,1.1468838351005517,-0.9667768453914534,8.335802366796182,6.313001071597303,-0.7241731509309434,-0.7768396400608656,2.2615466066522014,3.844819966258751,0.4087991428709232,1.4432197548495511,7.435073183193027,5.459120666639842,-0.034862534757529984,0.0208585130590688,7.433203350020504,4.42135013188628,-1.0401094169685847,0.765617477309785,3.928869414733444,7.238486257374198,1.3082116833705104,0.21139759357065188,5.918905104048259,7.482184604286182,0.7905387667551133,1.2747738851487758,1.9678743887023489,5.509823103622876,-0.1549096434167831,0.3783564257567578,2.686103856485755,5.6619551692047745,-0.4705359535688382,0.6269303853086978,3.8938389595260197,8.262689752439606,0.09305564314667371,0.18958273042894142,6.659989199812179,6.318956663200092,1.342837284716318,-0.04081453671808323
42,3.2732176134707833,5.767623911162412,-0.5997866026969737,-0.46269830273949436,4.513691593844011,5.12511566924563,0.5717870648610595,1.3867442274830548,4.308380288053567,5.334750657139112,0.9733459433873743,1.141314012220713,2.3605489679158094,3.9356820276531996,-0.5691877250591975,1.387813147956862,3.573133493028639,6.036008890809179,1.3818797171357127,0.5834453250896121,2.745901915011113,3.9717229023649243,-0.7861322171225947,1.2774960419515646,3.3222506676857275,3.743286947694837,-1.0233303159483713,1.0209072868069158,3.7043014639061855,5.308467473214598,-0.5302954377449298,1.0327266764489333,2.286199099824435,4.449306029184626,-0.0368417472215061,1.364841256502359,7.987872099592934,3.116001932900234,1.1204413981963814,-0.9973018967232229,8.299593709249635,6.27415908959426,-0.7786442443471574,-0.7351613663830396,2.2819865637957477,3.9169809540012284,0.4187063280232475,1.4403766906171762,7.4333300564551505,5.460163592292796,-0.09482813930121589,0.00433014506285298,7.381197879172075,4.45963100575177,-1.1401094169685848,0.7954949671150066,3.9942799989019697,7.249056137052731,1.3555347136038935,0.25525951917261114,5.958432042386015,7.545923298543621,0.802036278310639,1.2675716185973946,1.9601289065315097,5.528740924910714,-0.2549096434167831,0.43476131438667115,2.662577058807313,5.69330168847021,-0.5214069145196897,0.6316819129906446,3.8984917416833533,8.272168888961053,0.13868239969555524,0.19117118285007018,6.727131064047994,6.316915936364188,1.2428372847163178,-0.030653863308382837
43,3.2432282833359345,5.744488996025437,-0.6514040045352764,-0.4877771596845322,4.542280947087064,5.1944528806197825,0.5897281898388557,1.3792101587899457,4.3570475852229364,5.391816357750147,1.0043076541209481,1.1141661168219388,2.3320895816628493,4.005072685051043,-0.5612779084526461,1.391030952021925,3.6422274788854248,6.06518115706366,1.3797327182742203,0.5885045676319182,2.706595304154983,4.035597704462503,-0.8046441273325251,1.2659177810384368,3.271084151888309,3.794332312035183,-0.9951679468163294,1.0302300023575768,3.6777866920189393,5.360103807037045,-0.5132116677082325,1.0137884449807326,2.2843570124633596,4.517548092009744,-0.08120676582769201,1.3924524287016085,8.043894169502753,3.066136838064073,1.092216640061087,-1.0281355996042885,8.260661497032277,6.237401021275108,-0.8019094019871377,-0.6856216692127821,2.30292188019691,3.9889997885320874,0.4222927460608979,1.439329300967762,7.42858864949009,5.460380099545938,-0.15483290409651923,-0.01983764892632854,7.324192408323646,4.49940575410752,-1.240109416968585,0.836320465219102,4.062056734582164,7.261819113011362,1.3949214151877558,0.2949526839980506,5.998533856301547,7.609301879473491,0.8165306357631914,1.2582836408616933,1.9473834243606705,5.550478990630047,-0.3549096434167831,0.49101237534934816,2.6365067130813284,5.724885784119742,-0.5768582778448087,0.642123610379532,3.905425861668131,8.281727448103556,0.17887111157719282,0.19572715663320558,6.78927292828381,6.315383243198768,1.1428372847163177,-0.022503463832093087
44,3.2106580831091707,5.72010013804121,-0.6970636598678417,-0.49925797911845976,4.571767356579007,5.26341338855928,0.599605851538702,1.3749446617229901,4.407262967928983,5.447524663591244,1.0322369533873403,1.0883413398661386,2.304025686240217,4.074624232652139,-0.5546990917294718,1.393667434373961,3.7112141147991355,6.094606385445256,1.3750144654641197,0.5994457604858183,2.666363097788357,4.098893593514425,-0.8248597449682897,1.2528393357214038,3.2213257545474927,3.8458438121530616,-0.9654626101263803,1.0349420240809664,3.6521261086335275,5.410793229286082,-0.4992482023156429,0.9953843366948287,2.280296674171975,4.5871707134448245,-0.1278173536630039,1.4325055459768465,8.098505001505808,3.0147300580838587,1.0608709790677562,-1.060449322585394,8.22056602693292,6.203119937814469,-0.7943845227103852,-0.6160056852497694,2.324036517499955,4.060966253580475,0.4176750821940475,1.4406760655033441,7.420847004285264,5.459388217099622,-0.20545826410857368,-0.04187660640294445,7.262186937475216,4.541221777368475,-1.2528697449180783,0.8248135560651931,4.131802805341552,7.276566747211264,1.4252975693720973,0.33408934409708013,6.039360388089706,7.6722160615165755,0.8358978169137647,1.2455018425031745,1.9296379421898313,5.5750296093975145,-0.4549096434167831,0.549132494921034,2.607663799189088,5.756991964638718,-0.6406865971559507,0.6607704347394259,3.914369417246991,8.291513805935216,0.22262282223049787,0.19831149836040277,6.846414792519626,6.314258070007164,1.0428372847163176,-0.009351400939179268
45,3.1758049001157787,5.695137239085287,-0.7387707404704875,-0.48631534310542873,4.601747649155942,5.332160621645429,0.6149486944794267,1.3681513451216019,4.45887481559835,5.501941730584551,1.0461112768132284,1.0750121843608087,2.2762907316537433,4.144307604370837,-0.5370895589789634,1.400548037603774,3.7799648380723414,6.124578673469546,1.370099810592012,0.6105952088050912,2.6251201105399424,4.161535560300495,-0.8465475130017941,1.2382880554339837,3.1730526240411736,3.89759091335711,-0.9331539899119181,1.0343072828100517,3.6271636985177453,5.460562446120823,-0.48352123217947723,0.9798370790330093,2.2739058064888247,4.658795990743667,-0.1758538514943485,1.4779417852194003,8.151548550459196,2.961707591954589,1.0286695631940403,-1.091713758161077,8.1808468007974,6.17231965355198,-0.7616140618663453,-0.53767007819792,2.344920271609657,4.133000056855643,0.41232266694819075,1.4422170496567883,7.410574091079835,5.457294386779475,-0.24074283098784616,-0.05442376857812298,7.199543450229313,4.582462455171735,-1.2358571778042644,0.850092369139777,4.203067683810157,7.2932712144161185,1.4486543661731874,0.371457224441471,6.081155278935395,7.734491153641734,0.8585196215217956,1.2300179102200393,1.9068924600189923,5.602486234143566,-0.5549096434167831,0.6039664435332471,2.5756294693312904,5.79003048637569,-0.7067633228773099,0.6848105734608919,3.925500558358516,8.301429380853236,0.2726686284000078,0.19594468937224882,6.898556656755442,6.313790499960206,0.9428372847163177,0.0006243371391765219
46,3.138866363092254,5.670821471930015,-0.779724799832899,-0.45248297187053493,4.632495083879913,5.400568188901509,0.6199386434519575,1.3658975358184622,4.511180379439012,5.555692339802591,1.0619853579536689,1.0593333278491799,2.249436253704795,4.214335006251026,-0.5090173844145189,1.4109930199557337,3.848469828601942,6.155108433909801,1.365239163420249,0.6213871793524378,2.5827927348898525,4.223449963072194,-0.8661687325534879,1.224643510065964,3.1263949245455778,3.9493062774976124,-0.8994706064471049,1.0259955469714,3.6029876369087717,5.509554300072474,-0.47168680148489717,0.9665785980073135,2.2651131139141074,4.732693080004637,-0.21584348878891185,1.4843892981113245,8.202982028618898,2.907121904046535,0.996167236937365,-1.121450327055361,8.142766097704083,6.145436149642085,-0.7065538957458161,-0.4616812431015608,2.3655364049570666,4.205110909338482,0.4105619262882279,1.4427192743851798,7.398536949530443,5.454573198350569,-0.2230582267603033,-0.06392252495701206,7.1377505913391,4.624967073628723,-1.2192072482254643,0.8738041461760699,4.2755004021188165,7.311844075638192,1.447501880427543,0.3933679017900765,6.124081260011485,7.795992049152736,0.8832988358560323,1.212346141403262,1.879146977848153,5.632684556320228,-0.6488353042654006,0.6669142770713026,2.540291303187425,5.824271015048734,-0.7763343828195554,0.7206469005368502,3.939133989778516,8.311226615321848,0.3256835207397142,0.19193599426157015,6.945698520991258,6.313821716817165,0.8428372847163177,0.022890731039094128
47,3.0998801231006095,5.648197323336489,-0.8030526436777896,-0.39912292691432766,4.663492016052511,5.468863065692433,0.6267487626650659,1.3627861125274974,4.564279647336695,5.60865900619505,1.0756911607569521,1.0454130890080535,2.2239853844840693,4.284884657248813,-0.48805523980611876,1.418380091124305,3.9167317867729543,6.186177792877423,1.3596741612724104,0.6334715267225256,2.539484298262178,4.2846821385754925,-0.8839271685019652,1.2118880974677895,3.0814213942232227,4.000606054846182,-0.8638819724329753,1.0112347725973918,3.579403296834527,5.557883229972839,-0.46261667477257495,0.9565248150972049,2.254320939474662,4.806912544910203,-0.2685406248836526,1.4757662188799068,8.252790390465766,2.851049387693767,0.9637962301110474,-1.1493897627975171,8.107438402916792,6.122352087487006,-0.6462307467799805,-0.3744504772820112,2.386064501271478,4.2772468730577415,0.4035683306904968,1.4446911789249928,7.387384038192428,5.451377072102718,-0.20383170401660136,-0.07121375477130307,7.076790228927827,4.668657280937527,-1.2000448055797672,0.8999402561287156,4.347875496140194,7.331512470727696,1.4441046629325327,0.40566207919463815,6.168246201804286,7.856609356222899,0.9078364485778343,1.1940824856908274,1.846705212634883,5.666030270173794,-0.734926220660588,0.7347433018630201,2.501474584046447,5.8603033600755765,-0.8522741275304776,0.7762246674321444,3.9554181658155017,8.320823415034926,0.3918443605357805,0.21675995194322603,6.9878403852270745,6.3149662533691195,0.7428372847163177,0.052216538133668104
48,3.05972749091672,5.628241176990772,-0.8025501694442815,-0.32279101344310573,4.694829454185764,5.537002371318808,0.6446747678795153,1.354398185047327,4.618064205374543,5.660929660645452,1.0773262420038143,1.043728014518121,2.1995826224937636,4.3558036618050275,-0.49072636511201967,1.417458159729572,3.984715494836575,6.217851369213549,1.3531098423041439,0.6473745088120592,2.4952879398370795,4.345276543448882,-0.9007896434125068,1.1994073612917209,3.038227295601574,4.0511677934760515,-0.8256218135365291,0.9919005934344127,3.556272463095898,5.6057094707276995,-0.4583321010536695,0.9493314650503318,2.2408939082304795,4.880700855854198,-0.33721754155256306,1.4616033421107266,8.300980201971319,2.793579899553891,0.9316629941371128,-1.1755866898512717,8.075126865577793,6.103629563622905,-0.5853977873664521,-0.2821066164173719,2.4062429178060025,4.349481432003991,0.3939545119959087,1.4473423376928023,7.377192452991598,5.447816384364153,-0.17947856640425852,-0.08267696103269948,7.016787988648838,4.7136542937439625,-1.1788237920597142,0.9275637267993806,4.420080729286821,7.3517955746874275,1.4379152351200828,0.42708286855077354,6.213638024233178,7.916313480507441,0.9317104684214913,1.1755490644944622,1.8099589016018536,5.702767435266945,-0.7716695456556288,0.8045231389945203,2.4588608776699235,5.899114593447184,-0.9284726517671567,0.8362425273679048,3.9750103838422906,8.331661412632087,0.45303405374828964,0.24324352943307895,7.02498224946289,6.317577080275803,0.6428372847163177,0.08691874379162709
49,3.0195999824445057,5.612101626318617,-0.7840040575625485,-0.22805871697627833,4.72706319257974,5.604722280571174,0.6342060864376105,1.3593316887079068,4.671930517474733,5.713116061371358,1.078265560583178,1.0427575848970099,2.1750463042381627,4.426676569791506,-0.520155902177796,1.4069249579951317,4.052370986951782,6.250220094654152,1.3460414719950624,0.6619458857560527,2.4502484576664543,4.405246911513467,-0.9211921011100843,1.1838095762631708,2.9969462049247473,4.100762823147772,-0.7879392415293498,0.9725386027441814,3.5333558580432145,5.653176043980216,-0.4575396681047226,0.9429577205923717,2.2240330311528513,4.953781022959735,-0.4183739915437136,1.4404732566763538,8.347563351678174,2.7348005650613274,0.8998548075351658,-1.2001088806253581,8.045856976209471,6.089524232802037,-0.5304421618323945,-0.18210661641737189,2.4259406434057977,4.421848548888631,0.38324162544890916,1.4502157965362528,7.368218524671385,5.443682536312519,-0.1416153058966749,-0.11384121677095783,6.957846799045853,4.7600324800839315,-1.157402050601454,0.9541595743184415,4.491976491042825,7.373149718114966,1.4315605772761002,0.4479222182353976,6.2602235476542525,7.975090933732163,0.9548692210225969,1.1568166539014295,1.7713754243190722,5.742993592216671,-0.8069272368005721,0.8711621689742262,2.4124372450815654,5.940926719815579,-0.9936482029432279,0.8911529606602937,3.9976620865297052,8.34382358910374,0.5166989788467088,0.27826936447031037,7.0571241136987055,6.321923017465385,0.5428372847163178,0.11464839810376087
50,2.9803997795663784,5.6006986904698035,-0.7556824039580411,-0.12805871697627833,4.758773496901621,5.672688865006569,0.6402167799485172,1.356511140637021,4.725843795503891,5.765253940616208,1.0830052765464844,1.0378340768024883,2.149038509129273,4.4970228176912626,-0.5678226653792271,1.388372219788926,4.119673060551535,6.2833173889419545,1.3423203765745697,0.669459488417862,2.4041888526109503,4.464437390326626,-0.9470122251209698,1.1632574287196404,2.95754924284828,4.14938975328498,-0.7570466727026743,0.960385812465985,3.5104788746379785,5.7003239300098345,-0.4591857565409685,0.9383345343766134,2.203114331575666,5.0258046857935526,-0.4968308965320476,1.4153300181410557,8.392556092054932,2.6747951210300593,0.8681860481997943,-1.223214202709903,8.019334868117852,6.080418901981169,-0.47576893714481816,-0.0874164842762586,2.445102724678243,4.4943593387154435,0.3807210705473012,1.4508795492532511,7.361137759376551,5.4379904754739705,-0.09653493618575265,-0.16210575601274863,6.89997669651578,4.807740458799854,-1.1363142660990733,0.9791781700281745,4.5635545199066305,7.395545829026736,1.4257879259140847,0.4659708041472254,6.307967008705383,8.032931766427234,0.9757024812885731,1.1393000781213534,1.7310290624790436,5.786551700665382,-0.8400871543935744,0.9526158261244947,2.362754834934404,5.985484367848594,-1.0462138669961911,0.9352902358792573,4.02349703547204,8.357737057327256,0.5822047397548357,0.3199568411052896,7.084265977934521,6.327655437370573,0.4428372847163178,0.14224444860463062
51,2.9426156593684762,5.5942957546209895,-0.7268135081889219,-0.02805871697627832,4.790784335899047,5.74051442203842,0.6493177733629907,1.3521784013934435,4.779994059331216,5.817145644456333,1.089811866209513,1.0239304112598857,2.1206473758603117,4.566441428680709,-0.6140595299825963,1.3685506543922856,4.186789079380263,6.3167903633628475,1.3427423080172787,0.6686128134132876,2.3568382413549016,4.522600261762609,-0.9732248691579167,1.141417256770089,2.919696909213146,4.19740904390828,-0.7330573275693697,0.9538337607131793,3.48751958681093,5.747240656728665,-0.46004414277441746,0.9372028452937823,2.1782727867490634,5.096571186700605,-0.5685832161199871,1.3880609231394176,8.43596539446492,2.6136344108945644,0.8372546897236337,-1.244590127124501,7.995546421260611,6.076048077767356,-0.42113019374424443,-0.014051821152174127,2.464138778205608,4.566903316178106,0.38076987675081886,1.4508667412823157,7.3563110125672635,5.429885187673333,-0.05063340818492104,-0.22685877582247155,6.843160983210826,4.856699367301263,-1.1143604131141318,1.0040920623548926,4.6348439162023345,7.4188443692340975,1.4214787993806257,0.4789551366374674,6.356752132769811,8.089896770333302,0.9974656251762404,1.120295642494325,1.689024704759365,5.834182491971607,-0.8551240636757819,1.0526158261244947,2.3104441415845947,6.032248879642557,-1.1106331305974941,0.9982729023717195,4.052607272459782,8.373734899382521,0.646369044488112,0.3631872435749246,7.106407842170337,6.3347676598008045,0.3428372847163178,0.14708783300464073
52,2.90627498395903,5.592892818772175,-0.7036708291532583,0.07133127716816139,4.823250224567197,5.808123342108092,0.6792476061286304,1.3373939918993671,4.834484652641692,5.868342165019327,1.0925333736842933,1.0047304796383343,2.089944399361182,4.634868961400323,-0.6559233480377648,1.3489864941869985,4.253926194781127,6.350221004033512,1.3449978899033692,0.6640637591041121,2.308176997897006,4.579671124601113,-0.9943693029960639,1.123044829585677,2.8830440428346775,4.245100731943939,-0.7128264009960932,0.9514459872813417,3.464517379672209,5.794100798993354,-0.4620838483638311,0.9384771811438125,2.149843625943064,5.165974232857576,-0.6332698215365029,1.35976811741235,8.477828128951103,2.551404904538339,0.8116456476192134,-1.2614401859385913,7.974489911573399,6.075345486709748,-0.3706914141517304,0.024133977969682564,2.483177272043149,4.639446653242222,0.37618748487927334,1.4520616296218996,7.353779342158018,5.4185422488822095,-0.086744739170944,-0.2891552021187057,6.78744296255512,4.906903970419008,-1.0912727834935085,1.0291373630406826,4.705917856171366,7.442792126065971,1.418560323086375,0.4875311372262071,6.406625414028623,8.145911552458019,1.020599136407193,1.099262208376551,1.6462685015755758,5.8868132832778315,-0.8159432305745092,1.1526158261244948,2.25491248505472,6.082162524761143,-1.0986306880199797,1.0212789096719597,4.0849257246841875,8.391894261561267,0.7009926185065904,0.4055626174152566,7.123549706406153,6.342122051451036,0.24505452385778204,0.1457794042291216
53,2.871091442501367,5.5964593826305835,-0.7190504174592085,0.1568897512320347,4.857212604873628,5.8749930417030605,0.7289017301512861,1.3109928557328074,4.889111321325906,5.918578689001244,1.0902214954054417,0.9834890650913677,2.0571482319592937,4.702318286109673,-0.6668765398804553,1.3436054780169182,4.321176089276295,6.383424191988717,1.3507502771408697,0.652283442073968,2.258458532747203,4.6358233660803965,-1.0121653290306571,1.107032676441062,2.847402722784873,4.292673031308007,-0.694222907722835,0.9515002756865683,3.4414131872540175,5.841024658050545,-0.4665428558207298,0.9423566451889794,2.1181801348662392,5.233962638728194,-0.6910927093267898,1.33131170922341,8.518410411332063,2.4883328952414097,0.7859236758329613,-1.2776243484550558,7.955955340865812,6.076552185608231,-0.3328830733638428,0.024659938808104742,2.5019866462871123,4.712049734723316,0.3665446060122953,1.454525713696149,7.34944210519947,5.404084488776274,-0.1340067521294706,-0.38309550782854457,6.732879323380444,4.958360838571042,-1.0689500269934349,1.0523050127176699,4.776845872325685,7.467168682927281,1.4173319564261795,0.49109075056769147,6.457655370848983,8.200874662876846,1.0465575082865246,1.0745777691024048,1.6054713400468503,5.944444074584056,-0.8071096955589262,1.2526158261244948,2.199980950653721,6.133226470244741,-1.082577938249921,1.0382798310737575,4.119975355609517,8.41217239243203,0.746514640753905,0.449877502554722,7.135802432599042,6.349411021662492,0.17683555951947943,0.1342252830030493
54,2.8351389216284066,5.604303870192186,-0.7367262151004859,0.2475963499907322,4.893657691381192,5.940542684489701,0.7874161648598722,1.276705049460278,4.9436223960961785,5.9677531422558125,1.0912463387852969,0.9549782203838787,2.023804404965271,4.769498560010518,-0.6526523997758886,1.3505720436417947,4.388713603133339,6.416038364092415,1.3602062892033944,0.6323281195799628,2.20785026629567,4.69117499990245,-1.03164312494934,1.0889042486576863,2.812691577398731,4.340248045092335,-0.67955825626934,0.952016082873753,3.418086044462981,5.888142490309994,-0.4720270870096231,0.9499868510884565,2.0836254993998997,5.300528224189365,-0.7405458777495628,1.30445076677816,8.557706595123712,2.4244516778186567,0.7837764116006158,-1.2789427417278936,7.93931118719762,6.077785182548636,-0.3168343901377343,0.009836531873366583,2.520313876587727,4.784776020408124,0.3540455822114046,1.4576185117226617,7.3427417675929965,5.384929713384847,-0.18617718970385722,-0.4830955078285446,6.6794318220307725,5.010976089206926,-1.0608058642559817,1.060514459288566,4.847712470146994,7.491723220455666,1.4170050932985236,0.4920330939744223,6.5099832462633085,8.254603551331966,1.0722699963152313,1.0489218536202467,1.565115855268904,6.007074865890281,-0.7764426580268868,1.2834082743991262,2.145852053741225,6.185140461798429,-1.068102458317417,1.0531652949733439,4.1573010876472125,8.434666267559766,0.7901462718898455,0.483887614840336,7.144644210575016,6.356122285812645,0.12055666318769231,0.11248524580021423
55,2.798302610873382,5.616683687691722,-0.7610101651312895,0.3327667501334019,4.933028499624186,6.004377936962715,0.8348121503242305,1.246229783655901,4.998184713035443,6.015502053275006,1.084535205960876,0.9303454803631267,1.9911717849764763,4.837027162192608,-0.6487522380770034,1.3524498266442566,4.456723917593509,6.447654770071414,1.3708153176974054,0.6089871630553156,2.156268110048203,4.745620212335334,-1.052007736719419,1.0692425926245575,2.778713664585264,4.387848849236023,-0.6721276894220156,0.9523528853684651,3.3944846901125,5.935641832864417,-0.48096539805002453,0.9629163025540631,2.0465982055124217,5.365750762528273,-0.7797856014582535,1.2813798873707944,8.596895415703742,2.360504540732262,0.7813620779755563,-1.2804191903832591,7.923469467690733,6.078277009142305,-0.27937864658648004,-0.004380046133377802,2.538016155698297,4.857656945994257,0.3356084467662763,1.461973655870422,7.333432908107803,5.36077493799342,-0.21622489249316384,-0.5830955078285446,6.626391528817973,5.064001812171354,-1.053845603952956,1.067431235737942,4.91856272481192,7.516324875154387,1.3974389879923752,0.5154561696503867,6.56359674607907,8.307049644012979,1.0967173846958547,1.0233332683470644,1.5262937223675597,6.0712452796102365,-0.7539920199499661,1.296725118848158,2.092446930825354,6.237798726547097,-1.0425689252278225,1.0784479756341068,4.196808401241705,8.458860648301783,0.8250922843867938,0.48943599701828494,7.1506720437344,6.361746548102656,0.06816391220922247,0.09000869784374754
56,2.7602521026168176,5.633322025198392,-0.8037112127902097,0.4060466673735447,4.974769107140397,6.06668942614551,0.8664963154223417,1.2244117507438035,5.052411473333487,6.062019327293163,1.0759700348979295,0.9159289168522319,1.9587341730726262,4.904649653524821,-0.6514679843385165,1.3511437619224353,4.52526468347838,6.47810412822418,1.382299145040184,0.5824509194955196,2.103667723212232,4.799082341966562,-1.0774645617206433,1.043585223274143,2.745107280114163,4.435466493504446,-0.6753105107703251,0.9485491557300078,3.3704364202099986,5.98378764799212,-0.501064118540957,0.9877590535802167,2.007608925439509,5.429819756896812,-0.8230341491827072,1.2540393890460924,8.63596351960252,2.296483581213099,0.7785686149394622,-1.2821196948145082,7.909500535361409,6.078058006835636,-0.2485262870531701,-0.02286360741076733,2.554796578036611,4.930755628787778,0.3171182448416356,1.4660955012510475,7.322621663483146,5.331620162601992,-0.2149767879953735,-0.6830955078285446,6.573699248620326,5.117373373958252,-1.042288489163963,1.078719011307534,4.988434674211539,7.542097683636906,1.3826964302879265,0.5117497624759186,6.618432615313862,8.358216307430332,1.106059615054302,1.01322856648731,1.4885941213700613,6.136081535552645,-0.7432399623408875,1.302917632998923,2.040318484563963,6.291721125328802,-1.012612236022849,1.1066239015387325,4.238063015461044,8.483332448152698,0.8633992835933368,0.4970912964732124,7.154080239344862,6.366246982994843,0.02216843834752813,0.0644312361242346
57,2.720066541977307,5.65362435856707,-0.8658645938994474,0.4745638873938389,5.018093922911515,6.1279100136827,0.8931752405177161,1.205088374239051,5.106209975078384,6.1078157731357745,1.0710839869833053,0.9154836349052002,1.9261607738557003,4.972206841620943,-0.6102672634182311,1.3702459148634685,4.594379640730389,6.5072266741989555,1.3893629002439956,0.5653943149922833,2.0497944951262,4.851261603130269,-1.1062085252498686,1.013065989294138,2.711341754575647,4.482893951290946,-0.6816513407983822,0.9373813083648669,3.3453832142829505,6.033175600671131,-0.5338868109352136,0.996398628376178,1.9664572179803734,5.492521726349117,-0.8546065987033937,1.232739859602429,8.674891950349492,2.2323775964723733,0.7753700550900333,-1.28405657105506,7.897074221008751,6.076914826465098,-0.2360325678926133,-0.04922876835284497,2.5706524902786927,5.00406040385033,0.31150623218642515,1.4672981521521171,7.311872824083377,5.297465387210565,-0.20702403081563642,-0.7830955078285445,6.521584824162128,5.171309324523628,-1.02656572997171,1.0936922794130215,5.057569495725935,7.5676851717607025,1.3687857448082856,0.5077528422628154,6.673735596066577,8.408877735754698,1.1132003635745926,1.0053780137527348,1.451432123253017,6.201227417202591,-0.6769678773772386,1.3385493987893597,1.9896878727628204,6.347052320405739,-0.9959307242283048,1.1216603730800534,4.281232979640711,8.508187012976359,0.9058182969743411,0.5088065365046932,7.155188661262238,6.369468544801055,-0.014369977799703927,0.03273110184689085
58,2.676773312282335,5.677352552936762,-0.9233567487361021,0.49421686199939924,5.062752684937401,6.188164432394653,0.9072661218740438,1.1945158785464647,5.159764174427549,6.153589954881035,1.0768100722140135,0.9097759421777537,1.8956474106847887,5.040719137364116,-0.5673894602054613,1.388549315093906,4.663847785742589,6.53549638994857,1.402899904597917,0.5309160552094423,1.9944840688637064,4.901914902594976,-1.139190105745703,0.974092145242777,2.6772591875357277,4.52976301670919,-0.6919800195851368,0.9206060579299914,3.31868887373619,6.08299553208994,-0.5784796563751246,1.0039493336004535,1.9237268880452036,5.554158719329238,-0.8858936965896558,1.2104513035817324,8.713660453103994,2.1681747679196204,0.771865513973568,-1.286166252215599,7.88527259261412,6.074453388047456,-0.2329871568571948,-0.07989151359019543,2.586227801888014,5.077425311457936,0.3079091842046311,1.468057197210803,7.301521622542595,5.258310611819137,-0.2054540254732721,-0.8830955078285445,6.470256537663542,5.2259939384942795,-1.007313246069789,1.1114495149543884,5.126008782966349,7.593072813873843,1.3424883126240663,0.5168698979471434,6.729395614245306,8.459146636442336,1.1178969076434164,1.000153240199364,1.4175837293841551,6.268154887142059,-0.6178997305907519,1.3668211012915612,1.9398913365514052,6.403135339059742,-0.9633753765472592,1.1176964380773688,4.326523894489428,8.533627339801594,0.9528901770764987,0.5252414086551144,7.154470162372252,6.3711050998934,-0.0393366751945518,-0.0051835676668115505
59,2.6306054748455296,5.702063396036732,-0.9975070428015775,0.5188209321860142,5.108115991031103,6.247890226321976,0.9173363890179121,1.1867998775630109,5.21360467803825,6.199078751989923,1.0907251237338842,0.8955274518441966,1.8672779376745157,5.110146603118811,-0.5248875083914828,1.4051665750132902,4.733992780972485,6.5620421927090415,1.4093034012176586,0.5136768666353768,1.9375245635764213,4.950619509857115,-1.1712413173412384,0.9051926448727513,2.642660186556471,4.5757933196056895,-0.7026507098236126,0.8977703502655017,3.2897648909174335,6.133192998769962,-0.6360787657863641,1.009638215847067,1.879432203215721,5.6146812845083245,-0.918246932634512,1.1860955150017682,8.752253728802673,2.1038664553088404,0.7702004605674629,-1.2871640340460373,7.8736232347712605,6.070458812367946,-0.24105987732523906,-0.1123945999187019,2.6016232610982453,5.150828171318476,0.310592794798382,1.4674917770874665,7.291248921268932,5.21415583642771,-0.20123850969580342,-0.9808387567680587,6.4198908753600525,5.281566414241999,-0.9896579136832953,1.107789208992422,5.193133198597552,7.6189163087712,1.3272148086648874,0.523431833640169,6.785290459627477,8.509154298452303,1.1233096272372673,0.9940701591719125,1.3866887428546175,6.336495942206637,-0.5596560600549125,1.39168426535756,1.8917225677240423,6.45902016096361,-0.9334880281337918,1.1162755472580874,4.374168403343253,8.55988941023435,1.0068087533170382,0.5430459418982937,7.152503328612525,6.3708459215100595,-0.043742887837340684,-0.045671792888445466
60,2.5807301227054507,5.728004442646033,-1.0941342722537106,0.5491946604613133,5.153982810481999,6.307230220200127,0.9257606985071335,1.1802402844758284,5.2681409342249435,6.243855124582133,1.0835876746481719,0.8827389534425547,1.8410335622549416,5.180404931869476,-0.485042548830495,1.4194131624808952,4.804457951033368,6.58772603604081,1.386011153266628,0.539095851525361,1.8789624977093595,4.995879142100753,-1.2044551175331177,0.8117178514386082,2.6075276510652903,4.620681837118965,-0.7280495990076107,0.8778792789459215,3.2579609526281152,6.183674909562315,-0.7021747974521662,1.012852372847251,1.8335198565839954,5.673986060258413,-0.9065571907250081,1.1646543772110882,8.790763751831046,2.0395082536065385,0.7701424752234899,-1.287198728967923,7.861570240904999,6.064839082372011,-0.254562288869562,-0.14415250003752972,2.6171529008381644,5.224202760172849,0.3269356715657793,1.4639375214324664,7.281186995784141,5.165113898589307,-0.20201096093264748,-1.0661964585464705,6.370407979675888,5.33695587469162,-0.9479756524547338,1.0660353387436274,5.259493939030796,7.645087900453209,1.3184754400473528,0.5314938513491858,6.8414559409893405,8.558857806410899,1.1284572178939016,0.9882228025011139,1.358705939851872,6.406080155474515,-0.5089478516104169,1.4110181020600483,1.8450481663173528,6.514833938326515,-0.9059170831093015,1.118586598708757,4.424508841009105,8.587041707329265,1.0661533787900608,0.5634196439475491,7.150316184220658,6.368562331865637,-0.023600870532443374,-0.09021095838527164
61,2.5260234090927653,5.755464175669099,-1.1941342722537107,0.579436328685648,5.200270845407355,6.366242234423918,0.9120265468867299,1.190885207639203,5.322320317957352,6.28799207225426,1.0779257530725064,0.8785867035251668,1.8167814348134168,5.251375589993521,-0.44718435779711785,1.431791238324072,4.8737585086966995,6.614680828617078,1.3582430479981495,0.5558116284456796,1.8187397418327036,5.036465034672683,-1.2319718819355072,0.7165718033696079,2.5711251711149097,4.664575801066261,-0.7538283158102077,0.8653558423995958,3.222852212755507,6.234317528204678,-0.7616269377834345,1.0013045697135248,1.7881919970477451,5.732218779118967,-0.9092316917417441,1.1361474187264387,8.82927087559222,1.9751483171581423,0.7718487970891834,-1.2861762843529578,7.848842126461521,6.057631457370134,-0.27495398407095895,-0.1780544060510185,2.6334996844164533,5.297399636244473,0.35563325358741527,1.4572319612686337,7.271086447737509,5.111804075661984,-0.2092376947960012,-1.1389548113029708,6.3230091970531515,5.390257641628802,-0.887904643057227,0.995132490499914,5.325417711033164,7.6716625930206686,1.3123512606095964,0.5423812841926325,6.897878801884036,8.608268946535954,1.1239354378053577,0.9872832340895551,1.3332585472713512,6.4766310605775175,-0.4666800430816912,1.4255559397614923,1.7997523121618877,6.570763268261953,-0.8782397318729581,1.1348224390293442,4.4778165099486085,8.615212689526642,1.1288235023671787,0.5863860169143155,7.149136140694036,6.3640517839463735,0.008252790408680589,-0.14516974296550236
62,2.4663166954800797,5.784435992103381,-1.2941342722537108,0.5855628878388471,5.2458721727516915,6.4257864948058785,0.9049462795169827,1.1945153454552744,5.376216605610978,6.331921407430519,1.0780720388895335,0.8754010621321013,1.7944222169235609,5.322965151909725,-0.41035433081347017,1.4427783347356686,4.941670661096607,6.642471410039362,1.2582430479981495,0.547517106428439,1.7571411477359282,5.072293624841164,-1.2593055289482178,0.62302028683671,2.533433755324399,4.70784359318624,-0.7618797782816928,0.8489837458610522,3.1847708658663354,6.284382756690355,-0.828220018542483,0.9675602464598931,1.742730412460658,5.789026150055289,-0.9286625362275038,1.101559999693388,8.86786331544668,1.9108395029404943,0.7741383252810614,-1.2847995381891424,7.835094427257973,6.0487287370675835,-0.314611696053686,-0.25287245691237714,2.651281347095824,5.370261234307904,0.40594110719578314,1.444026252354389,7.260624562997709,5.054856335096835,-0.21379933847097088,-1.2054552306812514,6.27861396490029,5.440014266153797,-0.81970267200315,0.9158673609337213,5.391035274063643,7.6987816572303,1.2811540226411515,0.548895202383827,6.954075573774304,8.657633108240432,1.084783837802115,0.9705197317301648,1.3099245451172665,6.547908857565592,-0.42982426796381706,1.431527497035953,1.7558403255682398,6.62750439021342,-0.8403682936081113,1.1143558848644577,4.534257685066968,8.644531990372357,1.2014386549646061,0.5974019692928269,7.14954878021447,6.356793296798099,0.04899440093571916,-0.20244013276080572
63,2.401609981867394,5.8137141364953235,-1.388975848785559,0.566344498949567,5.29111948672754,6.485512262078642,0.899962956822085,1.1920428142185662,5.430120207555454,6.375691460537124,1.083669154570109,0.8701687641304543,1.7739045003828873,5.395104068646508,-0.37310952803969794,1.4528555606411788,5.004582813496515,6.669847265360784,1.1582430479981494,0.510977218046481,1.6941758712885173,5.1034446391829995,-1.2837555732821526,0.5277922466183567,2.4953397664103143,4.750292780479293,-0.7771202225246471,0.8310072353363024,3.143359864939211,6.332760769013349,-0.8997263757354761,0.923490726820878,1.6962972856492828,5.844104150039958,-0.9597878611920272,1.0593216569313946,8.906570231710733,1.8465995260310373,0.7771453353834505,-1.2829829023380415,7.819363842455289,6.036085114221964,-0.3401002932083033,-0.2898924905103233,2.671578402455613,5.442462546925624,0.4670784167305604,1.425425463721086,7.24993459607416,4.994583573562772,-0.21499263426271606,-1.2659690429847945,6.237628831300133,5.485807634200484,-0.7625423600658178,0.8397825623592737,5.455092975195701,7.7262264173494914,1.2501540462445908,0.5497993099432994,7.00831476566441,8.70615909482694,1.0436394578287036,0.9406128031908887,1.2884333317190757,6.61948523241739,-0.3974200061363482,1.4272044917322126,1.7138219108878343,6.683222184456643,-0.8065224815258206,1.0909534085537278,4.594329617815198,8.674402088836999,1.2646140053922337,0.6030288388670161,7.151998500261256,6.346671290160058,0.09550924583012835,-0.25949557032565557
64,2.332161189428116,5.842031361442801,-1.4189398799099808,0.48642534596898723,5.3361176345686445,6.5451144027895705,0.895934473714399,1.1895137062530372,5.48430366528396,6.4191998987436465,1.0858171580737892,0.8652990650248339,1.7552490239809024,5.467746846678567,-0.3371922100991306,1.4616091862903926,5.0624949658964224,6.695396126263108,1.0582430479981493,0.45017620672255215,1.6299880926244097,5.129834251513917,-1.305023409078032,0.43647925404557225,2.456483755284082,4.791843142246107,-0.7952281389393848,0.8117004087448106,3.0983735461524375,6.378935305354394,-0.9739464370376612,0.8629973946732797,1.6483078925896815,5.897070232886528,-0.9865643359063063,1.0000013620743695,8.945427498479905,1.7824503809141352,0.779566501386201,-1.2799862939093845,7.802358827794873,6.0215904896964485,-0.36476537917965873,-0.32911190271792673,2.694932323292141,5.513733820111678,0.5226781255412086,1.405989892239887,7.239184964361025,4.9312851214135325,-0.2120491739919536,-1.3236228277366866,6.199501713296842,5.527796762318447,-0.7212051978095769,0.7685835803589228,5.5176006775079305,7.753716382846656,1.2201069991063767,0.5453314295899678,7.060496738555845,8.753189734986485,1.0025811678239733,0.9074826432167905,1.2685623314122583,6.690845457004001,-0.37602921489899394,1.4154818562544313,1.6734957868115432,6.737769854884329,-0.7773072589286985,1.0604635227466905,4.65756031808481,8.70455353078035,1.3263269856626194,0.6019331748314872,7.156773962552763,6.333696511643776,0.1413154511028029,-0.31531742420176945
65,2.261214195432617,5.866352628741251,-1.4465264459367695,0.3969398458274733,5.380914358254365,6.604590088102222,0.8669277600856301,1.2233820429305884,5.538594523187649,6.462464851994889,1.0835855195677344,0.8614043429356625,1.7383894134759459,5.540827305993087,-0.3024762419439836,1.4691862111589002,5.11540711829633,6.717904936599235,0.9582430479981493,0.36297976721792874,1.564736922170508,5.151658214216195,-1.322886329541117,0.34905318764695165,2.4167223483371125,4.832428162683348,-0.8122695583858531,0.7904136827468858,3.0496762243005544,6.422085175088058,-1.044445946610644,0.7776401458901682,1.5989796757943662,5.947070300990246,-1.0047196290729437,0.9360010416397992,8.984405823549215,1.718451066218666,0.7802242129367943,-1.2739673025135534,7.78412055883589,6.005134894560552,-0.38369865601176245,-0.3696603763144996,2.7210662295692014,5.584033314723673,0.5731425004059405,1.3861845743725567,7.228582505661427,4.865103980026698,-0.20554835019615816,-1.3812143494766462,6.163441453406363,5.566225941336393,-0.6993848895415067,0.703422399862707,5.578606027463249,7.780982954326155,1.1891828934621507,0.5358303903531838,7.110625796947043,8.798563867147324,0.95821783006877,0.867714799731912,1.2497608706673087,6.761619549816722,-0.349389479200294,1.3941854445017305,1.6346304238651084,6.790793031021663,-0.752379933381957,1.0190781820560777,4.723876667367941,8.734650189521924,1.378166132971629,0.5921639215031816,7.163839735107903,6.317930640433688,0.18475069089467303,-0.3689145585534998
66,2.1888878731357786,5.886199621032625,-1.4693130037271782,0.30185973079928596,5.424260746258646,6.665759190248751,0.843070552489328,1.2318900106708857,5.592773799166036,6.505535069141672,1.0618427539622848,0.8538964114945938,1.7232656013787466,5.614286616551032,-0.2711502918323685,1.4752889612680025,5.163319270696237,6.736053924960132,0.8582430479981493,0.2629797672179287,1.4985926056934522,5.169110873598543,-1.3364393573497833,0.2678625896359348,2.37610887041782,4.871948846820692,-0.822036841885094,0.763314448881148,2.997453926970022,6.460967182382566,-1.1152034846908594,0.6776401458901682,1.548743694340719,5.993870353072236,-1.0166888303397092,0.8813326985726301,9.023417034196054,1.6547527010929883,0.777757951922452,-1.2668044067148703,7.764935626035302,5.986651875744827,-0.40146356259697896,-0.4191893148463752,2.7497233545894986,5.6533425434423,0.6188782554964385,1.3663783168923915,7.218305088151619,4.796043262552866,-0.19805393187311815,-1.4356925775688398,6.128472208929288,5.6013970613295285,-0.6981733882560729,0.6558718348583583,5.638065172136357,7.807774473843814,1.1593811075162583,0.5219447373342324,7.158536688450481,8.84194960713392,0.9156826472350985,0.8242014540135282,1.232291396707294,6.831328822041809,-0.3137536502284312,1.3681641069925752,1.5970114271960105,6.841746940124467,-0.7266950879344167,0.9729265559460007,4.792784974016523,8.764258385597083,1.3909156663995579,0.5615635395609958,7.173077269652636,6.299484912506013,0.21985060258443134,-0.42221586313228093
67,2.1154222229494195,5.901292607572589,-1.4765789336049362,0.20234357746371467,5.466414273883113,6.727353690782295,0.8406940404237983,1.2122848270695064,5.64586593686415,6.548229889716402,1.0277475024020737,0.833507301644664,1.7097080867871282,5.688051064614433,-0.23729145041881458,1.4811120037181977,5.206231423096145,6.749202913321028,0.7582430479981493,0.1629797672179287,1.4317706378259631,5.182504003080339,-1.3477383282279074,0.1950102284336948,2.3350070283235653,4.91011456926475,-0.8248629264541906,0.7309761455535876,2.941693752735479,6.494849189677074,-1.158854201234057,0.5776401458901682,1.4979092528237334,6.037936988000867,-1.0274057618616017,0.8319554717431012,9.062304931792177,1.5914124807572447,0.771115841276681,-1.2564602284853,7.7448624479054535,5.965692410002508,-0.42178088908308964,-0.4811672318023231,2.7806672673643207,5.72166145928692,0.6602842234825214,1.3468573585276518,7.208402391557963,4.724258633674424,-0.19400795256701636,-1.4835382719915617,6.0935635395164836,5.634190653072446,-0.7154667803778647,0.626739975317419,5.69603422751217,7.833871710710526,1.1316623697948152,0.5041844366979409,7.204320820812236,8.883159679834597,0.8801382428476244,0.7837433291375059,1.2166037141958723,6.899737027391438,-0.27153452400391337,1.339520692614409,1.5606766727992898,6.890393267921767,-0.6946602258929433,0.9232142198826158,4.8623307573365,8.792336562575132,1.4038595356201047,0.5283733568685156,7.184069799781858,6.278374119349398,0.24509147985512988,-0.4781751891611048
68,2.0415932762691726,5.911409786445775,-1.4943187152946142,0.13042843677762128,5.508448975904303,6.78796793213577,0.8460879385383603,1.1731335936348293,5.697253311984254,6.589905254798635,0.9706621433055466,0.7862820945542862,1.6978435142661874,5.762106664800343,-0.20281721883609172,1.4862251430195874,5.244143575496052,6.757351901681925,0.6582430479981494,0.0629797672179287,1.3643837214145678,5.192254514502024,-1.3586864542459547,0.1277722075367832,2.2937638820008557,4.946663376542429,-0.8219424258925956,0.6983508339405047,2.8837510426737762,6.523731196971583,-1.1440473509795213,0.47764014589016823,1.4465389647306535,6.079534761588022,-1.0341338313458355,0.7899658949265425,9.10086072385601,1.5285894693329798,0.7595237228346224,-1.2414799749080676,7.7237734034512995,5.941634048412392,-0.43923900460118276,-0.5478337872069862,2.813681478538447,5.789004327213302,0.7029256122675174,1.3251021030918093,7.198701993929612,4.650081720074846,-0.18562405214507335,-1.4884702587775285,6.057790200497591,5.6655276518383175,-0.7494801470770834,0.6073475117525462,5.7526173460019105,7.859080932545424,1.0602947185706788,0.4834673522901345,7.248327732954618,8.922346846291472,0.8490228718587786,0.753866185039224,1.2030269879956768,6.9667130620221585,-0.22110104922478435,1.3087465403355087,1.5259436615046427,6.936553978915898,-0.6577735755690755,0.8705436695362413,4.932523734117505,8.818755230418558,1.4152143833056818,0.49716018473397294,7.1963243737746145,6.254465359891343,0.2582669331007697,-0.5373347183702417
69,1.966877340504442,5.9179312082846565,-1.4984708039111452,0.06771447279486822,5.55075337283122,6.846624611817512,0.8499644961120364,1.1307889877121302,5.745786419149532,6.62921935952635,0.8880876386916702,0.7374469064038803,1.6877026533243829,5.836417921951322,-0.16118606930882207,1.4913145379365051,5.277055727895959,6.760500890042821,0.5582430479981494,-0.03702023278207131,1.29644939870227,5.198643124878863,-1.358256340051204,0.06615888623246191,2.252666760706226,4.981580918239454,-0.8110130634167235,0.6670425942420947,2.8265486751248003,6.547613204266091,-1.1340498445398355,0.37764014589016826,1.3948322731633618,6.119033056334349,-1.037135907569328,0.7520278484711591,9.138836909997742,1.4665154705875765,0.7445306557488794,-1.22408196322365,7.70181145322124,5.914242359052043,-0.4926881227385424,-0.6478337872069861,2.8488277591518227,5.855259432367893,0.7714899809294744,1.2863915458854038,7.189420791322359,4.5756582071359695,-0.17477566758518925,-1.4897830264908212,6.020316193143737,5.695895027425945,-0.7880998411908148,0.5896377558550242,5.805632081930445,7.883254300159931,0.9881068001460724,0.4675316899013329,7.290778876547557,8.960040155543433,0.7846768623659044,0.7135219586789029,1.1919719355344376,7.032150389038934,-0.15709998969261882,1.256817984370085,1.493054982726189,6.98008116239271,-0.6159209583052815,0.8189477551723802,5.003284453282789,8.843613239655257,1.4278413635507952,0.4569477144409279,7.209237720429653,6.227598623972831,0.25087787790829913,-0.6087522765634485
70,1.8919538003088847,5.9213169319244,-1.499820109979636,0.023230103328926544,5.593251597636822,6.903164061203118,0.8532710425467965,1.0871061979095789,5.790190801084115,6.6660917048465445,0.796487333849675,0.6929967604440262,1.6796433498589418,5.9109836488481475,-0.12408898824311715,1.4948584959777296,5.304967880295867,6.758649878403718,0.4582430479981494,-0.13702023278207132,1.2285365816997098,5.201951069190486,-1.339628498280555,0.00806170252808569,2.21211610753539,5.014933047951559,-0.7971099209048789,0.6417397609233844,2.7698461828978087,6.5664952115606,-1.1187388224370027,0.2776401458901683,1.3429754777848955,6.156634448757907,-1.038384295934239,0.7099213034996931,9.176063442785187,1.405311372426394,0.7265925276351328,-1.2047853722397823,7.677177047084313,5.881850669691694,-0.5264723274599932,-0.7478337872069861,2.8874022581982963,5.919579009662163,0.8551045527426786,1.2323945001008176,7.1806820079430995,4.501169055811428,-0.1612803324747963,-1.4913043466565834,5.980911201084196,5.725376915218696,-0.8349267938866614,0.5724090034803752,5.855037421937748,7.906630884654997,0.9132339428138428,0.4565872243535329,7.330012719665852,8.99571625347738,0.7289581364461809,0.692095687776746,1.1841169360498067,7.094991288257439,-0.08556383613770244,1.1863787172115767,1.462258934810925,7.021028550151329,-0.56684340574829,0.774676095321306,5.074676521460328,8.866460625377304,1.4299193166957032,0.4129582587410072,7.221781614325067,6.197161010144659,0.21413719935948627,-0.6634044429300257
71,1.816962794809903,5.922478437090846,-1.4999999114043296,-0.0005155453451914235,5.635915149764162,6.957519371098598,0.8614802174182412,1.041541683511004,5.830015167776599,6.700741542868745,0.7279119039332931,0.6461033187669327,1.673438900446786,5.985726573647034,-0.09080741781063287,1.4972488146165168,5.3278800326957745,6.751798866764615,0.35824304799814943,-0.23702023278207132,1.161555156785682,5.2023541543168905,-1.310668824637443,-0.049358074388418216,2.172260611490146,5.047020035997728,-0.7777397181847137,0.6146745613098132,2.7139092417759585,6.580377218855109,-1.084829090333655,0.17764014589016827,1.2910562629881834,6.1921305139328915,-1.0356068196980148,0.6652787716278974,9.212393069166945,1.345072103814405,0.7058919030499812,-1.1828951194111843,7.650853430711313,5.8444589803313445,-0.5671612892043016,-0.8478337872069861,2.9301574858354305,5.981198734667204,0.9412443748321555,1.1679293757958247,7.17261799131936,4.4266038384785995,-0.14671294967852777,-1.4928078611786,5.939164861389863,5.753997365392715,-0.8825925865902899,0.5430168117126826,5.90069911907844,7.929460245872674,0.8397982905578308,0.44313140725014694,7.366460626488161,9.030321037866218,0.6707467681238085,0.6598958519994633,1.1798387442429217,7.154310224118017,-0.01148862604325053,1.0980906424797499,1.4339167645235105,7.059762354917394,-0.5109090779074849,0.7381463874126756,5.146172487295114,8.887108538314354,1.4174832739696632,0.3650816950727562,7.232488474293041,6.1639907879981575,0.15773652477795858,-0.7186721107004114
72,1.7419627992396864,5.922452659823587,-1.4997738805719192,-0.026044330558622257,5.678989160635074,7.009596455274147,0.8734948314638612,0.9918217418949458,5.866410762973264,6.733046708807092,0.6771144474303786,0.5739076755803635,1.6688985295562544,6.06058901437786,-0.05948448675030048,1.4988200678654038,5.345792185095682,6.739947855125511,0.25824304799814946,-0.3370202327820713,1.09602171555381,5.199886250597469,-1.2764447614794077,-0.10136314483633997,2.1333736255809104,5.077753764063218,-0.7566843073823493,0.5897582283496845,2.6596677872592758,6.5892592261496175,-1.0458307845360781,0.07764014589016827,1.2392759220032827,6.225394452514286,-1.0259633410064368,0.6178654582390729,9.247687664319443,1.2859273478438458,0.6825505587530489,-1.1586239039127368,7.622495366251099,5.802067290970995,-0.6196168992411516,-0.9468256521266486,2.9772197045770383,6.0395952034569955,1.0267562940582762,1.0935133801704096,7.165282343835433,4.35196344541967,-0.1295603397781058,-1.4943942312377216,5.895035232060349,5.781148205978349,-0.9280060330166815,0.49707712183803354,5.942689033606332,7.951616816235181,0.7621543775272064,0.42356621985552795,7.399997964894351,9.063315830466191,0.6181792920896441,0.6280606804191486,1.1792643129407592,7.209214756242004,0.059599032362053425,1.001861518410536,1.4083713106281361,7.096669674288028,-0.455409363294524,0.7040894258762681,5.217046650993597,8.905362623067992,1.3859191634521615,0.31261275147686995,7.240375300531939,6.128057182463137,0.09155625982815999,-0.7810537477968164
73,1.6669741052110905,5.921150443295655,-1.4892342341252143,-0.06914303060516157,5.722663902208267,7.059187542368894,0.851213514051008,0.9319884298603388,5.900266485344783,6.76174209258611,0.6496317172801559,0.47683260066924593,1.6659243052187394,6.1355300177711305,-0.027457955225244912,1.4997486658419965,5.35870433749559,6.723096843486407,0.15824304799814945,-0.43702023278207136,1.0321994774798395,5.194818093355652,-1.237895660126716,-0.1467733487700558,2.095539410211793,5.107241675480703,-0.7357443448164503,0.5681572830557812,2.607376248032472,6.5931412334441255,-1.0184044344193484,-0.02235985410983174,1.1879777549529609,6.2562877254262395,-1.0095561418024688,0.5648594171891156,9.281815192257096,1.2279961526482088,0.6569288644266482,-1.1321733563367862,7.591514521289041,5.7547260083646625,-0.6840655836951158,-1.0375023889583137,3.028557519279952,6.094270872465516,1.09231663809819,1.0280293585953022,7.1588043268465285,4.277243733857784,-0.15366399413218174,-1.4921083663418502,5.848634930409514,5.806002062070251,-0.9777442792191504,0.4796432490190867,5.980796752482692,7.972795127227958,0.6824067781638794,0.411676572163086,7.430906929498833,9.094718864487149,0.5706260508367449,0.5971904543935673,1.1822442645588618,7.2593078321625315,0.142101296146462,0.901861518410536,1.3856008424634099,7.1318741455818415,-0.41843820848552593,0.6535331893707597,5.286342609166205,8.920993260641836,1.3279360034332406,0.2529829535413841,7.244953113523347,6.089004495073296,0.02247742100293415,-0.8531347116468377
74,1.5925123935048298,5.9176932917653975,-1.468737888068753,-0.13157583232864178,5.765224577910818,7.105786963861911,0.8258668832393167,0.8599594353000971,5.932748071208791,6.785583722619573,0.6315897295630043,0.37683260066924595,1.6645514074574772,6.210517451063231,0.006596136721929069,1.4999854969233355,5.366616489895497,6.701245831847303,0.058243047998149444,-0.5370202327820713,0.9703046944735038,5.187479425917149,-1.1967170283441841,-0.1858542606448269,2.0587521929709705,5.135649539633492,-0.7133108761169951,0.5519674843430508,2.5564560263115044,6.592023240738634,-1.004193398154452,-0.12111793769175619,1.1374999478628374,6.284530696285695,-0.9872065740911155,0.49884679626321227,9.314661635478428,1.1713874848313695,0.630000526018178,-1.1036680697624224,7.557311242104285,5.702850888916747,-0.7418326232325456,-1.1040771293681648,3.0831733511848616,6.145672340395281,1.151711752099155,0.9610203120000609,7.15112112713992,4.202638315540692,-0.1778795558823957,-1.4894156114392927,5.799747716448557,5.829984224521205,-1.0517848649754522,0.46028250704616347,6.014917091390886,7.9933789558361115,0.6011505613994294,0.41084811276985295,7.45943823204067,9.124578387206828,0.5143393284150988,0.5648927954732792,1.189349329366185,7.304400908083059,0.242101296146462,0.801861518410536,1.3646789320391335,7.1645508050503794,-0.3968632210144223,0.5988836098457657,5.352739409337867,8.933642408318905,1.2565549650058876,0.19726339315663374,7.246076984573493,6.0463477594909545,-0.024833724064280818,-0.9024750789640374
75,1.5190754991013922,5.911114500148965,-1.4441241425581748,-0.20661320444091597,5.806517922072784,7.148784935626916,0.7957842342467782,0.7836835680763574,5.964327557686941,6.804425352653035,0.6157686615741318,0.276832600669246,1.6648812142935736,6.285516725909398,0.04276859496005263,1.4993901584594795,5.369528642295404,6.6743948202081995,-0.04175695200185056,-0.6370202327820713,0.9104688430562946,5.178186712884908,-1.1533292874937355,-0.22015935035696985,2.0230866491651205,5.163247913850644,-0.6877806868412535,0.5392466938376416,2.5062463564037816,6.585967343854046,-0.9898423774010683,-0.2211179376917562,1.0881396191582815,6.309473036098856,-0.962099089035192,0.41978347610330013,9.346161661779337,1.1162040813432483,0.6023707154465074,-1.0731615125362413,7.520219610942658,5.647647032448339,-0.7900820586573503,-1.1552341985744026,3.140758938789819,6.193723355995284,1.2034242133060806,0.8954161953129064,7.1422271493458,4.1281675349687275,-0.19721196925777337,-1.4672881440454175,5.747158473199785,5.852998349873513,-1.1218696096673009,0.4448336328110103,6.044974619460857,8.013921361474605,0.5192364404868774,0.4185603078384507,7.485155198461425,9.152823026980492,0.4624100810357958,0.5357218144237416,1.201454394173508,7.344493984003585,0.342101296146462,0.701861518410536,1.3448357709884124,7.194494985542668,-0.3887774083861531,0.5383532810951553,5.415567157588161,8.943505577976737,1.1825661101207863,0.1494292232919792,7.24483529837028,6.001224005542753,-0.055078601998736695,-0.9547518214223809
76,1.4468692919734834,5.90078383992692,-1.4242224124379927,-0.3047012781713847,5.846307133785123,7.187969114030734,0.7639958463521478,0.7075497148792597,5.9951159907656475,6.818266982686497,0.5795846844470566,0.17683260066924597,1.6670196440415763,6.360486233832372,0.0783619015181405,1.497951739005787,5.3674407946953115,6.642543808569096,-0.14175695200185057,-0.7370202327820713,0.8528023786816078,5.1671787453670595,-1.1139015898351967,-0.255809550008688,1.9886976148230577,5.1902102485425265,-0.6610656913378279,0.5277565552175034,2.4567542375337283,6.574911446969458,-0.9513482315308596,-0.32014883769328206,1.040034664706522,6.330462209904021,-0.9405462148873001,0.32450456928109556,9.376280197551663,1.0625460057164362,0.5748381200504655,-1.0408886849109666,7.480715508009791,5.589885322519619,-0.7995820779096505,-1.1742280396860625,3.200930149455123,6.23849416576093,1.2466030501958896,0.8342546585080027,7.132366550882911,4.054803127766457,-0.2084632504596128,-1.4327938453488995,5.69106499271642,5.875240031514063,-1.1855630198254583,0.42908034573406023,6.070936441485201,8.034849376866527,0.44828866226193237,0.4272291127522099,7.508275702513215,9.179609117701679,0.4157208091089159,0.5082785425483601,1.218559458980831,7.379587059924112,0.442101296146462,0.601861518410536,1.3253969005691049,7.221412649597426,-0.38036256023733034,0.4584455061699234,5.474695463094201,8.950977039141335,1.1070618250236641,0.1058171842027763,7.242081368270343,5.953486414471634,-0.06633902059262022,-1.008266850375933
77,1.3756581713515836,5.88554877601835,-1.4032672298260505,-0.4047012781713847,5.8845069261027305,7.223346599774697,0.732667251667547,0.6347776292126032,6.024095224988001,6.827108612719959,0.5260960067069596,0.07683260066924597,1.6709377391174833,6.435383820782661,0.10906456431596652,1.4960297192270509,5.360352947095219,6.605692796929993,-0.24175695200185057,-0.8370202327820713,0.797107299189848,5.154388267866625,-1.0713593825941383,-0.2884976193522549,1.9556443302561664,5.216598076303402,-0.6314969744541685,0.5177164575338353,2.4091868259571854,6.558904005084794,-0.899095253444388,-0.41052611482913104,0.9930073539621569,6.346687438368076,-0.9241767215816169,0.22450456928109555,9.405022103554186,1.0105015714708878,0.547367662496602,-1.0070270567361848,7.4407364041143085,5.531173920535315,-0.8103138509880922,-1.197757922415116,3.2632603019649173,6.2802068986863295,1.2826616323486826,0.7776754701677384,7.121943388359931,3.9831634354990118,-0.21205490006643674,-1.3999516264730145,5.631786841725147,5.896694048800766,-1.243495390726566,0.4136525596222286,6.093350874598298,8.056210832504137,0.38251671893116757,0.4327904887427199,7.52906174296866,9.205023044829098,0.3725905454227358,0.483164870530309,1.2406645237881542,7.4096801358446385,0.542101296146462,0.5044011173523391,1.3063787725572384,7.244334924905922,-0.37447247282652274,0.3612885762001358,5.530048554345384,8.956267898351474,1.034821996913923,0.0690949294496635,7.238764417240712,5.9030730719528375,-0.06589772158627732,-1.0599497279165215
78,1.3054948098602812,5.8653137121097805,-1.3823507187076385,-0.5047012781713847,5.921140288686108,7.255085481235327,0.7046000145287988,0.5639308331768366,6.0504000253233485,6.830950242753421,0.4483561480796402,-0.015476123257298233,1.6763909673332817,6.510185306744014,0.12668804994075672,1.4641764516765825,5.348265099495126,6.563841785290889,-0.32173944134930843,-0.9370202327820712,0.7435393300601411,5.139963386899012,-1.0259041741733848,-0.33749022336951257,1.924069481533458,5.242483899180094,-0.5986624922611754,0.5070054633796205,2.364232063284966,6.538377699343338,-0.8373353285557772,-0.4932509125548085,0.946798517883076,6.357912666832131,-0.899293813416162,0.12450456928109555,9.432390486679017,0.9601502186340786,0.5199228528213853,-0.9717529027883546,7.400220711564904,5.471286024414559,-0.8342230308544061,-1.2284385460656668,3.3273933835823515,6.319090672194717,1.3097598037592784,0.7311150774375104,7.111340643356609,3.913165854175361,-0.2154367115213289,-1.403102980294173,5.569612072188819,5.917376676781878,-1.2980839529767034,0.4007853532871608,6.112476710544856,8.077850356941273,0.32443338734623717,0.4334491593227345,7.547691270239797,9.229181288355614,0.3323309516975313,0.4603260693847554,1.2677695885954772,7.434900191712256,0.6421012961464619,0.4477102754391158,1.2876551489159123,7.262399353715929,-0.37555293404547585,0.2612885762001358,5.58178965419108,8.959722644823957,0.9646480121479165,0.03959473108540569,7.235469531161398,5.850075585557011,-0.027961016235401467,-1.1440999230382867
79,1.2363772739248993,5.840078648201211,-1.3634070378847891,-0.6047012781713846,5.956370289412548,7.283282022894169,0.6839489348145006,0.4949257968227716,6.07281783272733,6.830176436590556,0.36120443590045626,-0.11068414823593593,1.6827253698303195,6.583394129327843,0.12737447602897065,1.4035408968860856,5.332178127427661,6.516990773651786,-0.3935031773589062,-1.0370202327820712,0.6922441213514718,5.123088875730536,-0.9722366765384971,-0.39880007358542446,1.8941363569203993,5.267834172349075,-0.5642086651184599,0.4926716638982286,2.322365296857177,6.513715153715597,-0.7729690057999636,-0.5726623834448537,0.9018338272122679,6.364137895296185,-0.8659763905493407,0.02450456928109554,9.458386629320087,0.9115625734946609,0.49211539358619394,-0.9354594200078981,7.358509560022184,5.409864097111276,-0.8547515495002895,-1.2326393587042621,3.392881373770315,6.355646426066593,1.3278441618307817,0.6977319556189961,7.100568807780543,3.843010705160652,-0.21793945579368015,-1.4031499512397232,5.504707874539983,5.9374159444462355,-1.3458841422333716,0.3770090008816127,6.1286983799121675,8.09952281490741,0.273112828559845,0.42710649421667635,7.564307817824674,9.252197591824851,0.2895852661201387,0.4349216995536702,1.2998746534028003,7.457285705484211,0.7421012961464619,0.41240469792256,1.2688775022136385,7.275463782525936,-0.38272906654564753,0.16128857620013579,5.630022054798475,8.961702381378227,0.8938424327240121,0.018608050398931843,7.234071480349628,5.792870589405097,0.02214268988604324,-1.2440999230382868
80,1.16820692203066,5.809843584292642,-1.3316707146850497,-0.6904006863048507,5.990567736153273,7.308028312735308,0.6682994864793298,0.4303678510944696,6.090878054522353,6.824642229178759,0.2799100900447434,-0.21068414823593595,1.689094093631768,6.653571174172147,0.12497709488718883,1.3292664523060076,5.312502968559716,6.465139762012682,-0.46786035914639706,-1.1370202327820713,0.643632287524547,5.103148872051265,-0.9226485088711082,-0.4678853795146084,1.8659259236644763,5.292467755543987,-0.5249068286278288,0.47115616037249464,2.283716846567179,6.485082034543354,-0.7174712223774935,-0.6607446492987354,0.8585350076848008,6.36536312376024,-0.8252997431246428,-0.07549543071890447,9.482992398999396,0.864789602494266,0.4638010594320649,-0.8982334881250398,7.31577198254717,5.348232129176063,-0.8694621440790697,-1.2223074817792072,3.4592735818618543,6.390533023847542,1.3343775514882217,0.6851543987192217,7.089671834990859,3.772853207598666,-0.21900684571403403,-1.4007088543750825,5.437413667428315,5.956266394490316,-1.3811645069851874,0.3398577565988902,6.14235402134016,8.120878139618243,0.2274939249229126,0.41454682996725617,7.578787081130681,9.273943676802535,0.2461780256101518,0.4091003326475041,1.3369797182101233,7.47790594038034,0.8421012961464619,0.3788127479828322,1.249741048886356,7.283528211335943,-0.39182719552008527,0.06128857620013578,5.674714176434676,8.962632783898174,0.8264336504802835,0.005409424357519489,7.23517861484393,5.730665593253183,0.0730950052165486,-1.3440999230382868
81,1.1016233862964073,5.775323549977399,-1.2926440150988294,-0.7609674436066083,6.02398271047724,7.329546705290031,0.6596268661232468,0.377949029044375,6.10487355902459,6.8141080217669625,0.21121849663615877,-0.31068414823593593,1.6953429483761275,6.720034496787448,0.121342297478012,1.2497606630260698,5.289109950602397,6.408288750373578,-0.5621864082358288,-1.2370202327820714,0.5974998620809916,5.079754603075535,-0.8523755029087363,-0.5238713309382534,1.8396805822330848,5.3160255635626115,-0.48117121718907757,0.44203296734690567,2.2478432854483046,6.452044802078418,-0.6451045436627413,-0.7268718482332905,0.8172700205285687,6.361588352224294,-0.7756390723673491,-0.17549543071890447,9.506182451971,0.819877928088014,0.4342842403126115,-0.8599794178430573,7.272298875343216,5.287116755087102,-0.894695378220413,-1.203960207062938,3.5259924594362655,6.424790743783503,1.3399669364171132,0.674157703589402,7.078721492705157,3.702817764879912,-0.2185149244828834,-1.3960299072690787,5.368355442079055,5.973259282320261,-1.3992342317237854,0.32362051854938306,6.153728717586306,8.141605481116606,0.16234121424671935,0.3972347175166565,7.591095982411189,9.29439869343491,0.20355545938700728,0.384989747196378,1.3790847830174464,7.496846577779481,0.9421012961464619,0.33567563274273515,1.2301496891103518,7.286592640145949,-0.39817591720311063,-0.038711423799864225,5.71603585895869,8.96290325511605,0.7648871698246134,-0.00028898494650330016,7.238833365104758,5.663460597101269,0.13024696058268326,-1.444099923038287
82,1.0369911855414657,5.737275177797068,-1.2540113400852961,-0.82307688519207,6.056964053783402,7.34844415674225,0.6496566347690103,0.3310900030891748,6.115434483856398,6.798573814355166,0.15952523000598604,-0.4106841482359359,1.7014100632500282,6.782522529938751,0.11857334694116489,1.1798250312740557,5.261000630190606,6.346437738734474,-0.6621864082358287,-1.3370202327820715,0.5548810869355548,5.053561036528622,-0.7786067977791129,-0.5811599001502132,1.815622021373631,5.338127211929956,-0.4336252655842344,0.4088929010808458,2.2155880582651677,6.415701209666754,-0.5487654192215944,-0.7393621855753144,0.7784880669102012,6.352813580688349,-0.7195472034899382,-0.2754954307189045,9.527896663986631,0.7768789571958611,0.40365859598640147,-0.8208710341875092,7.227564106432196,5.226918744733956,-0.9141765012002295,-1.189235605190707,3.592990806257121,6.458498628962973,1.3477723470173726,0.658414535543743,7.067795746481013,3.633016269516458,-0.21615918687123198,-1.3896727612145725,5.298393730492866,5.9894403082477305,-1.4050848616048097,0.3512997890552882,6.161845778298642,8.161467216992438,0.10241103274342345,0.37954690208887637,7.601273755380539,9.31364818079473,0.1625187581846147,0.3631671814023869,1.4261898478247694,7.513630359416617,1.042101296146462,0.29093803146252273,1.2102408932501962,7.284657068955956,-0.3909253086992921,-0.13775899522053378,5.754280217449921,8.962888805868724,0.7106793620453012,-0.0028193498249789663,7.245345713133892,5.591255600949355,0.18957195256893694,-1.4879726055271316
83,0.9742906185372009,5.696121333537465,-1.2167378648411271,-0.8772394019091112,6.089446885521853,7.3649986568967085,0.6383666999550339,0.2866274593632074,6.123410745356697,6.778039606943369,0.12362982578635864,-0.5106841482359359,1.7073387305970864,6.841513781502454,0.12060936821847336,1.1209020729000323,5.227891309778814,6.279586727095371,-0.6987032886128597,-1.327333309489962,0.5159507470465992,5.024503041521111,-0.7078183606510459,-0.6401714846705532,1.793940758094419,5.358571856983999,-0.38537000678563516,0.370875502961873,2.188149787304088,6.378733100387988,-0.4601460737950349,-0.7155773335474214,0.7425107067357043,6.339038809152404,-0.6610498163191465,-0.37549543071890445,9.548079593785952,0.7358354054864856,0.3720182034445161,-0.7810759394590393,7.181855281372184,5.167456964474421,-0.9325420004772796,-1.1748895341034549,3.6603794236079894,6.49141935574016,1.3598485088738514,0.6330971749372786,7.056987787137452,3.5635326314557294,-0.2142615467174663,-1.3824622375794235,5.2281394874126255,6.007005297700495,-1.4020870806410313,0.39168676982730666,6.166966329935813,8.180444562096882,0.041114998884170514,0.3501160686299759,7.60939969328977,9.331806539864848,0.12312998235911421,0.3419172314702885,1.4782949126320926,7.528177260989744,1.142101296146462,0.24747273900875685,1.1906946278152317,7.277769119194929,-0.37591530793396843,-0.23606059066998142,5.789814185552186,8.962747838377474,0.6625028648243082,-0.004776905126466412,7.254824310762339,5.516856970672998,0.24044156955047194,-1.4806038807297872
84,0.9134537252951446,5.65225936344201,-1.1848088261477088,-0.9199065417108896,6.121365220519604,7.379330029864869,0.6283465824933525,0.24458859844611602,6.129592236646015,6.7525053995315725,0.09119135685325316,-0.6080573178965041,1.71336919900801,6.897558885147456,0.12203662937729733,1.070911532157158,5.1929561453481705,6.213220061620873,-0.7087319175479504,-1.3220056993253868,0.48055982901404687,4.9924944672875835,-0.6431005314235984,-0.700051264486227,1.7746722577551373,5.377115632132092,-0.3377365197994749,0.32784984244704146,2.165142483614336,6.342954233710617,-0.38419312069483047,-0.6991796666162691,0.709458215919747,6.320264037616459,-0.6081265065161374,-0.47549543071890443,9.566680503958178,0.6967816085135337,0.3394519957971925,-0.7407242893402115,7.13522818134832,5.108712487769248,-0.9537425364313963,-1.157745729511194,3.728371849051682,6.523074214487024,1.3716241846653228,0.6071631543837196,7.046274709801578,3.494409519576758,-0.2155182290686979,-1.3592744661398712,5.158035133380574,6.0265896361918605,-1.4102778689696789,0.41887320230811875,6.169022079880022,8.197950365528381,-0.022117220335037255,0.31726107051825103,7.615556192407726,9.348902401438362,0.08472879589289717,0.3211494622527974,1.5353999774394156,7.540550897940181,1.2421012961464621,0.2064349410809004,1.1718988624185334,7.26596608966143,-0.3588112857290925,-0.3354570042346634,5.822939328793401,8.962508993121151,0.6160706111059321,-0.007282446905567307,7.266846389239863,5.442826776636508,0.2806314206726067,-1.4735148474756792
85,0.8542132839877591,5.606264036356465,-1.1595438519536516,-0.9515555976381455,6.152782549644272,7.3915594597871745,0.6234658870758292,0.20778992755816894,6.1341518044886785,6.722102533636748,0.0628717923915451,-0.6958176292616316,1.7194710304768748,6.951104461755314,0.12013107000141518,1.0256667370731585,5.157519549470773,6.147119776654603,-0.703913798996742,-1.3245774283075997,0.44840480244286696,4.957491904063272,-0.5840223685150443,-0.7605015561198329,1.7577854317651636,5.393508124254445,-0.28983192108655376,0.2764649642884721,2.1459328275795944,6.307995250379803,-0.32115304300852066,-0.7090219305234632,0.6790518905939401,6.296489266080514,-0.5081265065161374,-0.5754954307189044,9.583653103748038,0.6597453940465231,0.30606279105666817,-0.6999679743473068,7.08754105452675,5.050825201293688,-0.9786118935764668,-1.1368019888048586,3.7969530582849482,6.55343237220621,1.384621474528722,0.5769084609137811,7.035498798348143,3.4264457962697645,-0.21639776004988093,-1.3321022285052124,5.08752123993209,6.047533296307266,-1.414261943636775,0.45715515266269485,6.16791621886327,8.213813419054294,-0.06651150482180788,0.2914325599954086,7.619792632202371,9.364959874551003,0.0465066617795854,0.3007842106520551,1.5975050422467387,7.550872644994226,1.3421012961464622,0.1761248824871504,1.1539582981320788,7.2491932394496965,-0.34227749520031825,-0.4354570042346634,5.8537428593486975,8.962144870775873,0.5700427242384088,-0.010372778795256275,7.280877960273493,5.369151034262724,0.3110604773204825,-1.467392714800354
86,0.7962360913900766,5.558686256474558,-1.0981356939457192,-1.021811136014065,6.1839558439980635,7.401948956165083,0.6217075005085941,0.1731176732342096,6.137295394108255,6.687311652173666,0.053056953326470174,-0.7771209873396345,1.7254775839769456,7.0023877986089715,0.11691233387439626,0.9744348223144762,5.122323859520936,6.080890905239223,-0.6743066647806341,-1.339891981404627,0.4192036840171147,4.91946682625728,-0.5294302538280784,-0.8212870404337977,1.7432938357108358,5.407331372468868,-0.24230509661221905,0.2183438373982896,2.1298751754291683,6.27254415385363,-0.28400967547960526,-0.7505691037851057,0.6536455652681332,6.267714494544569,-0.40812650651613747,-0.6754954307189044,9.59895624330087,0.6247469953291578,0.27193921238902746,-0.6588897585098282,7.038610459847927,4.993985101853445,-1.0072014928957826,-1.1115507872825727,3.866184132011384,6.5822777952518985,1.3820138536157067,0.5831275232865141,7.024678910345648,3.359840684844504,-0.21810325345534223,-1.3026917738743606,5.016808142750251,6.070391053940401,-1.4103349560632705,0.4934247757038478,6.164590643622179,8.228385047054063,-0.10594616430285647,0.2679498737142044,7.62211796529135,9.379999085083606,0.01408514440745405,0.27214892634743626,1.6646101070540618,7.559678889118584,1.4421012961464623,0.14289616325268387,1.136844423372063,7.227420389237963,-0.33483267688242807,-0.5303412687038102,5.882244995560618,8.96162623183611,0.5234791585073603,-0.013453690170838493,7.296430984139517,5.295781398522706,0.34200459175165393,-1.460490622777423
87,0.7413293066927906,5.507595699673854,-1.0381033408863853,-1.0827471790037253,6.215041219023493,7.410604839826793,0.6228986289264437,0.14086500389979797,6.1399482417745785,6.648455602806685,0.06040824152589492,-0.8425046600538679,1.7313232006706654,7.0511095397246955,0.11097210331111329,0.9165820176536791,5.088608526281904,6.013896306168992,-0.6512152787930774,-1.3512655774001108,0.3927321713257108,4.878402474235591,-0.4815531328563987,-0.8851830467795466,1.731178580880225,5.418248564338783,-0.20379460416818065,0.15018227829337016,2.115674691655188,6.235015698664375,-0.2902094753301883,-0.718024800844737,0.6332392399423263,6.233939723008623,-0.30870045156160864,-0.7754954307189044,9.612553203920323,0.5918025074036664,0.2373474392366761,-0.6174263238136307,6.988250385203138,4.938407562489316,-1.0337053330461072,-1.0869467716645724,3.9352848246921694,6.611434171416224,1.385310724079275,0.5752514213376223,7.013773747672881,3.2947060961507857,-0.22056533692914385,-1.2713326973744217,4.946291394947087,6.0950622927255935,-1.4057506915329736,0.5233211186781658,6.159293335407036,8.241782540739774,-0.1426712800789185,0.2489618962094742,7.622822222511723,9.393606531400977,-0.017633878581819022,0.2449266953169721,1.736715171861385,7.566823697281218,1.4963284762733178,0.1048860862725419,1.1201027895279416,7.200903325802773,-0.3290451303222598,-0.6027775418018021,5.908418953485986,8.960953547327568,0.4766192056999338,-0.01725582389493193,7.3135312137271,5.222756867383835,0.3667340585142037,-1.4544779580061364
88,0.6894241396484714,5.453458340723668,-0.9784843312689113,-1.136911787897914,6.246186150469815,7.417648090021783,0.6257857926102157,0.1004056928913446,6.142968653850874,6.606330369803992,0.07370001174569778,-0.8903131641584822,1.7368718058362211,7.096938640607379,0.09427268339543718,0.8642826790745012,5.05604776234225,5.946333027298987,-0.6174366902147524,-1.3670303338173049,0.3686545146828909,4.834143321896613,-0.448414741480857,-0.9483367964839076,1.7209888506718158,5.425757678253452,-0.17776968143964214,0.07770138515829936,2.1011642178886785,6.199114458622138,-0.29531927908129935,-0.6829903588967999,0.617804217364246,6.195164951472678,-0.24552651972452672,-0.8578871398081835,9.624420575882157,0.5609311912129848,0.20277935595039068,-0.5751308798019424,6.936565118550832,4.884060223906087,-1.052586516467843,-1.0686728336352953,4.0045503608961335,6.640196742483106,1.3782364559170246,0.5510212987713992,7.002745480826424,3.2311394612820648,-0.22341796195644278,-1.242045362097818,4.876003860370439,6.121228348659502,-1.3957130184702042,0.5495317734879317,6.15215977140309,8.254230635550247,-0.17596621411326602,0.23124000331615985,7.621940528582632,9.405852866166825,-0.04858634411602923,0.21887497434014255,1.8115315956750508,7.572068001594845,1.4992087789113073,0.04871383002050615,1.1036505330118287,7.170764448712682,-0.3263017002591313,-0.6422598671172776,5.932249913770983,8.960090756132821,0.38680845879174597,-0.026241452827646394,7.3318679166528105,5.1500329694835285,0.390323805355874,-1.4483256978223198
89,0.6404999230850258,5.396612751328773,-0.9189720341452624,-1.1855338040135839,6.277475440100326,7.42266837466635,0.6228773910464521,0.050117236212954094,6.1466536544381585,6.561814711596067,0.08180765457511596,-0.9299466855961271,1.741585440005993,7.140152774561105,0.09487891143410582,0.8282739098007432,5.025175927831513,5.877981510608122,-0.5740085509694252,-1.3858261735924824,0.34623377760884805,4.786726482072418,-0.4294240504746734,-1.0098802075003719,1.7121003665998338,5.429642747511367,-0.17044071070933742,0.0006977392613877337,2.0863982539346133,6.164964940677298,-0.29626767428882367,-0.6599731550889691,0.6055278913780197,6.152270594482268,-0.20920524627844364,-0.9116039602866228,9.634559543679677,0.5321746472228878,0.16832596094134983,-0.5321588813488022,6.88393579272744,4.830626582224323,-1.0677140588145677,-1.0535590579600755,4.073462183691984,6.667747807421676,1.3983965051170826,0.5186463236861407,6.991574582728602,3.1690371931771737,-0.22746273054319757,-1.217358138961393,4.806218209446929,6.148704937333898,-1.380131652050412,0.5789456136626067,6.1433614606974265,8.265792635716055,-0.19934820281747057,0.21387354931091845,7.619511211376831,9.416796614883832,-0.0787449651887984,0.1952186671792882,1.8864920346206162,7.5745036930958705,1.499402515454206,-0.04233316252773292,1.0873354479988722,7.138651455356818,-0.3190869081863583,-0.6592141222213425,5.95159033671057,8.958778683491438,0.3002698995933665,-0.031741608142449515,7.351384106920604,5.077616684592413,0.40938246153566904,-1.443054399593791
90,0.5945513213777627,5.337336061128093,-0.8622965588569755,-1.2273730665870985,6.308619309652649,7.425174236476998,0.6147005889477011,-0.0026826144893316722,6.150744037166914,6.515317377316261,0.08779510617316418,-0.9521559722858854,1.7463293855776982,7.181566470051142,0.10256146883814711,0.8184618162746182,4.996475500283042,5.808690201928498,-0.5173025575148834,-1.4079765850285155,0.32476257508511436,4.7362324716974,-0.4202132418995201,-1.071110890827093,1.7035783310643668,5.429677634474436,-0.17689190767789287,-0.08163986669182882,2.071584870220172,6.13196628292285,-0.288669874689653,-0.6446618245320996,0.5950676290640975,6.106690396467937,-0.18829333663860828,-0.9393064766039904,9.642975841726745,0.5055667031554476,0.1340623828840607,-0.48873164944095765,6.830550089786712,4.7779486293263185,-1.0820559864356474,-1.038823778231312,4.143382008947839,6.693680123605983,1.4164802846309186,0.48815923333694333,6.980201446201442,3.108169286229104,-0.2315739493681802,-1.1898498861022775,4.737211626844408,6.177652218017029,-1.3518434634737138,0.6112495012682738,6.133394050556553,8.276486313181602,-0.21827065246585084,0.1892021273658234,7.615573963117391,9.426557548242798,-0.10799521743565509,0.1741762650906461,1.9614621603933264,7.572387034969484,1.4940954379799953,-0.13296173211629528,1.0713811025895543,7.105690749245751,-0.23960018047181975,-0.7032845627521195,5.966603831690239,8.957191603084317,0.22853814743615516,-0.018678892612054007,7.371853229997388,5.005463964612724,0.42320882998260356,-1.4390602093813711
91,0.5514364934349139,5.275967407798738,-0.8100752517984243,-1.262449241127626,6.3393543391000335,7.425040105752531,0.5993339020671126,-0.052139982743993236,6.1551337924755725,6.467709578701967,0.10136122614205532,-0.9679712541538664,1.7514574590196057,7.222489560864873,0.11866081601231475,0.8333212631578198,4.970610372407298,5.738291372677073,-0.4638410239577722,-1.4264822131712,0.3037519129901384,4.682676927156045,-0.4138348758464157,-1.1333579585169886,1.6947337356804721,5.425595641139845,-0.19651599340224665,-0.17966133819222557,2.0571513764856895,6.099733191696245,-0.27791872116096267,-0.6411575359630068,0.5856529622321671,6.059725072637738,-0.17422402233759435,-0.9700730114092883,9.649678960870949,0.4811301206833997,0.10011680156711275,-0.4450099705879227,6.7764472904649296,4.726007440414753,-1.0961399659729898,-1.0239517444668635,4.2142060231793845,6.71808808527283,1.4311310216454622,0.4492927763541452,6.968622748733033,3.0486767919239903,-0.23467371462422745,-1.158925124806959,4.669619453670722,6.208214693080442,-1.3124693027071122,0.6432677365940871,6.12248051793326,8.285946419549893,-0.23443681942704392,0.15769507637476504,7.610174202245608,9.43526636149733,-0.13630310236721943,0.1548549724518674,2.036166932292326,7.565738948363669,1.4842343254747667,-0.21690658607442925,1.0594010935659632,7.070526521108145,-0.16619649418680082,-0.7400170873855271,5.978030739062047,8.956257658453714,0.16598550461388956,-0.005531055688454764,7.393013671496518,4.933510954143655,0.4332376433084988,-1.4360728200270687
92,0.5109327308449927,5.212844945742357,-0.7625861466560117,-1.291689734002843,6.369321034203389,7.4224331066153315,0.5773431394161459,-0.09009864048553987,6.1602018537826755,6.419311015994274,0.12039347052634411,-0.9887811459738204,1.7573904998202214,7.264155624022764,0.1348048487886705,0.8491122918958417,4.947418321209409,5.666967262018512,-0.416220360600703,-1.441097016658289,0.28306016919781757,4.626009029230196,-0.4105381418263018,-1.196791301689062,1.6849079360103598,5.416612574230234,-0.2225246679046194,-0.2796613381922256,2.0432554404276413,6.067675314898095,-0.2643226498580719,-0.6484234308230361,0.5769417611152874,6.0112214220672735,-0.17425561764220268,-1.0270307569613513,9.654684800949305,0.4588796221540036,0.06658659011844331,-0.4011434524480835,6.72164029216628,4.67480985319141,-1.1103618072491674,-1.008512100573098,4.285762574261658,6.740552724090538,1.4446882237616965,0.4035789094145952,6.956889063001821,2.9907305356836424,-0.236804385097207,-1.1268138853736704,4.603995988535367,6.240378079910146,-1.286943810277379,0.6955659844082656,6.110758676961908,8.29383117336863,-0.2504789625335045,0.12004589190935672,7.603359047127246,9.443009110119924,-0.1642379695108504,0.1355712516009229,2.1103786485660643,7.554893619059947,1.4728714330619845,-0.28398898159952646,1.0510912688566232,7.033525666738869,-0.09949352630464445,-0.7702828835700669,5.986330014292741,8.955981105669292,0.10678835891343484,0.006841087133095607,7.414675553661943,4.861707313142301,0.44121401794262727,-1.4336422811743947
93,0.4728034235121921,5.1482604590422145,-0.7240082005903651,-1.3137016881613197,6.398188191174196,7.417928174591054,0.5473788831295248,-0.11935904936386628,6.166221527308993,6.369871958695583,0.14394608646691495,-1.0124047465759705,1.764130742259655,7.306611238617556,0.11147924607842345,0.854069199302291,4.926607303179374,5.5949124111855975,-0.3713567435818914,-1.4533045685596166,0.26253326210650246,4.566169464145743,-0.43602865825048087,-1.2460494205569361,1.673781702615129,5.402629507320622,-0.2505515109756033,-0.3796613381922256,2.0300393079347376,6.035254143356942,-0.2504545787192131,-0.6581385580229243,0.5682289802331772,5.959869884219206,-0.1974353320238975,-1.080562642108446,9.658014130455227,0.4388224495315994,0.03355199129108125,-0.35727399281902467,6.666122201803822,4.624384248162755,-1.1245348222956322,-0.9926839544611019,4.357996985449743,6.760731669561268,1.4590581990064728,0.3480648961213802,6.94504884374696,2.934389841414959,-0.23811503870922462,-1.094193383855421,4.5396487980214975,6.275156379130559,-1.2580606719783907,0.7405341185730757,6.098234728835234,8.299833467964099,-0.2789034669328041,0.0804449056670624,7.595147148651704,9.44978767269997,-0.19175141989499042,0.11636763343209203,2.1840222202191635,7.540694169979971,1.4545454512210432,-0.3664662744812568,1.0461165925413909,6.9950115225603655,-0.04160572775689969,-0.7897417079662004,5.991669432238413,8.956323160025946,0.04939705513574014,0.016635734379694803,7.436736254559074,4.790025199083582,0.4471006351697785,-1.431817384316443
94,0.4366030134826739,5.082575374634149,-0.6968959102172665,-1.3282831363540109,6.425557135330672,7.411960222122861,0.5114425811828848,-0.14928260759903472,6.173418831632339,6.3192517213667845,0.17502252966225798,-1.0399926282602738,1.7697047045635763,7.3493146985826705,0.08477274721711059,0.8377210280681601,4.908039466000279,5.522247182757616,-0.33457674953721644,-1.4622101075663205,0.24073182919397842,4.503866993117896,-0.4592987392341196,-1.3107277021025752,1.6612541270663488,5.3836464404110105,-0.26810429655099316,-0.47966133819222556,2.017516578998777,6.002347215455797,-0.24879055002994788,-0.6981483516621073,0.5583572136319823,5.905841752113783,-0.22993856140355143,-1.1374708919634875,9.65969173001978,0.42095874989064813,0.001103917069470231,-0.3135337173168198,6.6098954606890405,4.5747500504397,-1.1384024722109107,-0.976749615440972,4.430949895400067,6.778134914367336,1.46749647333993,0.310570605072129,6.933143091811499,2.879680172222188,-0.23861519655722516,-1.0612004069515055,4.476745764422578,6.312183085059213,-1.2311372598938113,0.7715339250963987,6.084289555488594,8.303855713247453,-0.3156377350020714,0.03717016628241122,7.585559577656954,9.455606054371573,-0.21827861010342547,0.09770628640049871,2.256749492780216,7.5223708562559075,1.4342698270818646,-0.4391697429497601,1.0440363061535458,6.9555244371620555,0.009480048333722263,-0.801046762243382,5.9941392849951995,8.95715494674493,-0.00842393852614036,0.023190252274678094,7.459091286317563,4.718434329867759,0.45137688134182863,-1.4304750647914575
95,0.40175821797181055,5.016161217816449,-0.6305243334080711,-1.361043373658719,6.451129264389817,7.404496091742909,0.48462486303465324,-0.16802044229103608,6.182169958115452,6.267252089953771,0.20672182947457488,-1.0654233493048142,1.773943341924432,7.391200749986078,0.05727417415230651,0.8227442255998602,4.891310628523418,5.4491366773793,-0.29831287759773323,-1.4700372196170273,0.21776689223227244,4.438330608012767,-0.48303653786531087,-1.3778057202910516,1.6478489122387991,5.359663373501399,-0.28612825386310026,-0.5796613381922255,2.0050770514972798,5.967439797872691,-0.25425933467514766,-0.7576308426784952,0.5468602855618048,5.848968207515609,-0.27483776875714333,-1.197630807649141,9.659746925873254,0.40528206402480715,-0.030659207396472155,-0.26995572738094487,6.552975337078495,4.525912569667652,-1.1515937668891765,-0.9611616909042917,4.504324719067063,6.793663444620942,1.4764969240343202,0.2644935411634678,6.921212331983638,2.826620151874613,-0.23830989895898239,-1.0279696253963297,4.415188901427888,6.350759781314033,-1.191699083738721,0.7932216115397276,6.068507668738491,8.305714221561573,-0.34065239774468614,-0.033768999071363805,7.574645647151783,9.4604913686916,-0.24474896430283496,0.07897122332447942,2.328462984134309,7.500412369108419,1.4175773904006268,-0.4903818330902452,1.0445103085702319,6.915472099049887,0.05567306688936344,-0.8081246968363442,5.993718088068893,8.958314459358665,-0.06374560214422813,0.028304128513143404,7.481660130384655,4.646910576628186,0.45567019200248665,-1.4291132481788895
96,0.370232001301407,4.948109049133513,-0.5638934712772299,-1.389972716657027,6.4753605075415495,7.396095069628357,0.4622889656485792,-0.17177821078790706,6.192506049589181,6.21398092248853,0.23850154191315825,-1.090845973058362,1.7768070506320472,7.432337961266071,0.03225715106575866,0.8105355529869547,4.8763949846435315,5.375634816398449,-0.27704570600614786,-1.4741932291201025,0.1936150653390069,4.369440321998215,-0.49862836717851133,-1.4146977597511392,1.6335424995456442,5.330680306591788,-0.3037875290968458,-0.6796613381922255,1.9923640847635224,5.929558255738766,-0.2696876795805241,-0.8218575236725291,0.5331183971239476,5.7890866671331525,-0.3422887868521598,-1.2601816921343858,9.65821396550343,0.3917842776557599,-0.061664563112223805,-0.22665960184974826,6.495395648734036,4.477854485122437,-1.163213074394716,-0.9470667049142807,4.578149565268779,6.8068881216791155,1.487077213657109,0.19647228970470393,6.909296837035688,2.7752216706047967,-0.23742810672658818,-0.9945712951846903,4.355603947240952,6.39042086189102,-1.1507322928241854,0.813002724210626,6.051475048851256,8.304025771608005,-0.3748320435214348,-0.09562598416352688,7.562408198936641,9.464439929857823,-0.27084712623864127,0.06010360547894414,2.3993418536543407,7.475893277453907,1.407481586614028,-0.5186478413552473,1.0472939619147,6.87506586420807,0.09969524255903355,-0.8135834299032607,5.990530807961681,8.959729665784321,-0.11760184384726158,0.03063210470269714,7.504443639984779,4.575454914219241,0.4608786493694341,-1.4274420725743675
97,0.34203732773754547,4.878610413300661,-0.4990061061369133,-1.4145645641108346,6.498474955823978,7.387506159088962,0.4512190792621847,-0.1748295508091001,6.204431126684838,6.159438623835612,0.2639642110472983,-1.1118412725764704,1.7784199081853351,7.472864738915418,0.009136266468457176,0.8012401587153425,4.862542699343224,5.3019251549424435,-0.2621242606525592,-1.4769193857409242,0.16868364698008134,4.298705434010658,-0.5035811039036313,-1.4129423455297814,1.618353123090802,5.296697239682176,-0.31950644664550226,-0.7796613381922255,1.9788797007844963,5.888465379555139,-0.2838708834565426,-0.8900738356041392,0.5160039577813396,5.726077582526433,-0.43406949111203225,-1.3332270948996598,9.655130737347818,0.3804512975632725,-0.09183492928024596,-0.18377241782589115,6.4372349950142995,4.430501149876723,-1.173402863987666,-0.9344119641708057,4.652503425951634,6.8167117361643506,1.4948141253624239,0.12462235199582336,6.897425431699359,2.7254931058455623,-0.23661923071879284,-0.9613009808488673,4.298067332599743,6.431070998101551,-1.1079095682434206,0.8421533055704893,6.032733446675184,8.29924447239983,-0.4279143189120598,-0.14416836747670592,7.548865842624709,9.46744511013177,-0.29528561621218635,0.040578926891030626,2.469715932985042,7.449960885386145,1.4078401634054984,-0.5176737141311886,1.0522787240426517,6.834386692712907,0.14379707387598148,-0.8172918576751866,5.984650715769318,8.961261271019456,-0.1702647707595693,0.031028964860768064,7.527487572453251,4.504082810590523,0.47756483335134514,-1.4219464933485022
98,0.3170870224306998,4.80788218509512,-0.4420331731261795,-1.4333899238713803,6.521035909787087,7.378764681548507,0.4395050067366834,-0.16351648715777678,6.217629337237203,6.103846560206788,0.27886432617963014,-1.1223637074369384,1.778876721508758,7.5129267468511856,-0.015379247607298897,0.796960876398777,4.849436486310596,5.228079185655397,-0.25918277906247295,-1.4774384207260394,0.14350459178489977,4.2280583167341685,-0.5128141928896053,-1.4096175380474603,1.6023778007585268,5.257714172772565,-0.33089573048139015,-0.8796613381922255,1.9646861566116691,5.843961687774932,-0.2821436976856733,-0.9641951320099315,0.49430048322573794,5.659416227781451,-0.5319938772889109,-1.402491538130306,9.650538990883806,0.37126267667197793,-0.12106510966297454,-0.14140712611122289,6.378564851814916,4.383780551668183,-1.1463032030210663,-0.9674652276664235,4.727244132219756,6.8229428537641414,1.4995848252005055,0.03528954559596245,6.8855944701634195,2.677428056803119,-0.23616374394434828,-0.9285656331010645,4.242671854187572,6.473178663380075,-1.049411632709897,0.8751011319559874,6.011337730729581,8.292036054025994,-0.4863972936797447,-0.18301308104539335,7.5341015618141,9.469474056476322,-0.3187630021503539,0.020724816411675766,2.540107941155317,7.424077199679585,1.4101100511765097,-0.5114583497910468,1.0594685777364508,6.793522099829148,0.18772800675542942,-0.8184549762872079,5.976137477231339,8.962812719262494,-0.22365914203070272,0.030633804459528072,7.551365814120818,4.432985485923098,0.48906433213588724,-1.4045415913671484
99,0.29498536377439083,4.736212688901551,-0.4381492434806701,-1.434581904401877,6.543011160123921,7.370588857190618,0.4229457829059835,-0.15555561257047934,6.231572553546185,6.047728374834941,0.2886948278552359,-1.1211849893580568,1.7781077591283931,7.5527747906711244,-0.030962913276263285,0.7628879974419822,4.836477347357472,5.154207264619095,-0.2585349472830817,-1.4775519216032085,0.11786388214041951,4.157577439831796,-0.5281890986946871,-1.4039288714247933,1.5858330142344572,5.213731105862954,-0.33643146306360167,-0.9796613381922255,1.9505789717273854,5.795751931174435,-0.2542272722191358,-1.063094258062788,0.4677007893612924,5.5892916508749355,-0.5884412089421681,-1.3797597412660942,9.644485735400657,0.3641923203664168,-0.14929921894546813,-0.09968540660782017,6.321249691663863,4.335407290284862,-1.1105499641200274,-1.0083049028904925,4.802223373479781,6.82470733104394,1.4986827624068302,-0.06284884775899269,6.873786282966202,2.630999775148066,-0.23566995746034522,-0.8965690521426981,4.190201272552077,6.5169337199778745,-0.9778860709003572,0.9086866118115248,5.987017866045594,8.282885399973724,-0.5543440555262871,-0.20828990587735594,7.518163411706582,9.470510297296906,-0.3409939327767463,0.0006098625957387215,2.6106134437141426,7.398504282190033,1.4017733775018377,-0.5338833188320188,1.0688549780742223,6.752599351014788,0.22908137849481694,-0.8112647599545338,5.964954520129805,8.96434440948547,-0.2748443625106679,0.03159554076980148,7.5758190307276125,4.36275840635474,0.49873167056676876,-1.384554532727622
100,0.27307790160035733,4.6644835936814575,-0.4368395370245407,-1.434981260815689,6.56415844926922,7.362811076562094,0.3528150889934774,-0.1369560159508733,6.246007294938947,5.991669125367038,0.29467318303943335,-1.1104439425419461,1.77655961346458,7.590919190543223,-0.04318938011080842,0.7344655106599083,4.823550599993318,5.080329668538934,-0.2576892072020915,-1.4776996557120659,0.09145442720568515,4.087380996260556,-0.5480122271056505,-1.3963103519428282,1.5690114410812772,5.164748038953343,-0.33651359118605056,-1.0796613381922255,1.9378676081164286,5.742597218271296,-0.23539979363150842,-1.0552773704158744,0.43827872891418396,5.520303663811631,-0.6301509126157441,-1.3612163043871994,9.637020774453385,0.3592080500360258,-0.17647674947258302,-0.05872702292843022,6.2657221934578615,4.284992045140338,-1.123396831194035,-0.9939716090830768,4.877157511600123,6.82156488865599,1.4960358551517525,-0.1089803656644848,6.8620027850931855,2.586171322540931,-0.2329203806682243,-0.864716973704893,4.141306969007059,6.562368050568451,-0.9581994777850275,0.8902798153561414,5.95930066326928,8.272470904679857,-0.6208768581080741,-0.23169227489972533,7.501113715067745,9.470540790426693,-0.3615996265342803,-0.020619316607771564,2.6807021125892345,7.371810116248432,1.3740373872159644,-0.5619773840213803,1.0803090469989631,6.712036113017061,0.26319235376031985,-0.7997980474499086,5.951212302004271,8.96592418652396,-0.32307089187048543,0.034184865445301874,7.600755614255951,4.293530679718359,0.5090340413534357,-1.3657231068223945
101,0.2512359247491303,4.592734530640673,-0.43148558912017976,-1.4366002180083406,6.5817992037188935,7.355963275764551,0.2763696942390676,-0.1219178057972936,6.2607409540909185,5.936146928239941,0.3002536779648131,-1.0977564442108763,1.7744001444590396,7.627642466076219,-0.053448524118968055,0.7081667910153617,4.810666139633214,5.006444685753331,-0.26311335635252026,-1.4767434989560346,0.06405381585040262,4.017565478663415,-0.562156728113019,-1.3906760273468675,1.5521857615219747,5.110764972043732,-0.31944735534573,-1.1796613381922256,1.926097618434853,5.6898333497505025,-0.20542067194648034,-1.0598185495811185,0.40677118328339673,5.452242848592271,-0.656989101700491,-1.3484677675965346,9.628196936979755,0.3562716988896043,-0.20180803208824463,-0.018924119991494792,6.20955235189816,4.235293464686184,-1.131903236244073,-0.9842738764084893,4.95195930435771,6.816115870372766,1.4928573058317676,-0.14620897518523432,6.850356766059774,2.5429354738556866,-0.2304676350070848,-0.8317864386268443,4.093396995117807,6.606882041336258,-0.9434352686933641,0.8467575945061506,5.928256820363877,8.26088629093487,-0.6836913143325156,-0.25724103102231444,7.48303373374103,9.469509824596305,-0.3796717891028495,-0.04173705151682919,2.749403981950033,7.343711247047363,1.2980776868699713,-0.596068785121539,1.0934686646869791,6.672046210644566,0.2909949075332462,-0.7854432760742525,5.935058757410747,8.967633429796225,-0.37414787031553853,0.028859885201261384,7.626207316323623,4.225244524377239,0.517441382297249,-1.341812936028861
102,0.22966164529312133,4.520904519740256,-0.423367718683488,-1.4390134727572008,6.595617688430847,7.3498673854746865,0.19814125633852436,-0.10495165658636373,6.275753637989159,5.881259106029397,0.3352083957201308,-1.11204955160128,1.7717277182530913,7.6630508056269875,-0.06344221288115601,0.6821317861611594,4.797510471815587,4.9326075108055285,-0.2749049016830948,-1.4745939424230008,0.03594597944475167,3.9480316772960715,-0.5638406435650918,-1.389994146989153,1.5362133937546882,5.051781905134121,-0.2901597727098505,-1.2796613381922257,1.915826584837529,5.636842422271447,-0.1683408817119146,-1.089570461340495,0.37392172819837216,5.384819460212444,-0.5386860146005806,-1.3999347762212864,9.618106535375343,0.35532549289002957,-0.22564343928572006,0.019753024059103355,6.1529571900859565,4.18607977086576,-1.1374671915341716,-0.9778386309526559,5.026602169649299,6.808805421613504,1.4896778381669582,-0.17566997032565754,6.83883338430942,2.5013461519243445,-0.22970022855836292,-0.797942015332777,4.046225231683139,6.649219921061565,-0.9151477774910097,0.8176947809857191,5.89407225464725,8.248024239383755,-0.7448178623843498,-0.289024278016333,7.4640501442858875,9.467422972020463,-0.39579881220370244,-0.061062544792948426,2.8143078662935315,7.313907807791286,1.2180973432897253,-0.49606878512153907,1.1080184100636414,6.632774046840853,0.30725379249961965,-0.7765176168647626,5.91635136389497,8.969076424056288,-0.4436627588405477,0.027466583136872395,7.652079385438486,4.1581538775757965,0.52508796382782,-1.3151599412769308
103,0.20849325935894691,4.448953846102396,-0.4164904635626101,-1.4410189775854452,6.605524751247773,7.344619802645369,0.11884795761721088,-0.07044423592729848,6.292514057775166,5.825656628449333,0.3673354721075362,-1.123304071570505,1.7685556076090334,7.697157394935045,-0.07293175363690475,0.6588319192464103,4.783765226731433,4.858877813684378,-0.23648307707544558,-1.4812412883311514,0.0077539472664970785,3.878531969946614,-0.545689194278301,-1.3972198478578446,1.5217054051191956,4.987798838224509,-0.25070297010326786,-1.3796613381922258,1.9074095407519334,5.582363899204422,-0.1303524097270513,-1.1210839645343504,0.3469874274683431,5.31482272140138,-0.4520437158104744,-1.430264478687861,9.606824363411057,0.35631314409298476,-0.24833799868103332,0.057330754476354946,6.096083830509248,4.137187839318127,-1.1419482329342099,-0.9726017855723048,5.1010860615576465,6.800021923097221,1.486877483270266,-0.19797815471379554,6.827348372881501,2.4614490511577056,-0.22845835572618384,-0.7627361027427502,4.000467842808589,6.690104660110851,-0.9092991063676243,0.7608638979595961,5.856831361528033,8.233573025482938,-0.8049844061065025,-0.31649518260503234,7.444260203675703,9.464369844780816,-0.41099120616227103,-0.07990747711068219,2.8752127334580178,7.289104368535209,1.1180973432897252,-0.4679009889865903,1.1233810996886224,6.593948165997615,0.3230871748081028,-0.8209465584722379,5.894168225952942,8.970449753213131,-0.5047888002529012,0.019792280231074436,7.678333783629877,4.09239588051195,0.5322511874520494,-1.2844509905189505
104,0.18766873618081642,4.376902897223124,-0.4018196449210061,-1.4451785263266115,6.611467149128634,7.341097590849004,0.03388029671328022,-0.03513639343424123,6.310880831380542,5.769491424870807,0.4001455640798873,-1.1357351186822546,1.7649090199271882,7.730098990897366,-0.0800514077559195,0.637759758048748,4.77194107287766,4.78481574926782,-0.2092432872297139,-1.4853340522418865,-0.01953051244741797,3.8086709775537217,-0.5210252402990302,-1.4066032485997386,1.5091702566140321,4.918815771314898,-0.17409055121326847,-1.4506869839251055,1.9008919202655807,5.526309700977705,-0.09362105930514579,-1.1480383978563033,0.3243852416778194,5.243309497466987,-0.3906927637407926,-1.4482262131174748,9.594407463477006,0.3591796818168025,-0.2698694613504059,0.09371967621402585,6.038986418862538,4.088557750039512,-1.150128553717441,-0.9629144873371815,5.1754299357211595,6.790123015361531,1.4838582141894658,-0.21946480397195628,6.815925455095193,2.423312246020568,-0.22623085508632798,-0.7265525815912075,3.9550028874902075,6.728147855008831,-0.8996910000524884,0.7392924524945081,5.816582141222708,8.217748266352686,-0.8612054322886772,-0.3331888029887718,7.423710643367589,9.46037447092528,-0.4247103595665069,-0.09874748012429303,2.931117600622504,7.265709319085879,1.0180973432897251,-0.49310706608543675,1.1395354584290276,6.552900838074003,0.32823569699140187,-0.8656125924554684,5.868928785940297,8.971439367224685,-0.5610748610629903,0.00900031093175803,7.704946343002479,4.028173330986003,0.5391731389248086,-1.2520866578430168
105,0.16757775393476612,4.304643970906793,-0.39054793976150615,-1.4482652749921343,6.613161163964298,7.339340771177292,-0.05441184305532025,-0.0056249208514241485,6.330888109584537,5.712704668936695,0.4326127177482909,-1.1478423352490557,1.7609064495393922,7.761986978799803,-0.09188127124459367,0.6169869254166831,4.761478908516175,4.710549046655726,-0.1792912101645705,-1.4892463402532583,-0.04558177446236948,3.7383408151237347,-0.4956409704024455,-1.415747162617154,1.5004657290533687,4.8462814221186425,-0.09804600300277097,-1.4967922305033456,1.8962108673003235,5.46890778108489,-0.05711764300532584,-1.1717238114553177,0.30485060349077975,5.170898186811113,-0.3424817532765653,-1.4603788031441054,9.580913990409487,0.3638656656275038,-0.2903004181313164,0.1288066000516876,5.981479991176666,4.040412025672653,-1.1555308556355048,-0.9564248228032761,5.249622846430633,6.779149775162933,1.4802566556590204,-0.24257005869886816,6.804613912340876,2.3869846169410076,-0.22287594320762297,-0.6896039543577023,3.910018337487583,6.765112477633556,-0.8923632720790272,0.7110398210686506,5.773521869608274,8.201088826203247,-0.9143896733451194,-0.3506789411022705,7.402475125389264,9.455437096919066,-0.4364755043318839,-0.11726627966767378,2.98202246778699,7.241053965781607,0.9180973432897251,-0.5496146356369046,1.1559472432785978,6.50962020845123,0.32843728995831606,-0.9081948957410672,5.840875042887148,8.971889382771273,-0.610992290748583,-0.006497901048107999,7.7319049999487195,3.965568998093852,0.5235557072245789,-1.1963680511325827
106,0.1480503569466908,4.232230707157186,-0.37952502685444267,-1.4511928727743721,6.610440571811532,7.33905952513472,-0.14174639844281722,0.022478710883423875,6.352518745471952,5.655312552174242,0.46051675736964404,-1.154577361340393,1.7563123859771625,7.792836325070637,-0.1125181441918097,0.5940062056119193,4.752514348007946,4.636086729643063,-0.16748932299729669,-1.4906197793810156,-0.07036382298249176,3.667553456992877,-0.4533927410023634,-1.429837411178755,1.4955634289032302,4.771441810593475,-0.023662222495668003,-1.4998133547967114,1.8933549851500573,5.410321590512124,-0.01795086765952353,-1.1907908843236648,0.28772651582695147,5.097879246653907,-0.3028156558473398,-1.4691162917120433,9.56639896950292,0.37030599563008815,-0.309671860628093,0.1624934793289169,5.923703448394891,3.9925907845324895,-1.1600900080863115,-0.9508896745355382,5.3236356792135835,6.76702127222799,1.4760784695675484,-0.26681894925046845,6.7934701151804955,2.3525044192231226,-0.21773163209247728,-0.6526047019191571,3.8654001738836317,6.800664468686988,-0.8851362431726818,0.6778223790329756,5.727802385941018,8.183554879148133,-0.9635475789237328,-0.37741371342683255,7.38065135017267,9.449573782935683,-0.4461577260425658,-0.1355118813217265,3.0279273349514764,7.213573233999761,0.8180973432897252,-0.6109605168605832,1.1723691077765135,6.464210463664176,0.36067085600407717,-0.9138011890468218,5.810325428349718,8.971564487718869,-0.6532270214691029,-0.027495797838612453,7.7580827853099485,3.905750595537223,0.5115513630592537,-1.1452458148807516
107,0.12907410560396868,4.159671063518467,-0.36553580785002926,-1.4547795617135355,6.603353251889391,7.340183460678891,-0.224740603202415,0.03116615342454631,6.375544583340433,5.597583684107222,0.48020506262839496,-1.1509224101107014,1.750686478767572,7.822536635351233,-0.11937252783925156,0.5852234023446787,4.74413988185808,4.561555740674012,-0.17172770483670297,-1.4901374417789517,-0.09303346003260993,3.5960615864339394,-0.4124388654406305,-1.4421838240231533,1.494380317778447,4.69645114285364,0.01903635138622952,-1.49987920091116,1.8924574417670812,5.350782046295941,0.02336388623051401,-1.2185349868016921,0.2725857330345845,5.024423432068304,-0.2723326567236838,-1.4750711589892267,9.550915376471515,0.378430669596534,-0.3273005050348885,0.19498926408843836,5.865698947990575,3.9450463008057124,-1.16524481174806,-0.9445657884415612,5.397439602691961,6.753680324765467,1.4643728996446244,-0.2841432746927826,6.782583533575871,2.3198741841271646,-0.211584826731564,-0.6145717678495236,3.8211433617249977,6.834555587638637,-0.8796579582921629,0.6530103184384168,5.679625006994832,8.164684193476791,-1.0094503019976921,-0.4052746350481552,7.358343463870542,9.442798188869597,-0.45370345502406073,-0.15454908630257674,3.0688322021159626,7.183025208156732,0.7180973432897252,-0.6712686394954709,1.1904026505767173,6.418520404211835,0.3914895150712311,-0.91895823618444,5.777664077276263,8.970189697826939,-0.6946198485030995,-0.05075495925132836,7.783660353462912,3.8484883047931855,0.5034587733828736,-1.097785270771407
108,0.11079731521146721,4.086932085432791,-0.35239523866060823,-1.4580183797776118,6.59211622172927,7.3417417683501185,-0.29273789786679794,0.016891231411263533,6.399554836471853,5.540037563601687,0.49390467763007345,-1.1339239104788197,1.7447178523756095,7.851797805468467,-0.12765494936854463,0.5761972608799685,4.735553496616245,4.487048868585065,-0.18812247003792334,-1.4881565563699375,-0.11365540330464145,3.5239523952327816,-0.38008745612600475,-1.4510456663026363,1.4953321353477584,4.621457182808082,0.053669726483287564,-1.4990395459957717,1.8936256360786068,5.2898552969558565,0.06851254498295542,-1.2476549254136764,0.2589691001984003,4.950669874118843,-0.24249135091518798,-1.4802695513761428,9.534550351219771,0.3881801328009559,-0.34318867444273304,0.22594541915016017,5.807436707403172,3.8978180113836345,-1.1687028043794798,-0.9402838693902706,5.470658247674192,6.739473161030828,1.4438941250374429,-0.289895125521311,6.772004292239293,2.2891455957346882,-0.20400308611381193,-0.5748104480930157,3.7771604638103895,6.867206103560558,-0.8696984974972372,0.6361720241707625,5.629152491894947,8.144420461724383,-1.054446402661831,-0.4296854029014152,7.335658291119339,9.435070734554468,-0.4593807754597039,-0.1745136441887004,3.104737069280449,7.149461776181958,0.6180973432897252,-0.749282566239932,1.209977126330279,6.372572492402613,0.41742843723805545,-0.9243349204775908,5.742933084851108,8.967651949864372,-0.7373079112901555,-0.0808881798047265,7.808833292132055,3.7935990412546152,0.4966191240036202,-1.0545705085605612
109,0.0931775532784368,4.01403116644391,-0.3398096427893442,-1.4610028770222796,6.57747932683593,7.342586329920682,-0.3360741224227672,0.006173720979258604,6.424250070353357,5.483341368077746,0.502151919007904,-1.105115847210158,1.7383351049071822,7.880607668512466,-0.13660591745526415,0.5666669885451544,4.726147373114349,4.412641040766568,-0.23026517892995146,-1.4822206135971652,-0.1326597761109417,3.45140011191765,-0.3534837422133442,-1.4577548641629874,1.498015621671923,4.546505205508294,0.07822612178678409,-1.49795883583969,1.8970512633277545,5.227472550685173,0.11322131251625772,-1.278411345310756,0.2468445326526409,4.876656396550035,-0.21462238108669657,-1.484566345279549,9.517390917497634,0.3994774037584639,-0.35736992328640294,0.2556682050998672,5.749001567184198,3.850803817914121,-1.1706864268428017,-0.9378130357411512,5.542852953926063,6.724978404754762,1.398610360436689,-0.2836754251699536,6.761804137933603,2.2604050733300376,-0.19766952785241743,-0.5473361758418865,3.7336755389355276,6.899014704769096,-0.8631822837821607,0.6227166824144186,5.576430171761856,8.122936191579313,-1.0982816194224663,-0.4518767932965797,7.312689252346353,9.426345052345033,-0.46340477555304477,-0.19482899031048845,3.1356419364449355,7.111997647869962,0.5180973432897252,-0.8492825662399319,1.2308485481921818,6.326355746378733,0.4386834669760048,-0.9303615636196949,5.7060676892866,8.963607540874136,-0.7800248942508565,-0.11586363401596154,7.833664248332236,3.7408705158265874,0.4904573802286101,-1.0155045812934866
110,0.07618707113896958,3.9409810225927964,-0.3299383892399938,-1.4632637012192022,6.560675620714791,7.342895015969645,-0.34829544835670045,0.0035322142999025053,6.449357666303752,5.428085575717239,0.5025709594047136,-1.0400170668165576,1.731504809034419,7.908941017939724,-0.1458317762032233,0.5542572262520541,4.714634114167851,4.33853001008671,-0.2707840372683656,-1.4753562299189453,-0.1503339632216089,3.3785123687095004,-0.3309185129685397,-1.4630423567944608,1.5019269277612621,4.471607263716309,0.110233619807975,-1.4959440327311817,1.9027123289535675,5.163551983419635,0.1451974669628596,-1.3028039456682885,0.23611341359830607,4.802428079286058,-0.19247012859140772,-1.4834290703101798,9.499522421333314,0.41226081401345727,-0.36982944428201986,0.2841124475772842,5.690467245842058,3.8039131661270633,-1.1707298045930976,-0.9377588840621072,5.612783471947898,6.710794633496264,1.3177990625431648,-0.28351778826533025,6.751920661540982,2.233038264537943,-0.1906833374737515,-0.5198667226262875,3.6905164247464195,6.930150538889817,-0.8451530663601522,0.6051757104796232,5.521516090790732,8.100342351914485,-1.1403010700869864,-0.4723584214761299,7.289519013568701,9.416603602829507,-0.4656649102947087,-0.21503025612240861,3.1615468036094216,7.069533519557965,0.41809734328972525,-0.8586553005183724,1.2527827215409821,6.279837668197748,0.45554611123116606,-0.9365366908726313,5.667066444574058,8.957814359173339,-0.818965717329012,-0.1521650203723153,7.858187117343666,3.6900952867619132,0.48552297357556345,-0.9818614786476126
111,0.059690151676969894,3.8678178375318364,-0.32221026654027063,-1.4649848272716164,6.543260848296956,7.343071626684639,-0.34364851825816684,-0.010115555091634209,6.474486214273988,5.376084722376411,0.5042533915868468,-0.9804947181742083,1.7242132202242577,7.936653879252327,-0.15579397583157642,0.5410229000086535,4.701094912304433,4.264762198590763,-0.3085812925848791,-1.4679160690811466,-0.1668798888700359,3.3053602508697772,-0.313835617494689,-1.4668016925241554,1.507438608751661,4.39681006207975,0.12781971359438327,-1.4945441180562886,1.9099722023017105,5.098411786136221,0.17561634575657603,-1.3196848661976541,0.22648990716873568,4.728256625770548,-0.1761747953847541,-1.474566568182294,9.481030949119212,0.42646643639232146,-0.38057606785770726,0.31121978469447936,5.6319307556124025,3.757025221923958,-1.1710348180804615,-0.9373779679741039,5.678673425075056,6.696618744082998,1.2177990625431647,-0.2891106586050815,6.7423864946672944,2.2070449284066287,-0.18222423138606686,-0.4961503280230351,3.648258771428412,6.9604093244137974,-0.8266638530723218,0.5884662620824636,5.464501037286383,8.076724430840677,-1.1790431474376029,-0.49247941324258265,7.266235768053965,9.405852090023387,-0.465595341615972,-0.23529272398358414,3.182451670773908,7.026600754532047,0.3180973432897253,-0.9189791110957649,1.2755600271025405,6.233010833654117,0.4664034325531303,-0.937825655751399,5.626118158707607,8.950206108154724,-0.8524670294656621,-0.1878768601674279,7.8824632660224445,3.6410022128295325,0.48167601976630214,-0.9528424208969107
112,0.04357963834995636,3.7945685961682556,-0.31544047596317204,-1.4664574000372899,6.526078422384048,7.342565848930057,-0.3353094879625564,-0.02852607683731597,6.49969888385333,5.327059986467701,0.5073540792247719,-0.9289277061025988,1.7164235214326788,7.963705024252759,-0.1635587846651755,0.5254799905056704,4.685665847675189,4.191366395136705,-0.33793013531470795,-1.461438751246929,-0.18257166974477035,3.2320201662435695,-0.303875972880351,-1.46889733919904,1.51382959443138,4.3220828561769356,0.13642023229691197,-1.4937836256366104,1.9187530195895393,5.032427542826338,0.2039497861795878,-1.3393744112330164,0.21768116739949797,4.654528297361433,-0.16259907906805413,-1.4616168869002504,9.462002145726327,0.44202742562704544,-0.38962466686245273,0.3369366139944061,5.5733790147083795,3.710156323525253,-1.1715936444899309,-0.9366794180458975,5.739563378202214,6.682163211152743,1.1177990625431646,-0.3015668693077392,6.733275283097991,2.182237412005477,-0.17210046591746944,-0.4787995157666989,3.606925578774796,6.989832637517921,-0.806049263321555,0.5704587452215016,5.405548879914503,8.052100460178549,-1.2106465254950827,-0.5135402793600601,7.242956000973167,9.394087453824207,-0.4628034477612347,-0.2553476872146709,3.1983565379383943,6.9806517989772585,0.21809734328972527,-1.0189791110957649,1.298880198730197,6.186119550866547,0.4657389372489035,-0.9334749275823154,5.583494807234324,8.940812265146352,-0.8834241262807714,-0.22661095645610896,7.906547067010759,3.593360091784687,0.47772334780630593,-0.9242207651943198
113,0.027807614551797758,3.721245726166391,-0.31081540019218606,-1.4674446452944556,6.5093129479859195,7.3411395450881916,-0.3271766562102561,-0.05021749751164001,6.525066587814568,5.280613601162571,0.5112833343824811,-0.8824260576765429,1.70824558219942,7.989979023778043,-0.16824245096892937,0.5068155783052195,4.668769340909454,4.1182944575743585,-0.3613794786689422,-1.4558175958536026,-0.1977654683887879,3.1585752992836174,-0.3002391976290482,-1.4696449993815055,1.5206506060462255,4.247393674895105,0.144903673142884,-1.4929845697493664,1.9289505088985186,4.965458822264687,0.22937774156861063,-1.4039558769541467,0.20955121344609526,4.581447453016421,-0.15062014734302895,-1.4472531927092713,9.442520912383204,0.45887425632676576,-0.3969956722783692,0.36121407158927765,5.514799332483883,3.663322352622958,-1.1735421787845828,-0.9342369906043829,5.795453331329372,6.667084867687357,1.0184303770592322,-0.32600477664588157,6.724670259802117,2.158297436217142,-0.16362978013742108,-0.4673841355272122,3.5666231156087185,7.018355574778996,-0.7700664518705967,0.5585706979137719,5.3450165536397485,8.026423446210545,-1.2341939647722548,-0.535634156556372,7.219815828585105,9.381320069463474,-0.4579441317847342,-0.2749228628576381,3.2092614051028807,6.92970284342247,0.18124449475990959,-1.118979111095765,1.3221671455926423,6.139445804487431,0.44294882266731855,-0.9547110537071742,5.5393236009202855,8.929481717323547,-0.9142436257734167,-0.26708682563488095,7.930433234401074,3.5471490535249712,0.4740376539909554,-0.8966424142927162
114,0.012266844542188455,3.6478734939016686,-0.313009722682074,-1.4669781571333946,6.492954115175407,7.33862867021261,-0.3194253746507888,-0.07338178174091857,6.550630754533692,5.236492298278744,0.519630795755095,-0.8446653469602954,1.6998334596509737,8.015319802693304,-0.1683784140065394,0.4899373504156817,4.6507003669760065,4.045503577781679,-0.4583746952769897,-1.3558175958536025,-0.2127774282702403,3.085093049314542,-0.30090549303574754,-1.4695087220771823,1.5278957897033696,4.172744446407637,0.15022675316251316,-1.4924583487100234,1.9404193959769491,4.89526102841698,0.2719479510717845,-1.409740501396605,0.2020202060789438,4.509084793380957,-0.1474991456971063,-1.4355887656374615,9.422671128769284,0.47693495990622964,-0.4027150162237532,0.38400811262683715,5.456122223544654,3.6166105030927387,-1.1875045567358453,-0.9164239890637977,5.846374850182333,6.650784628855063,0.9332117090752234,-0.3555057856333083,6.716488770795246,2.1349282294407814,-0.15719808431852,-0.46107036004741864,3.528119793015189,7.046284109674684,-0.7420437095991734,0.5614200649884403,5.283306855401135,7.999641738382727,-1.2503020172047918,-0.5579713726952118,7.196918621995868,9.367573926320592,-0.45124811022788,-0.2936230870187862,3.218323629840876,6.873753887867682,0.1970178402899427,-1.218979111095765,1.3443145867260082,6.091710251802072,0.3996696755191862,-1.0082298258324185,5.493611419631614,8.916127376041803,-0.9472729376687872,-0.3066242733258447,7.9541351171006225,3.5023169328103356,0.4709805135065031,-0.8707868641227714
115,-0.0033836415919152475,3.574524586044999,-0.3222240968022495,-1.4649817853611609,6.476982846442867,7.334959581125564,-0.31282282956821966,-0.09403116570307296,6.576612294321447,5.19425903093073,0.5246926073363489,-0.8053176774780643,1.6914145389506468,8.039816670214087,-0.16844607757181745,0.47143056567857156,4.627781632212157,3.9777126979889985,-0.5254224343059204,-1.266193226709163,-0.22782270292202766,3.011617613210683,-0.3029784134320134,-1.4690827345640611,1.5354071273614953,4.098121528972135,0.1530875029712958,-1.4921676234371304,1.9540167935305384,4.82477400334715,0.3163157472544169,-1.4143341952341284,0.19464524879408848,4.437305355099084,-0.14229009797727005,-1.4238289174898309,9.402535377958097,0.4961353655375715,-0.4073247817086823,0.4050241441305145,5.396746995707861,3.5707893036395486,-1.2024633749889166,-0.8967061011336238,5.8930354356360946,6.633009339573397,0.8485288332035651,-0.3874210360538787,6.70862886657932,2.1118747114384107,-0.15381034629929202,-0.45837458892693,3.4910176075352304,7.074355112924106,-0.7203205270997647,0.5614175631140349,5.220791754540896,7.971743169747967,-1.2617785860824888,-0.5666773165180725,7.174356216484474,9.352892771969653,-0.44172406583338686,-0.31089960059529376,3.2281745218553732,6.812804932312894,0.21850452347981164,-1.3189791110957652,1.3642980705019676,6.0412987605104504,0.3364934131404936,-1.0799656311054746,5.446247772748175,8.900796162375512,-0.97872614778422,-0.3414574244279107,7.9776841427759475,3.458777589604197,0.4684081338727188,-0.8461805289596549
116,-0.019494846432027722,3.501275496776941,-0.3350420549977026,-1.462103560416606,6.461341704964457,7.33025802284041,-0.3059216994879966,-0.1135549159486441,6.602846924688264,5.153993147056826,0.5296070635697312,-0.7645334764521015,1.6829922350720559,8.063388198498016,-0.1671259140387259,0.44960417922685036,4.601510510496861,3.9144030366535403,-0.5829808754680298,-1.1886807359598037,-0.24297162359362834,2.93816347648248,-0.30475751343191415,-1.4687146959184403,1.54306150251006,4.023513147800279,0.15540164243843874,-1.4919283928953948,1.9698325808932593,4.7540572935854435,0.365047390215919,-1.423742155857631,0.18753074389522498,4.366113909224592,-0.13549668690120117,-1.4119024982019108,9.382169138872664,0.5163865727440972,-0.410953848876322,0.42418339558200685,5.336623826958416,3.5259539985828674,-1.21527363355625,-0.8715325026057155,5.935461877296273,6.613638287770703,0.7620704660942663,-0.4225928011429137,6.700938349264356,2.088955981992064,-0.1530520299314274,-0.458302770795675,3.4550015811802424,7.102425991079808,-0.6990801064602498,0.5665608214621423,5.157702825236771,7.9434093039220635,-1.2672249057370728,-0.5815898323967499,7.152270013192805,9.337347791939889,-0.4295348042181105,-0.3268467875421627,3.2390997480293637,6.746855976758106,0.2304541416405363,-1.4189791110957652,1.3811227411589924,5.987300478955177,0.25488450973244303,-1.1634778359909574,5.397311465358964,8.883723291154116,-1.0072791746988166,-0.3711230465430459,8.001104549469584,3.416468563156214,0.46607557576236247,-0.8221891274661055
117,-0.03624694918191285,3.4281703187561106,-0.36119304349373804,-1.455863862224669,6.446045619990056,7.324580277042978,-0.2955910313962226,-0.13001361803604644,6.629327277866751,5.115766473234221,0.5357117128005691,-0.7231262280743015,1.6746359393701196,8.085868407459358,-0.16785417439193348,0.4249784040088404,4.57236146672346,3.8549689998555503,-0.5965725986120842,-1.1331078745267746,-0.2582094992652241,2.864727741686558,-0.3068183567974774,-1.4682855634828313,1.550831584631982,3.9489167281555093,0.15928950991138197,-1.491518304290025,1.9880849504040552,4.682870185792562,0.4150587446756976,-1.441432009658532,0.1807559095501649,4.295518784314496,-0.13124530700897113,-1.4000896853669327,9.361621446428847,0.5375957425231975,-0.41361334591385196,0.4414756641562447,5.275860145280603,3.482377373452582,-1.2197147119360001,-0.8451041428587824,5.973565400600986,6.592508647713557,0.6828086803486456,-0.47416993408320607,6.693285747767785,2.06604084345228,-0.15415043810892243,-0.459645822419228,3.4200475758572297,7.130754032152915,-0.680339421176112,0.5759681815688489,5.094341579949917,7.914329812302226,-1.269017031513483,-0.5974341029837174,7.130793272981899,9.321005452562781,-0.4222648540070624,-0.3386135058701618,3.2506224551113907,6.675907021203318,0.23121061394623219,-1.48207343002923,1.3938669666456145,5.929126587155629,0.18045010416718119,-1.2312969306488555,5.346947506624023,8.865167138826964,-1.0293928272261488,-0.38904060509388055,8.024408328257703,3.3753591067829087,0.46076797697779653,-0.7987624635905257
118,-0.05430660135659976,3.355377125644877,-0.39642767652912425,-1.4466668923016521,6.431266068420245,7.3180795961411755,-0.2856952462433105,-0.14737101660563034,6.656112863506779,5.079610161830506,0.5424861323466964,-0.680232949475516,1.6662432306505228,8.1071173276598,-0.16897426971943,0.3980468260879267,4.542532836792856,3.7983136061292115,-0.6178343368528031,-1.0732995249173996,-0.2735504171050979,2.7913134635124166,-0.30988849260849494,-1.4676406652000464,1.558796060127551,3.874340812941008,0.16635138688883075,-1.4907472005944409,2.00883788763784,4.610798585309635,0.4495690094441071,-1.4310442710648208,0.17419364419971634,4.22551430004615,-0.1285290089801444,-1.3894115661545436,9.340940779133154,0.5596695257310098,-0.4153119721191771,0.45689433522777406,5.214874409683803,3.4401221663096426,-1.2146800718771251,-0.8136861084244639,6.0077058346184185,6.5688001510093965,0.6123270402481665,-0.5292432132255859,6.685578225862339,2.0430585523313187,-0.15693303624677796,-0.46116616060808485,3.386030604798424,7.159552441231357,-0.6622481225363377,0.5841291191463349,5.030890728374243,7.88445810715304,-1.2682006166357107,-0.6126904691174072,7.109680030281546,9.304074777269273,-0.4152994388273329,-0.3500798622370346,3.2621829858087024,6.601803349701856,0.21936983513472613,-1.4838722571141234,1.4028894718539735,5.867561740623186,0.13149669020386331,-1.2630247185011427,5.295477865262716,8.84571510857227,-1.046307443751322,-0.40700705137436,8.047446727106593,3.3354209836033823,0.4529639393472385,-0.7762612124890319
119,-0.07412798518305597,3.2830437810297943,-0.4335483102612291,-1.435979060665452,6.41698130610808,7.310711045310894,-0.2771047014830833,-0.16580715493752046,6.683237170124114,5.045598514356731,0.5509834763041206,-0.637823076466788,1.6577945171645514,8.127019668964197,-0.16776080744118313,0.3702097284431208,4.511641119950216,3.7446486298833417,-0.6414442835209512,-1.095876470937526,-0.2890448417355227,2.7179314302524142,-0.31851042420690934,-1.465793679093867,1.5671136294719925,3.799803452911286,0.17131009053212223,-1.4901855095530476,2.031316338110045,4.539246371756394,0.47174228785223044,-1.4238887645641225,0.16776719375070911,4.156043721738423,-0.1270051257119073,-1.3774062064750832,9.320175180527196,0.5825142424923985,-0.41605958759065936,0.47043000467376556,5.154140406089947,3.3994378608884195,-1.2056723199354442,-0.779644468261996,6.038322186630827,6.542337990348117,0.5417544434597602,-0.5825162413608855,6.67773157405,2.0200002443009146,-0.16156895848500866,-0.46279425049051826,3.352918198671607,7.188758897188674,-0.6447102351419094,0.5889833158289073,4.967480697542458,7.853823583697169,-1.2705224891233748,-0.6246670330479187,7.08891505834018,9.286570784157421,-0.4086919465592474,-0.3610190959871395,3.2731514775654387,6.52760973684615,0.20732333409697218,-1.4856032563032822,1.4094643063641668,5.804410504698129,0.11049681900950067,-1.2598563080658238,5.2431624930751495,8.825364756003552,-1.0600118271245824,-0.4229443260688027,8.070094924073954,3.296607922978931,0.4417954847597789,-0.7543327366918555
120,-0.09580540069611743,3.2112448279965218,-0.4714136973467056,-1.423997586358175,6.403126071033926,7.302420687564018,-0.27201595754308755,-0.18497337566210315,6.71078634393932,5.013707360533391,0.5613980662456222,-0.5966394140522373,1.6494064767924923,8.145530155386353,-0.16454624736458878,0.3425005602473963,4.479568905774168,3.6898548063364656,-0.6625493986365937,-1.0837922364316341,-0.30497036294586816,2.644641746297721,-0.3316577468517787,-1.462874956704503,1.5756791339985987,3.725294177433634,0.1634828237557986,-1.4910645077718236,2.0549034525026566,4.468051933528188,0.4471932394484116,-1.4317884643311092,0.16141693746511376,4.087173411414669,-0.12093465974484817,-1.3659090598388355,9.299372201147662,0.6060357427260867,-0.4175718807357199,0.4801441938455566,5.0938567900931755,3.3604556374753196,-1.1970997295843395,-0.7497566340706736,6.065409908803815,6.513212178280073,0.47383849125410227,-0.634804678250534,6.669653126125749,1.9968605317763888,-0.16889508309352536,-0.4679576783053595,3.3206826869145116,7.218208062980119,-0.626652785979903,0.5920728933473108,4.903954573086289,7.822590232044773,-1.2829287548590012,-0.6318455184414429,7.068480461012218,9.268519829358064,-0.402698614217934,-0.370758503139077,3.283517644270287,6.453329574030986,0.19885615072423296,-1.4867603140113543,1.4149891473146419,5.741417689294838,0.08567333369465463,-1.2554307403047602,5.190161901718921,8.804217539700112,-1.0684495589866505,-0.43929281618778315,8.092184698311943,3.258891286144338,0.43462297920224185,-0.7472062235683432
121,-0.11937608556345271,3.140044948678613,-0.504231659829361,-1.4127103146879503,6.389525273156772,7.293172018780913,-0.2668470643548494,-0.20515735016657397,6.738856247251602,4.983875389830779,0.5711502176156706,-0.5540710940163028,1.6411791644242628,8.162655183398723,-0.1596838990017853,0.3152889537448633,4.446441435842338,3.6356651945148837,-0.6757318405268334,-1.052127096041238,-0.3215532502884571,2.5714979984624957,-0.34377191773839316,-1.4600756379634814,1.5838532751863887,3.6507409520450427,0.13724826553112054,-1.4834088119460085,2.0772631144750773,4.396462510311633,0.4855169985214544,-1.4192509447404704,0.15537020447787137,4.018877958422728,-0.10930095812236205,-1.360810668887083,9.278493607110876,0.6300429524183646,-0.4204031792211182,0.4864985690291389,5.034001803613958,3.322967805771786,-1.1553170077072414,-0.7366101501725107,6.08910183336652,6.481471944367546,0.4173789988091102,-0.6871472659599609,6.661208371971073,1.9734626478611208,-0.17575429769742626,-0.48026881279275,3.2893500476155166,7.247811707647484,-0.5867718665234211,0.5982140466977833,4.839808135343339,7.7909979561227,-1.2989284385967559,-0.6388299050345463,7.048345530301321,9.24998190420111,-0.39744546837418976,-0.3787418948710545,3.293460451806499,6.378991558330418,0.19328630317975032,-1.4874946739410886,1.4192728139993747,5.6786461522796,0.05101567654820077,-1.25833024047362,5.136739423769588,8.782252898890723,-1.0724132280036078,-0.4554473706740579,8.113915847272056,3.221530974965921,0.41612412039277075,-0.745870652513974
122,-0.14458766855492075,3.0694094329442154,-0.5456487418930389,-1.3972356460062647,6.376182919939029,7.282914151272585,-0.2601524256257539,-0.2255800785262732,6.767413758132385,4.956171835129964,0.580953865908689,-0.5127726092140568,1.6331949694741736,8.178419631085966,-0.1536979226186953,0.2886436122293222,4.4126548438159965,3.583058839712822,-0.6509201301095627,-1.0354203909478543,-0.3387418461753768,2.4984942165643216,-0.31098516098447165,-1.4571855035469607,1.5907156884629448,3.576570511447742,0.1037615773940661,-1.4524483891917208,2.10153896440115,4.325499963074609,0.5168896231571508,-1.380790052301582,0.14990515657175327,3.9508374249783733,-0.09601858010445968,-1.3543906995369834,9.25747344814982,0.6543678808698216,-0.4213894891294486,0.4907425303782686,4.9762359532285965,3.2861372982631605,-1.1061094067560466,-0.7242818093142896,6.109970783306975,6.447114581069548,0.37374020319486767,-0.739850539256317,6.652420657086202,1.9494492072214833,-0.18634365292775767,-0.49330969812199654,3.2600114542893457,7.277722409982373,-0.5468106536499622,0.6015387673337935,4.774861713413501,7.759056460870973,-1.3164742429781264,-0.644656249748115,7.028473256882612,9.231044809457558,-0.39300689711481035,-0.3846566392332895,3.3031247669654866,6.304616824633364,0.18723825674205138,-1.488268065642812,1.4218235978267848,5.615729640255919,0.013096578409391567,-1.2641269080345552,5.083118762369407,8.75948053035702,-1.0836987476035225,-0.4693085172433099,8.134722053291695,3.184237442340222,0.3990354553246212,-0.7418578905038765
123,-0.1718701056495727,2.999547650643902,-0.5925050673342571,-1.378019501017031,6.363175298657741,7.271635147346271,-0.2514044769196039,-0.24594890491558596,6.796461451427819,4.930533204669261,0.5923454877367682,-0.4735420807402027,1.6255100733432388,8.192851811697432,-0.14837240444273572,0.2623700725669611,4.380108837310519,3.531287820165429,-0.6199173403737687,-1.0051366776070951,-0.35429110422460036,2.4256349413869733,-0.2848275851387533,-1.4461990018234328,1.5959037673326482,3.503948091988156,0.07498498537784601,-1.4057531925631503,2.127383445559008,4.25646046045953,0.5516148242870641,-1.3491594677039944,0.1451042275665303,3.883117890001524,-0.07843054136191742,-1.3429534525885027,9.236403973693347,0.678905007388735,-0.42035959826063585,0.4923516708265408,4.920930482890794,3.249923207797446,-1.0464659772383007,-0.7119386313698679,6.128657793466719,6.410122054106732,0.3403823624184242,-0.7864854696285553,6.643103474439814,1.9247837223153834,-0.1894261283664717,-0.5007780938021856,3.2326709216068474,7.307799348349063,-0.5040055958859089,0.6025575184670269,4.709038001264595,7.726823648383567,-1.3353333805728262,-0.6513740545674604,7.008822912026871,9.211811977495893,-0.3894641084155411,-0.3879608223438843,3.312486679802589,6.230203421351223,0.1883676949021993,-1.4881255362089691,1.4224784267472543,5.552523294854192,-0.031214164207261877,-1.2787608914081972,5.028933824989231,8.736015104494856,-1.0999857987447845,-0.4801302925903043,8.154673826057925,3.1471445478150284,0.38229536119935037,-0.7348142822258404
124,-0.20149535901628557,2.9306466755930507,-0.5645175950876358,-1.3897193547031257,6.350605074811761,7.259337702100492,-0.24195785299820954,-0.264765906496778,6.826078725814658,4.90685610063225,0.6042223301163382,-0.4348847850363148,1.6180914531211021,8.20597031532578,-0.14482688361556154,0.23616506930539494,4.34911297029183,3.4810309862850746,-0.5859025729653977,-0.9694588452420592,-0.368532483481538,2.3533249912958016,-0.26143021545596445,-1.430144812618263,1.5996530166015404,3.4336604323599986,0.04490182080513025,-1.3520871433211308,2.1549641867733613,4.18900248707433,0.5866857949415517,-1.30085986006945,0.14118270049843443,3.8159702173720986,-0.054607487227071684,-1.2805199236883562,9.215385993780316,0.7035225909300621,-0.4175731718282051,0.49084580408664186,4.868607184028879,3.2143262762289524,-1.032490528331879,-0.7143879272259265,6.14567691158764,6.370797780625304,0.26885293226743845,-0.8521107020866698,6.6336321680214905,1.899744817625274,-0.18747461269188065,-0.5000083723183739,3.207470641812552,7.337927224272414,-0.4805955125323894,0.5870415949669658,4.6422713322359535,7.694254945655194,-1.3488475830800906,-0.6562089588073289,6.989349706606094,9.1924139363787,-0.38662020429283084,-0.38852869316382543,3.3219050645476993,6.155797144540775,0.19149422823380458,-1.4877264400934531,1.4209177185368913,5.488585250283782,-0.04128977955369361,-1.3141701720659653,4.973934535051992,8.71200858986534,-1.111404171137439,-0.48869048219506356,8.173788594117893,3.1104038337037365,0.36382734332320216,-0.7245970648698739
125,-0.22972123877066736,2.8611607078578944,-0.5654738491675737,-1.3883446446312937,6.338507182161851,7.246099406775653,-0.23264393434805924,-0.2811765419085174,6.856289842320475,4.885111861380435,0.6135872092476553,-0.40572987041877634,1.610850108940324,8.21777856879105,-0.142577725069233,0.21020643588254337,4.31981784164356,3.4325580440229717,-0.5481194389817856,-0.9303129225812315,-0.3816039942543362,2.2818177506648887,-0.23705920986123408,-1.4159518976554943,1.6018981076417969,3.366056075193942,0.022828535523472075,-1.30079982604513,2.1842984765204387,4.123959494070857,0.6162775490204168,-1.2513453249999844,0.13845232613708083,3.751944221187681,-0.025012821461309353,-1.2404034287943284,9.194507335188906,0.7280648811343942,-0.413111712757761,0.4879171218562289,4.816982657612285,3.178606879867656,-1.0090942643152507,-0.7195656951732426,6.159119558201012,6.328192245520971,0.21264735560918954,-0.9180129530918426,6.624258437386897,1.8747443990093553,-0.18260517398405213,-0.491995243829118,3.1834408661859324,7.367279304020762,-0.45706338866869234,0.5694998288002788,4.574828953081949,7.661444497714828,-1.3490422718826212,-0.6558086219879821,6.9700186963914526,9.172987501720508,-0.3842517813226551,-0.38711791930167216,3.3314797759593895,6.081410822536102,0.19260790585119314,-1.4875826681578463,1.4188532295592067,5.422876741680484,-0.08770053685693152,-1.3562916450207154,4.91836432649512,8.687574065755587,-1.1186181972905265,-0.49616743263189406,8.191979961284053,3.074173980460243,0.34357899282214166,-0.7114371997289589
126,-0.25799493122904604,2.7917434756263297,-0.5651217097691181,-1.3655820003403696,6.326874985444448,7.232040579680227,-0.22723245249075943,-0.2982451425631194,6.886969202782858,4.8648253678594955,0.6191195439925856,-0.39142205409215813,1.6037212226868622,8.228288890585178,-0.1413328362420283,0.18455088909814243,4.292411869694471,3.38604239789391,-0.5125655306337021,-0.895009556396997,-0.39345695474739795,2.211020155782114,-0.211482981957868,-1.4010650415763928,1.6030395344179704,3.3010160838916858,-0.003791366729678867,-1.2622939022971136,2.2151123539714597,4.061392227820858,0.6376613799253774,-1.2091941331693494,0.13720168506401537,3.6899240497479644,0.01298000762308701,-1.2131819130196015,9.173851749551018,0.7524607372272056,-0.40794485432308386,0.48383051453413206,4.766527944396523,3.142628595108994,-0.9726337365375789,-0.7239232398785144,6.169751925981472,6.282291597866379,0.1748621861269584,-0.9717274907123871,6.615128178687694,1.8501446368178993,-0.17696238922464985,-0.47646812061630367,3.160587696752498,7.395754295460776,-0.43240074946800494,0.5510930353251278,4.507376839487818,7.628654066615429,-1.3478505211210858,-0.6582544893227977,6.95080610732532,9.153631605755423,-0.3821119585564703,-0.38554352761624594,3.341110171251949,6.00703168912821,0.20337094636272895,-1.4861494736989034,1.4144682027163602,5.355062159429448,-0.12639552653817543,-1.400109978765718,4.862433416630594,8.662765694123992,-1.1256183589979278,-0.5050503240186415,8.20915891092516,3.038602120473795,0.32160021070477485,-0.6949901801519326
127,-0.28625101671750197,2.723464375609311,-0.5511083046249035,-1.3343676170958552,6.31551336281991,7.217128322552071,-0.22599129714949184,-0.3166868136961608,6.917925179982487,4.845254265154888,0.6227228582283921,-0.38141674912976153,1.5966545808747608,8.237516435040085,-0.13487297275812252,0.1599149065847147,4.266783593162786,3.34129192007406,-0.47945992479301913,-0.8560793906293273,-0.40403110384529134,2.140966903703294,-0.1843857865709814,-1.385518540893562,1.6028499660814866,3.23790138877683,-0.017472842547836064,-1.2319862189484578,2.2469954229677285,4.00093252116239,0.6476575691024137,-1.1852719222375714,0.1378506854451697,3.629264954096984,0.045628517363916474,-1.1886027545942703,9.153454506834864,0.7766522629539122,-0.4028728198001928,0.47871467879296975,4.7178962575696435,3.106432433115068,-0.9220891348587307,-0.7229268449574202,6.17849503528782,6.23370522333076,0.1550457025697341,-1.0044361355793305,6.606280059226462,1.8263212307870842,-0.17046052383768695,-0.4537669644769299,3.1389676592790976,7.423308947227032,-0.4034811301461818,0.53652665553959,4.439984313431763,7.595741342149289,-1.3444042045119413,-0.6652648607063312,6.931700509397497,9.13435442937461,-0.38228643364518583,-0.3834357458856537,3.3512787185700854,5.932724215443265,0.21472335560101724,-1.4845517439818119,1.4081484263894515,5.285056660491161,-0.15677118004350074,-1.4535205148165147,4.806152498680698,8.63751317792306,-1.1356974224730598,-0.5151802079040251,8.225238921460399,3.0038526114661983,0.2981859222435665,-0.6757466983966759
128,-0.31380643194874713,2.6567459947545182,-0.5281502450159672,-1.29942678722277,6.3042137979624355,7.201293981867263,-0.23051353842897468,-0.33804809914423517,6.949061322893907,4.8261834276984,0.6325140998146005,-0.35324113882588276,1.5899109322368545,8.245512180369321,-0.12942789362520798,0.1310930090780008,4.2428105969231344,3.2984879505425937,-0.4216745031831406,-0.8618383433512806,-0.41325039317384044,2.071690976658616,-0.15526042393632258,-1.370658477102287,1.6019763239540947,3.176302077829407,-0.01749114005619502,-1.2091997566414816,2.2793783014228493,3.9416689250505117,0.644474720932014,-1.1777562898763978,0.14013211131336553,3.5698348163672704,0.07091871449793442,-1.1660051108612457,9.133310865844853,0.8005879968935607,-0.3981208573768682,0.4714409816849394,4.671791800826707,3.070286090867197,-0.8667224339710506,-0.7192130564927548,6.186247320416307,6.183483416551793,0.1478723655274024,-1.0205825093281098,6.597757033034577,1.8036328825632377,-0.16010290699589388,-0.4121401057656872,3.1187936027717886,7.4501352800040115,-0.37178202702919266,0.5211940163222133,4.372764103206166,7.562478099113973,-1.3370403240687385,-0.6799435063401683,6.912586187715237,9.115182642080327,-0.3847889856925577,-0.38119169005571146,3.3620148863501362,5.858496628244175,0.22122514499205803,-1.4608317596888278,1.4003098673872765,5.212380634750335,-0.17472957708730855,-1.4897884329296192,4.749367627557045,8.611754167527858,-1.1495490963741408,-0.5270547845620356,8.240148217572576,2.9700652765463644,0.27384669784543036,-0.6545310032539299
129,-0.3402139441995455,2.5917746553933796,-0.49730285651003153,-1.26388749989405,6.292688121040987,7.184391576910051,-0.2394616633741384,-0.36091284321142725,6.9806870278846365,4.808521370757106,0.6385595132044025,-0.3277615538935555,1.583439537555594,8.252066830823221,-0.12257008271069153,0.11637055751035097,4.221726871763978,3.2553960333750296,-0.3653134895322464,-0.8436347391299366,-0.4210134143706566,2.0031580528035016,-0.12376323155351007,-1.3547083278045726,1.601101766951285,3.115842089997333,-0.016783047679605246,-1.194098353643511,2.31160203746945,3.882781110556692,0.6153411507377696,-1.1913976040849052,0.14367804703826226,3.511534560824208,0.09209467867458924,-1.1476507486118712,9.11340482297601,0.8241600459778077,-0.3926420271138496,0.4641490537512465,4.628455679128154,3.0343254380425595,-0.811269127534512,-0.7174286836042494,6.193640938692677,6.132454291085387,0.16717031400705482,-1.0297175261270828,6.589751887684782,1.7830258772749534,-0.14694251137364048,-0.35952362875305294,3.100204501420329,7.4761949808201225,-0.3388653500310542,0.5031285637465297,4.30591208700273,7.528480923796964,-1.3275351298265932,-0.698319754178765,6.893346738430609,9.096123057577541,-0.36978379502206743,-0.3939143044632508,3.373076143599739,5.785455040259733,0.22582855289656376,-1.4411488277888034,1.3915733885329111,5.137891213103854,-0.14703339254577474,-1.4927763333723105,4.691890172738338,8.585401428299756,-1.1632351408883201,-0.5395946958321772,8.253840552464847,2.937338726383668,0.24930048439738273,-0.6325238895587852
130,-0.36507908702504704,2.528580280398677,-0.45707597381387977,-1.2342517188443216,6.28071503787228,7.166345934749479,-0.24994918555898718,-0.3846559988100677,7.012615003544856,4.792133293062428,0.6408281132957406,-0.3037889531950844,1.5773110334200595,8.257885358698738,-0.11433568613381012,0.10931207489321115,4.203461197287365,3.2132142964185326,-0.3169175071475647,-0.8262199904612659,-0.4272015759483321,1.935422636413273,-0.09057637862153375,-1.3364677865848613,1.6002626145673047,3.0561371723151574,-0.01741986258679843,-1.1874089832199557,2.3423690950063385,3.8232112303524466,0.5605994641552043,-1.2244306949147545,0.1482827809719917,3.4541520233936147,0.11171666631544694,-1.1369632833911814,9.093772721620317,0.84736749866537,-0.3861368268470115,0.4570169877100153,4.587892222751429,2.998454003862347,-0.7591167740093502,-0.7246507072105497,6.20199945439303,6.080968414779033,0.18721410881782677,-1.0350978939872808,6.5824047621161,1.7650496958373008,-0.13222548680889742,-0.30166829089485286,3.083261233918776,7.501351409007449,-0.3026797039739253,0.4832794838991939,4.2395353305114,7.493564936088026,-1.3154986037193415,-0.720738110281719,6.874857548679506,9.076427342354378,-0.35776955052524506,-0.3994982184600665,3.3843675712445673,5.7133975988702925,0.22053415356058334,-1.4013735396837923,1.3842217189056223,5.063252396435239,-0.1142000963313053,-1.495646461567011,4.6337284156939225,8.558421693508146,-1.175466921476947,-0.5522414171356402,8.266305576684717,2.9057125319057286,0.22476554516789435,-0.6101012644343308
131,-0.387932885715741,2.466867694456461,-0.3570759738138798,-1.269514977063087,6.268217578594331,7.147113134808976,-0.2620188355533605,-0.4090246559817939,7.044656409209643,4.776943845402674,0.6290414914867349,-0.28251535213993917,1.571594249113369,8.263350962443399,-0.10419021414370164,0.10104168158123376,4.187615321929987,3.1719032968954695,-0.27636746594883427,-0.8119035329512714,-0.4317303948794088,1.8685992470840298,-0.055402974404767394,-1.3191442032203746,1.5993916214379647,2.9967667231541597,-0.07116665228063082,-1.1703208858860477,2.3703990682140987,3.761989695606709,0.5076501369247508,-1.1486528066167199,0.15386861428776405,3.3973038592240554,0.13018394509399994,-1.1360477138585188,9.074465880277966,0.8702183480508707,-0.3787429354826755,0.45018298214556407,4.5499363840509615,2.9622214685018196,-0.7365898347960743,-0.7316335515334695,6.211360159833921,6.029213520079669,0.20960644733215478,-1.0267997755747862,6.575793487775655,1.749966281292558,-0.11632286923515933,-0.24320344189964413,3.0681272487200797,7.525515383202409,-0.274951104664004,0.46076458631427875,4.173760400325433,7.45752803057394,-1.2962832510267193,-0.7547514379632541,6.856969071153244,9.056452431431374,-0.3461915136805147,-0.4052037289124562,3.3953942789225966,5.643328921886103,0.21139731136936402,-1.3520508213019107,1.378511714089057,4.988470073356888,-0.08062288015842016,-1.497831749962245,4.574955069620075,8.530809622651365,-1.1848756383343804,-0.5643684105235778,8.277543853943111,2.875207468684012,0.19991321120497701,-0.5868622449212005
132,-0.405786684406435,2.4033919456033064,-0.2570759738138798,-1.2950890651597056,6.255116636816663,7.126661902009886,-0.2728309914557462,-0.43229881839348366,7.07610848378398,4.762818077795678,0.6150223821780153,-0.2625016174416436,1.566384738406184,8.26840304652246,-0.09126241521687134,0.09265221607038858,4.173796948632545,3.131308120247906,-0.22997807691074834,-0.7755554463557361,-0.4345005435996472,1.8026420369230112,-0.017947326220944762,-1.3144855872587038,1.595833288823933,2.9382506788598572,-0.07621615401262259,-1.1468186433208927,2.395781575060336,3.704557055275873,0.4446849226722789,-1.0818166998395287,0.16037781154246405,3.3405014735311296,0.14839827368105515,-1.1398781642592288,9.055528733503833,0.8927274971581489,-0.37084183913868135,0.4436900738465948,4.513106892311158,2.925639790925146,-0.7160635672079357,-0.7387358621909708,6.221840482200529,5.977873531300929,0.23587467920089866,-1.0076950131994313,6.569977344313897,1.7378061091975758,-0.09890438037502902,-0.18403717736564754,3.0543796934868794,7.5485536125181225,-0.25178835078398004,0.4539727957394897,4.108946237774097,7.419790458675777,-1.2706704983356658,-0.7971176103056505,6.839659495469218,9.036192244985752,-0.33506574495941105,-0.4109938734900786,3.405964144491065,5.575726380821007,0.21153057655173993,-1.3181614561056827,1.374480570081136,4.913578485858776,-0.010267876086230823,-1.494716251873945,4.515711287703356,8.502591202125187,-1.1908254205419886,-0.5757222698289596,8.28753951450336,2.845864356437952,0.17471700463530537,-0.5633678627185753
133,-0.418640483097129,2.3386374923453213,-0.1570759738138798,-1.304521699125913,6.241475087243876,7.105046961090212,-0.2820403769700055,-0.45392456219984584,7.1068596028928805,4.749692996923596,0.5990591481706568,-0.24349735296772848,1.5618216176453403,8.273035657325979,-0.05574850456566437,0.07797199290344597,4.162298044787008,3.0925303479301194,-0.18389961550213324,-0.7457590188674091,-0.43539790991069444,1.736917757560076,0.022946031771227483,-1.3100199949786735,1.592022481123302,2.8809097466938125,-0.06855030975097633,-1.1185954506290896,2.41801582119395,3.6504662202838967,0.4041087984809947,-1.023967584706243,0.16779772522651681,3.283507565318168,0.16653933623875244,-1.1438803684240915,9.036986641546898,0.9149120008504786,-0.3623903177420444,0.43773167504252625,4.477303713950761,2.8887029978155976,-0.6975663013325962,-0.7482249924197286,6.233634216160573,5.9274887806409575,0.25474435787702704,-0.9725371240717,6.565032125295145,1.7286042503292935,-0.08009537773716587,-0.12413137416206477,3.0417902759476805,7.571252252305097,-0.23488156928936257,0.4359394000318824,4.045412712857313,7.379934578160495,-1.238642211008584,-0.8460292389201254,6.822906208221247,9.015642551311249,-0.32438323810010855,-0.41683864944992793,3.416540673318652,5.509818308015723,0.2198972879894421,-1.2949062986349795,1.3739671762768244,4.838842673265078,0.057680089774135995,-1.4934454297177242,4.456170016676256,8.473805088633739,-1.1716792597606052,-0.5743862180258773,8.296275364735125,2.8176959633020235,0.14927248511549945,-0.5401288998298577
134,-0.42649428178782295,2.2734114073890255,-0.0570759738138798,-1.3002534414334568,6.227373068395376,7.0823507329802196,-0.29002567828578996,-0.47312173263622814,7.136812560301413,4.737518129275209,0.5814530194184252,-0.22484929777192006,1.5590341924170572,8.27693425697115,-0.024688193367429806,0.06203260820457818,4.153103064011901,3.055242396986749,-0.12951949069477545,-0.7184181656531452,-0.4342506083221331,1.6714167578111423,0.07045246847681677,-1.3022836451277804,1.5885949656357532,2.824979974162358,-0.06062092951292014,-1.0915767307175144,2.438221261118,3.5992678410485843,0.36469236013985395,-0.9800361481675468,0.17612469203845443,3.2263135468969635,0.18340488324011428,-1.1461478119990565,9.018867125659796,0.9367985846026049,-0.3531561784188098,0.43267417958261206,4.442425398884131,2.851291748194611,-0.6825982622371944,-0.7610277467622846,6.246371434054424,5.8788619244373725,0.27430984180475376,-0.9387969850641317,6.561027356408287,1.7223976816211903,-0.06037485765802997,-0.06408402184806941,3.0300461974832125,7.593049222306691,-0.22308451517740502,0.4091341183927833,3.983480602306884,7.337633116214489,-1.202111368203587,-0.8971779413448036,6.806687046316242,8.994800618838752,-0.3137094990840525,-0.42284379915712605,3.427535537718124,5.445072993083974,0.23730281730968214,-1.2816266102766727,1.3768511807655313,4.764170401779192,0.12380456477642482,-1.4841259521893906,4.397586053688226,8.445085777732444,-1.1452637835576405,-0.568937647923424,8.3037389889909,2.7906895183105305,0.12396732125517841,-0.517530618327134
135,-0.4293480804785169,2.2083987353173526,0.03244879596914023,-1.287301571170834,6.212871784481086,7.058694646348408,-0.29461835437400385,-0.4925221906740814,7.165885211272334,4.726275664386613,0.5625208765646883,-0.2062476984362496,1.5577997827486858,8.280035887381379,0.0005670426621951358,0.04581292372295739,4.146627089477162,3.019321488704092,-0.06269506642796026,-0.6917812373332142,-0.4307279848982922,1.6063025755547533,0.1263937104564158,-1.2902385112688612,1.5855639191601072,2.770401137626482,-0.05305824300998664,-1.0652507181061253,2.456455879124993,3.5502660336402068,0.32591019866562604,-0.958241520560678,0.18529493620046014,3.1690061562970104,0.20237813392723664,-1.1466342867160924,9.001209316738855,0.9584322935817355,-0.3431135989467448,0.42877866847695545,4.408295485772271,2.8132403608564966,-0.672159410225037,-0.781357003118047,6.260086926144662,5.831922075184166,0.29332002352977893,-0.9044771670442647,6.558008613525385,1.719193480528787,-0.04043468850243228,-0.0045177445825207024,3.0188919717243423,7.61350592822633,-0.21440975501457465,0.37742071612151257,3.9233750338967046,7.292774219147248,-1.1709094631914563,-0.9267734475360572,6.791001571362039,8.973658428880896,-0.3028847949138254,-0.4291393013429476,3.439400678583608,5.38099166257014,0.26333057721931197,-1.27707211766896,1.3830414090043526,4.689964104169722,0.1914370670938534,-1.4660935816816734,4.340322864510344,8.416638895336273,-1.113723440392243,-0.5604288032497905,8.309937355053659,2.7648129873941736,0.0987793103241634,-0.4946348843150071
136,-0.4277256406800599,2.1440336567588107,0.11569626682485312,-1.2700007925434385,6.198140866762386,7.034068536814703,-0.29413906187696504,-0.5095677004892974,7.194011255100569,4.7159632794648,0.5422773972532221,-0.18829321778820882,1.5578281348817955,8.282326533567527,0.024886284603170328,0.030048225336765065,4.143492336155764,2.9847324268374313,0.0098582582714416,-0.6685860123328327,-0.4244082993754714,1.5417906499913103,0.18740939386896766,-1.2747013506338667,1.582911007009608,2.717138601721176,-0.04525230399126029,-1.0418905372513279,2.472751389058274,3.502353957612173,0.2855300664672923,-0.9545087599375806,0.19541384289682198,3.1116744419612057,0.23297213116730317,-1.1485828633229025,8.984053636791518,0.9798712270055833,-0.33278201890390574,0.42556375263513757,4.374687515261019,2.7741725107005943,-0.6646243623958858,-0.8094978847756474,6.274752927321151,5.786698216831953,0.3114740441372504,-0.8696730344635076,6.555986879100264,1.7189675932996609,-0.021055938476206234,0.054272206026686455,3.0081714839736136,7.632376964032406,-0.20896784386852993,0.3432159291055977,3.8648295607371317,7.246435546770446,-1.1370016622785992,-0.9516895212159812,6.775857331616348,8.952201463813749,-0.2923091383209795,-0.4355775007736517,3.4525672074445737,5.317138056686692,0.2947434111483739,-1.2769287501162958,1.3926132623590453,4.616659425085639,0.2571746423864407,-1.438422459130709,4.284636692490731,8.388617455173783,-1.0714310362174382,-0.5447101434912227,8.314876320569867,2.740081243178423,0.07367453429934498,-0.471299208419793
137,-0.42194082733881727,2.0805336171316386,0.19608798378194542,-1.2509959320230757,6.183433913668537,7.008590151790238,-0.28743034453077365,-0.5241075472672134,7.22112512496323,4.70654861857539,0.5209747225424716,-0.17128475822018513,1.559072449111954,8.283828944834365,0.049339511825136115,0.015495435410236133,4.143985249069336,2.9513031262207896,0.08828473856471553,-0.6482363905600665,-0.415037829682023,1.4780555824596169,0.2557917226176707,-1.2580406484053206,1.580648391810045,2.6650440748586095,-0.03878476342910743,-1.0166444952381595,2.4870278923816387,3.454628519615294,0.246415764070518,-0.9633103818812928,0.20706244945518715,3.0542452987950606,0.2799211064919339,-1.1593716370682008,8.967414535846324,1.00114941463734,-0.3220875821749514,0.42166839985431864,4.341456297141225,2.733697616461812,-0.6678005110042128,-0.8416520395531742,6.290326629528013,5.743214565108778,0.328841399662744,-0.8328680872064657,6.5549340821764535,1.7216812036009952,-0.0039512993632568605,0.11354982991851689,2.997723091780187,7.649537760487686,-0.20481976478616012,0.30813114507468337,3.807979477623202,7.1988510707096465,-1.1047414797787136,-0.9740114010797202,6.761241874700299,8.930422588775066,-0.2831834436884493,-0.4411205677074028,3.4673043780019923,5.253291619180877,0.32740293582755786,-1.2784960417709421,1.4054719944783673,4.544738302129104,0.31855930835247465,-1.3913150725416588,4.23106514067986,8.361381947999222,-1.0279644741847387,-0.528480624243214,8.318560047284835,2.7165162827574334,0.04875203970906254,-0.4468548146061829
138,-0.41213642814972,2.017983820530485,0.2730665599652645,-1.2314574877424513,6.169062396441999,6.982384774426877,-0.2783932402817731,-0.5368800433118492,7.247173861090354,4.697984380664381,0.49894281480521646,-0.1552821449141396,1.5615394247032108,8.284603716604877,0.07412619127183336,0.0021598170335042598,4.1483994859975715,2.918891306692786,0.17139041593097226,-0.6301415052107928,-0.4022482435511395,1.4151535500393508,0.3291505325656382,-1.2416608926699233,1.5787091536385895,2.6142118500967015,-0.034640212941708326,-0.9802810068024143,2.4993486805851646,3.4064630005212293,0.2078316390285563,-0.9742658936598859,0.22105850477978384,2.9962767169416504,0.33821145096863375,-1.1694253350416906,8.951310156737575,1.022232834630056,-0.3108500323931521,0.4169754110115929,4.308066271591015,2.6916150144841535,-0.6821386064903768,-0.875278825427541,6.30676869951115,5.701571160748454,0.34540352474952835,-0.7940498530012197,6.5547365172082905,1.727358695096921,0.012913895970700813,0.16849441667236212,2.987482103540879,7.66494431774142,-0.20174737668851628,0.269667883351165,3.752742403634266,7.15015050065566,-1.069307993674702,-0.9924395598397909,6.747082702515876,8.908366560389696,-0.2747255460849375,-0.44466785543976556,3.4836745247933703,5.18936681709233,0.3619018598445104,-1.2798863136842022,1.421399959895991,4.47517254850202,0.3700651422166867,-1.3361367521337912,4.179666916970623,8.334957916787062,-0.980280794127213,-0.5101833647336506,8.32099764927029,2.6941735420271242,0.024338890650243722,-0.42175852926301277
139,-0.39848310015145677,1.9564109461433623,0.34786906593526573,-1.2104122961564336,6.15514273442791,6.955540772261284,-0.27075651586933186,-0.5501494752009064,7.272121001830614,4.6902202734186735,0.4764354318758914,-0.14105498708294759,1.5652457342668025,8.284711707456552,0.09936760498433489,-0.009852443373705137,4.15696900679412,2.8873842314322467,0.2610611813309051,-0.6158435430220721,-0.38579071692285755,1.3530705054058547,0.4093370366912333,-1.2238831278727127,1.576977142991504,2.565197799756581,-0.030385584596338035,-0.9340385312927707,2.5097402625365923,3.357749705838235,0.16581757066345926,-0.9817356781282983,0.23796907732821554,2.937805450189566,0.4024588862999784,-1.1697232236661723,8.935767655117917,1.0430816051806355,-0.2989844120780772,0.4114357277590199,4.273959341266496,2.6478510732127765,-0.7068709175603421,-0.9081429907336322,6.324038875748626,5.661868668098393,0.36122418146635193,-0.7535524725061482,6.555382212006825,1.7357834159305392,0.027025027400373054,0.22520742555297735,2.9773947347064533,7.678427711908978,-0.19717497213999047,0.2334100262668907,3.699277003950531,7.10052852266367,-1.0314406591896481,-1.008516719184941,6.7333464252116295,8.886133167617707,-0.2665834212234587,-0.4470656446870996,3.501769617785596,5.12537250140812,0.39924644669372306,-1.2789658148474168,1.4399032170068253,4.408365710895331,0.41872867495060395,-1.2780237851194785,4.130652877264263,8.309448748550379,-0.9291842295958868,-0.49021122066636313,8.322214593802801,2.6730856155639735,0.00039912764069553394,-0.3960784998707703
140,-0.3810896468546935,1.8958903313355406,0.42075982444967003,-1.186026533941773,6.141604908634443,6.928033298501239,-0.2642247289506917,-0.5629462571580559,7.295942773424409,4.683167524064526,0.4533045694610545,-0.1267906329731835,1.570214114516019,8.284219085287866,0.1251941723957576,-0.020527700073028794,4.170022065860666,2.856592054281143,0.36106118133090515,-0.6107346139691232,-0.3653238650882959,1.2918763490122191,0.49001563080362953,-1.2052595016405654,1.5754578637616872,2.5184958731919425,-0.030982357103171113,-0.8859885747326358,2.5180311410697653,3.30866292193182,0.11587343213654275,-0.9886427828291021,0.25809202164321443,2.8793192890062573,0.4669382611855375,-1.155994217614155,8.920818434514013,1.0636533915685866,-0.2854273982087916,0.4047299779790802,4.238615795388479,2.602443923676095,-0.7283025290386709,-0.9449527778878299,6.3421000848219435,5.624191044473085,0.3769023801019301,-0.711376878533942,6.556733463376844,1.747043787208188,0.0388421518863426,0.2832273258749378,2.967535986099454,7.690098213222322,-0.18588315977970377,0.2066299067285835,3.6477049709910485,7.050102686704423,-0.9912733066324658,-1.016525531552857,6.720017254150457,8.863779885383352,-0.2581296333602041,-0.4490201627594067,3.521731940120282,5.061424210665749,0.441624228561704,-1.2744048968589972,1.4608396507543555,4.344464521639357,0.4659229263687177,-1.217794137959902,4.084193665784468,8.28493818751706,-0.8755052938296667,-0.4690920075621151,8.322234550184836,2.653281690570435,-0.023032773993043938,-0.36987814875172886
141,-0.36005165563221,1.8365890046384519,0.49356534236158106,-1.1570981229348456,6.128393672186909,6.899885985643336,-0.2584627430973773,-0.5746094682951123,7.318608001897462,4.676827992415867,0.4296151012560794,-0.11220228291558157,1.576473823135807,8.283192700284214,0.1519339187279262,-0.02998483750870346,4.188075124927211,2.826055323582687,0.4610611813309051,-0.6131744162953852,-0.3408230835481144,1.2316133739301909,0.5720977176051585,-1.1810164269850325,1.5739087459065286,2.474196444455311,-0.037381259936632875,-0.8369935030830844,2.5238248126765925,3.259230782790365,0.05703601238823647,-0.9957306713977419,0.2814389347024913,2.8215195781255495,0.5218723813637601,-1.1335521598853877,8.906547064603574,1.0838898904675407,-0.27020244521301445,0.3971538036900921,4.202200668936546,2.555196284781703,-0.7294349431561263,-0.9676105716481296,6.36094520382704,5.588622200546388,0.37976366512532134,-0.6554308443409032,6.558675570971161,1.761205153501935,0.0494017182053314,0.3410138322893513,2.9582418281104688,7.700429708558752,-0.17341725214639916,0.1828066320565521,3.5981413056594254,6.99927641012678,-0.9478547322992749,-0.9944815821872411,6.707110772482446,8.841328877245381,-0.24953331589013042,-0.4489011876625588,3.5438131515483673,4.9977039658228,0.489213864410703,-1.2673530407882403,1.4841357970727913,4.283574814741362,0.5115106925392194,-1.1542543230108664,4.040418401092985,8.261483587138954,-0.8197951211764685,-0.447223334595158,8.321082911485185,2.6347877831328486,-0.04591820832255367,-0.3432538029723099
142,-0.3353733885141309,1.7787340984917095,0.5621372615643856,-1.1226721669240272,6.11547053503204,6.87115551222858,-0.2538909960625892,-0.5847158061106354,7.340088756960266,4.671217878270088,0.4054464891931483,-0.09694883442925345,1.5840705190722033,8.281693458408778,0.1796775950327434,-0.03831924695422768,4.211128183993757,2.795396602767918,0.5610611813309051,-0.6188333345420121,-0.31221819766785647,1.1725625525809393,0.6545213628631084,-1.1497759279654096,1.572039682909697,2.4323467693011565,-0.04458450360948062,-0.7862989957226261,2.5266766132960043,3.209444249220478,-0.005844837450020374,-0.9990345833072029,0.30753255377067934,2.7648419701312803,0.5539716343029844,-1.1034286638297848,8.893036942342922,1.1037475806520454,-0.25354485881727395,0.38881602434696394,4.165728921778739,2.5068157561992965,-0.7134221732186111,-0.970261305871555,6.379933387083306,5.555850658329343,0.38075087450499434,-0.6005193918090885,6.561145656881427,1.7782558451164026,0.058928866511701185,0.39645156999267467,2.949570965503149,7.709570040161579,-0.16093681588093056,0.16617395593197934,3.550748569044462,6.949552331017418,-0.9018625903372235,-0.9654915459380804,6.69463410668794,8.818883817862254,-0.24065445750266018,-0.44687093518354204,3.5682738447689024,4.934336313783388,0.5417152090914892,-1.2583724141753385,1.5097113316997524,4.225862098590818,0.5547310099029584,-1.091596752171938,3.999428645034162,8.239122420409197,-0.7633688285186163,-0.42505399940867655,8.318787001069056,2.617625092984233,-0.06821739073756222,-0.3163102862410477
143,-0.3072665254359116,1.722600490145508,0.6260232185670254,-1.0832813555999077,6.10277598522891,6.841919721923048,-0.25101950560642533,-0.5905488339949996,7.360361081419923,4.666370436548625,0.3777937665960261,-0.08150412357853781,1.5930543988238406,8.279777496061067,0.20822374059110063,-0.04596737597038864,4.239181243060302,2.7644549360408175,0.6585321860554076,-0.6254894262022732,-0.27949212952470104,1.115073756182669,0.7336327839713542,-1.109665363733537,1.569810457729223,2.3930318195150253,-0.048886193547191384,-0.7308542425526127,2.5263843714235033,3.159492520055118,-0.07106207611464745,-0.9872703989216648,0.33523113548582856,2.709670536939791,0.5633857900842534,-1.0607369621791654,8.880359699402058,1.1231883818693935,-0.2356342889110392,0.37983536644162375,4.1300578131178085,2.4583026909057186,-0.6836696594523224,-0.9566024321346966,6.398970930808556,5.525824688738889,0.3793171659862508,-0.547012945924384,6.564092100207012,1.7980784236160363,0.06736161244523389,0.44931820769943126,2.9415241247091024,7.717878737958178,-0.1468306033245684,0.15865843234928242,3.5056554395276005,6.901277753720514,-0.8527228790764279,-0.9280455656276403,6.682601383812807,8.796540271103076,-0.2311055073073477,-0.44313971757568626,3.595359605223477,4.871417693074621,0.6008075579054998,-1.2499239020682047,1.5374478821949003,4.171282260982221,0.6020537599945112,-1.0263385174326345,3.9612602036082314,8.217869720438763,-0.7069955363108984,-0.40315821675915947,8.315376131532178,2.6018095786721807,-0.08990317728283886,-0.2891586926751068
144,-0.2759653645075603,1.6684364223655126,0.6915108894654629,-1.0433327997727668,6.090225009948589,6.812392280223298,-0.24839091991020493,-0.5923908598486931,7.379250769749724,4.662295230369699,0.35083266947478736,-0.06365759290264975,1.6034655858533957,8.277479127262547,0.23413187993913073,-0.05243784684589028,4.272107852363073,2.7331804647307036,0.7495517270805694,-0.6329318163759469,-0.24281049032613333,1.059590487995992,0.8062406588416545,-1.052291518156297,1.5673661480518633,2.356489107387395,-0.046143070447983506,-0.6688340241802677,2.5228312676177707,3.1101290001090347,-0.13423401715659386,-0.954729713983234,0.3634004249900412,2.6566336888308326,0.5631961471035586,-1.01316017709158,8.868577984956506,1.1421801501914748,-0.21707245779436288,0.3702931761580868,4.095874330145192,2.410472569298984,-0.6573761254118713,-0.9357067915826527,6.417936789107868,5.49847404144267,0.375325756222557,-0.4948901145797795,6.567460180829274,1.820544334001008,0.07288498190653188,0.49752396484054456,2.934182594542874,7.725811659575642,-0.13597761228004707,0.1566601633501231,3.4630192955737793,6.8548754754391314,-0.8008776384834713,-0.8810940153823552,6.67104610844744,8.774383285224292,-0.22089865743428175,-0.4378412841228416,3.625399983118752,4.808921497971211,0.6653858705409216,-1.2449074615425537,1.5675505701946257,4.11996533511059,0.6570691153430982,-0.9561054585031912,3.9259104267926865,8.197711809600806,-0.650980098469483,-0.38196169047017325,8.310880972668036,2.587351644038425,-0.11180885281327252,-0.26231019170808106
145,-0.24138982003428716,1.6162697823768744,0.7631521498509762,-1.0062729711337364,6.077805463953078,6.7827727372308635,-0.24685188290609172,-0.5913423652526588,7.396792403223464,4.659112350724566,0.32429147217483006,-0.04419200039910208,1.6151721798503522,8.274857234920253,0.2565435392990627,-0.05729141097416997,4.309585438717101,2.7015338739119064,0.8354144888164855,-0.6415020575589894,-0.2024984573840506,1.0069759120881772,0.8714747536998241,-0.9794419226095746,1.5650589945294642,2.3230474061783815,-0.04185618406886077,-0.6106720621479496,2.516119566759941,3.062392514409873,-0.18365538122557884,-0.9099626888701282,0.39156023234521914,2.6059756799762535,0.5580509739562378,-0.9619857092895322,8.857724362066788,1.1606948089993792,-0.198481612626726,0.3600433997649117,4.063005523874598,2.3636872297198512,-0.6404116048978599,-0.9123881745367733,6.436703076918996,5.473729535713681,0.36869914278442756,-0.44430864742813764,6.571104429924601,1.845420532243035,0.07830718514931066,0.5362903906885518,2.9273837139288714,7.733644667743149,-0.12635109707037223,0.15714970277035525,3.422975413649606,6.810820774670014,-0.7433289546017117,-0.825474322579926,6.660001175575726,8.75249122101815,-0.21008333354502623,-0.4310757419434955,3.658669276645798,4.746676124894083,0.7267816527732062,-1.2345577460414836,1.6004040259617807,4.07216006218543,0.7149798974418683,-0.8855111358217642,3.8933614218692125,8.178613725077298,-0.5958062305285803,-0.36182691363950004,8.305290530027372,2.574236134453021,-0.13459968414071088,-0.23608236284779816
146,-0.20323221254173834,1.5659561338201875,0.8327060913392422,-0.9686934972806251,6.0654628698077735,6.753205618968231,-0.2471813602460747,-0.5880122869041414,7.4130069768322056,4.656902750704611,0.29809225950450385,-0.024014758239258634,1.6279993568153053,8.271992664371544,0.27522498799710654,-0.06092418853094697,4.351356163157925,2.669458771033957,0.917160465026126,-0.6426364407717644,-0.15892471969905939,0.9580038159576985,0.9260816324573009,-0.8984144803927014,1.562966185326021,2.292513803070984,-0.04256689681464648,-0.5584991688621982,2.506936797698662,3.0168943799663666,-0.216393667482369,-0.8440960635611378,0.41946278104303103,2.557876394511777,0.5504921706959114,-0.907143433908444,8.847800281435452,1.1786969789876247,-0.17985836786430534,0.3492358788687153,4.030984943629705,2.3180678209930123,-0.6197513579891951,-0.9122713966161435,6.455138034058217,5.451514103342274,0.3596393172448386,-0.3951109974723881,6.5750197891820665,1.8722350517774626,0.08416064476084574,0.5652441545311345,2.9210661590753526,7.741502152881666,-0.10533329679886115,0.1077813749142914,3.3858089659195203,6.769547058541018,-0.6797414261345334,-0.7658672340140996,6.649497008898474,8.730937433920976,-0.19873850732356016,-0.4229496760634353,3.6950083592844583,4.6849482375920095,0.7921496852286505,-1.1932673674709269,1.6361530208338741,4.027884505394342,0.7635406866693539,-0.804187428718035,3.8635711103427837,8.160522379395323,-0.5412566258742681,-0.34264120666642417,8.298560545820337,2.5624320163106313,-0.15832124050620083,-0.21057339282559662
147,-0.16159690797477622,1.5175214589561563,0.9025686895200131,-0.9242769206567085,6.05310380179547,6.723805004623023,-0.24921193961931518,-0.5831873799440117,7.42791158980743,4.6557020127926485,0.2721245423337885,-0.0031890220146072977,1.6417606062151606,8.268946454944997,0.2916991738811054,-0.06375912494858622,4.397214186409232,2.6373269489953683,0.99400162866138,-0.6288524732767998,-0.11262063807619434,0.9130830919380634,0.9727168131690471,-0.8166587767050336,1.5608378404852887,2.264588844627874,-0.049826866227926966,-0.5137817318333133,2.4961171143245435,2.9746895767883097,-0.23537180575036293,-0.7675270070502125,0.4469873895778266,2.5125192228163544,0.5427939700528488,-0.8408784946002775,8.838807363042237,1.1961587729310605,-0.161075087610895,0.33794063477100567,3.9999973757302456,2.272454251162205,-0.6086657955812247,-0.911136687626732,6.473119999920459,5.431758553468654,0.34866359129602803,-0.34760504058418923,6.579227821420109,1.9004972595040193,0.09001181108367308,0.5877608268443478,2.9157994942354097,7.746891221627381,-0.07909050419250739,0.06637367056095889,3.351821894612794,6.731253696840312,-0.6142316240314908,-0.7018881149516759,6.639560083532296,8.709789950117806,-0.1868199282816023,-0.41350460484303736,3.7346158435458907,4.625284869218463,0.8537364645846532,-1.153842876542277,1.674330055167342,3.98767513395844,0.8073324516439481,-0.7177074370436117,3.8365082790490703,8.143390319062002,-0.4871315851046911,-0.3242819434251331,8.290644483795026,2.5519033466693517,-0.18172018971207624,-0.18536808760690002
148,-0.11646847349877557,1.471307612923321,0.9745715951272367,-0.8687146628899849,6.040643204814504,6.694645635625823,-0.25238115024699026,-0.5771996802416296,7.44151781692412,4.655542561691918,0.24636618051738227,0.017896711160670414,1.6563455649092158,8.265758498697567,0.30520331396012684,-0.0662699313079369,4.446914267842301,2.6058843253315285,1.0668086366894103,-0.6040930972277581,-0.06398479741774198,0.8722501531028117,1.0140728045325724,-0.7327717480108807,1.5583464971738923,2.2388997580362084,-0.06491435899192309,-0.47662437509426914,2.4843485240370256,2.936313226435799,-0.24601343872451073,-0.6848080803820453,0.474127088080469,2.4704752980863405,0.5347094657465324,-0.7684817870654875,8.830753608661693,1.2130558046696107,-0.1422883487979716,0.3262980282145901,3.9695640859511845,2.2268974167808686,-0.6006262540386946,-0.9067067761771803,6.490553179485261,5.414378301439445,0.3357544814055671,-0.3021257608276432,6.583728411974293,1.9298853008462367,0.09574744199824198,0.6077255069199933,2.9118449690257844,7.750209905155429,-0.04726295902649177,0.031350312096717854,3.321110313411219,6.696159291092728,-0.5471449750904508,-0.6340795107112585,6.630219087118216,8.689114719875654,-0.17440131544381085,-0.40278570413269305,3.7773026667751233,4.567592725391349,0.9110834701903509,-1.1173427861816356,1.7146966777495394,3.9517897621062597,0.8437292739772839,-0.6253755805544302,3.812151699793836,8.127176221890744,-0.4335200085475317,-0.3067243283834003,8.281558474309422,2.542634942289007,-0.20382576879027373,-0.16010315092133787
149,-0.06773989374241374,1.4278718797788217,1.0496722792931912,-0.8221426571412361,6.028024147302155,6.665785651613741,-0.25443858523799234,-0.5690128444459887,7.453836125949989,4.6564373972499515,0.2197089776775309,0.03809774153424372,1.671605730607222,8.26244500213217,0.3154053433075466,-0.06827306553622603,4.500254699676772,2.575679670470141,1.1358551757576323,-0.5765538797556816,-0.01328115719111335,0.8356115657022677,1.053704573593661,-0.650680190031297,1.5551007792242961,2.215068539281495,-0.0841881780212543,-0.4416907544029697,2.4720478521008,2.902072822416697,-0.26425822528504617,-0.5989822258421741,0.5008625613677956,2.432051208733066,0.5233925479098663,-0.6916584094562346,8.823639191221794,1.2293707060803403,-0.12356765193145929,0.3143663056034012,3.9395327732492498,2.1815620779720097,-0.5908238887356551,-0.8943224516563539,6.507340903555539,5.399272013398063,0.3210928638284911,-0.2590543895107334,6.588515784074205,1.9602715761922362,0.10238501822066172,0.6265025465670956,2.90948182107446,7.7517774207602645,-0.01282320752064002,0.004677090508583087,3.2937530646566966,6.6644553155571655,-0.47847767057461216,-0.5641446418986974,6.621499021346025,8.66897543466902,-0.1616172844102949,-0.39099506497062947,3.822856840284641,4.511725586082267,0.9660738750346349,-1.0808683496601055,1.7568831414484036,3.9205209830785384,0.8732489243173642,-0.5276407656721518,3.7904756993664592,8.111840005471574,-0.38007888339303647,-0.2897232672419094,8.27136718586991,2.53462978474294,-0.22480044510128983,-0.1350871113114288
150,-0.015256279777754178,1.3867647469217599,1.1149846708127378,-0.7657301033540047,6.015302218040255,6.637335009391442,-0.254567304076088,-0.5589284687068911,7.4648215748338655,4.658342284326664,0.19138743136138403,0.05555223308993449,1.6873759977725995,8.259031348855359,0.32338046415000343,-0.06990835714986443,4.557047458464654,2.5468519764823565,1.2019851522686338,-0.5525237665354668,0.039404071488569704,0.8030775562007029,1.0917741287570444,-0.5790239986822674,1.5508913703232334,2.1929840015613467,-0.09716034366542316,-0.4049894029987796,2.4588349408365477,2.8721237111245883,-0.2798461288442541,-0.5108466674753985,0.527032188763289,2.3974682882602543,0.5051238926693306,-0.6071221192874724,8.81746080862522,1.2450890213605104,-0.10482432467144188,0.30224521456541253,3.909991578812467,2.136845955389192,-0.5830908417271407,-0.8695156496815806,6.523395546746963,5.386319293922527,0.3048200820391883,-0.21805723300991706,6.593635034985238,1.991596703520591,0.11108343546700343,0.6444666533652675,2.908840660698428,7.752011275285693,0.02180867061694848,-0.011627794342395765,3.269829181127966,6.636248083462231,-0.40938807907146885,-0.49323226287228444,6.613418157125511,8.649425681420489,-0.14857774912625255,-0.3781409776178768,3.8711605340363726,4.457682168599262,1.0188961728461432,-1.0435685318595835,1.8005455876642718,3.8941389447949306,0.8906429201388402,-0.42795861340088104,3.7714717551968073,8.097353842109479,-0.3267473711802832,-0.27229115723033176,8.260127163614845,2.5278754291773686,-0.2446309029674817,-0.11032515438126829
151,0.040492953762882714,1.3484782417540597,1.172700664932382,-0.6976166094346321,6.002573852836451,6.609388585956097,-0.2545719118876582,-0.5471272810128184,7.474390946401935,4.661119895981161,0.16311881695002997,0.07106698088837733,1.7035450209800997,8.255535930997866,0.3301706744566479,-0.07184832833608508,4.617146716078086,2.519225788155583,1.2656051116230345,-0.5458348818897663,0.09399277792642192,0.7741263562665895,1.1286005694489922,-0.5119463500425885,1.5460333531399624,2.1727345314114075,-0.030311666268648868,-0.3448572809589847,2.4448426343943352,2.846581377750818,-0.292284818016522,-0.4234917332598529,0.5522883833967555,2.3671121822958807,0.48136587018216703,-0.5221151431598479,8.81221959239165,1.260201282088781,-0.08620135409038719,0.2899603888231678,3.8808370367261102,2.0933701729051126,-0.5767457589076789,-0.8318821173958902,6.538636550848922,5.375416432272031,0.2868279476469268,-0.17875098577557258,6.599189206758588,2.0238200361888543,0.12128024493765696,0.6615976481620205,2.9099310942292753,7.751429885568574,0.058276309228742,-0.014979553507921201,3.2493597771743925,6.611586470318617,-0.33966188612026643,-0.42204973771435594,6.605989269669198,8.630518632539594,-0.13569712429552974,-0.36353513657726555,3.92210534267868,4.405503742006283,1.0696012481101203,-1.006550292361445,1.8450777336712139,3.8727410141248866,0.8982626885199589,-0.32858031368774626,3.7551343866377933,8.083739284247962,-0.2736544444396368,-0.2528845375623249,8.24789561846647,2.522359171458305,-0.2631152167535115,-0.08583549233006742
152,0.09912798700950182,1.313597411282328,1.2229234790154813,-0.6271099651856697,5.989845257242068,6.582032221905456,-0.25369554796202237,-0.5345794542458506,7.482546887249437,4.66467324502558,0.1349042728921839,0.08501901411009899,1.720053554702932,8.251943514581061,0.3357062163039961,-0.07439796861162305,4.680426971659237,2.491934044061095,1.3306922869922972,-0.5651019521831928,0.15042280639887154,0.7485290387644601,1.1590023864131418,-0.4418461260244916,1.54451776982653,2.1554916673634583,0.029483635883984803,-0.3027051801575168,2.430228393493509,2.8254067910878256,-0.31175212564372307,-0.34199362296551084,0.5763566769058638,2.341006425137888,0.48003418432618233,-0.45414998135946333,8.80790952468713,1.2746993015299393,-0.0678718901912516,0.27691816983999445,3.8519997487807265,2.051776067035318,-0.5711820546107323,-0.7804910701565867,6.552977948231269,5.366478882983253,0.26714708402807613,-0.14161260715542487,6.605253219005471,2.0568999185969554,0.13262601589274273,0.6778946324173344,2.9128449096907123,7.7506809078931775,0.09484326407989252,-0.004446267621871929,3.232376682868379,6.590483983432899,-0.27136502447170685,-0.3521848447547612,6.599204413454422,8.612341875710731,-0.12290473669081631,-0.3473523980347088,3.975585405084186,4.355176227388211,1.1177046342738317,-0.9704076272136637,1.8899908680972117,3.8563119984404994,0.8969707649225039,-0.2313558397344992,3.7414516644158113,8.071095057369845,-0.2212162806823126,-0.23165137080807913,8.234739857628796,2.518067396841802,-0.2803386687851239,-0.06169839175271298
153,0.16027416096027589,1.2822419130230447,1.2669132029363035,-0.548188504080323,5.977160479843968,6.555303249193163,-0.25173024554683027,-0.521997429313943,7.489292100894046,4.668924195731085,0.10694057200164282,0.09738684155536761,1.736838865518132,8.24822361615048,0.3399619801178494,-0.07734050035377861,4.746961586008852,2.4636789464519353,1.3831624618255989,-0.5803977982354422,0.20837292571952865,0.7264367324632355,1.1872818578105417,-0.37359275192476016,1.5459919516207292,2.1403564083555824,0.08436526821201826,-0.2682767147911533,2.4146407872113227,2.80830710993955,-0.33186827453278783,-0.2654855360457263,0.6003583861221728,2.318298926069915,0.49047135250712487,-0.396049364427548,8.804515930177567,1.288545210021939,-0.04984765124719795,0.26325540540994835,3.82344064605019,2.0127515135274887,-0.566772616611603,-0.7228347045235758,6.566335302432672,5.359398252625481,0.24704330310280223,-0.10421642056523017,6.611884519800108,2.090794650217822,0.1429698983342634,0.6937900020662678,2.917587072894707,7.750458594512084,0.13036027119239557,0.013134804827812215,3.218808431644794,6.572874741195162,-0.20526492180866668,-0.285337740920609,6.593059176619882,8.594974255808996,-0.10978594213038387,-0.33045713364757806,4.031470636797877,4.306655846027527,1.163436357582395,-0.9332964163906046,1.934839406343337,3.8447442064537745,0.892826478930716,-0.1404315767340109,3.7303908503816956,8.05951248882944,-0.16982652090333616,-0.2094360625590824,8.22072292418954,2.5149824772541662,-0.2962386801457692,-0.037954126017563594
154,0.22361982110709105,1.2548324878190285,1.3037189250537276,-0.452877351145295,5.9645739675666265,6.529203377727466,-0.25202849266065414,-0.5061448170569393,7.494639129494128,4.673793537808853,0.07930764410705053,0.10826742433501353,1.7538369645240244,8.24435659113279,0.3430823127016345,-0.08049171708425404,4.816119709100132,2.434659056540163,1.3888100250315267,-0.566751016207232,0.2677370186100557,0.7077570948669974,1.2153871048312632,-0.3074723300383161,1.5502102150313302,2.126942572616025,0.13444214628284956,-0.23497806142697175,2.398047373484683,2.7950328331372636,-0.34834656717681173,-0.19297301668613764,0.6248819537475291,2.2984964578485374,0.506310090292941,-0.3454443117179685,8.802023547615207,1.3017079802924365,-0.03222786111038383,0.24905446766199302,3.79510201521961,1.97660977830131,-0.564331022979501,-0.662440643911851,6.578687467587812,5.35418743159722,0.22640251562054056,-0.06629796317635231,6.619033014716821,2.1254841503211352,0.15093259756874902,0.7100510924044979,2.9241050864543268,7.751115334753474,0.16559469864448298,0.03376252250159075,3.2085451855543603,6.558607854149131,-0.14131537857098053,-0.2211112923846898,6.587569879513363,8.578451399126617,-0.0963086748054594,-0.3129076069561413,4.089642454676997,4.259991025207997,1.2210409565814184,-0.8705636304504343,1.9794807302898727,3.8377226276170737,0.878772640975718,-0.044890016084139076,3.721899524336529,8.049040685701486,-0.11938723467134153,-0.18643819151778449,8.20591099018225,2.513084770953288,-0.31075610514643676,-0.014638985412590753
155,0.2888057673597774,1.2321886202617638,1.3358932113000273,-0.35287735114529495,5.951972542933594,6.503896136874619,-0.25161865484846885,-0.49063361722497667,7.49860451169948,4.679206909025604,0.05205090496749365,0.11804670401407352,1.770991080159106,8.240332005278578,0.34560128210335167,-0.08436759218474747,4.885560210351708,2.4063215057298013,1.3976936369442836,-0.5444745147805001,0.3285063738516189,0.6923834783650816,1.255315415940806,-0.20747233003831608,1.5569323223454727,2.1151936695446762,0.18280576930588271,-0.20209641407856782,2.3806300451258426,2.785384182302957,-0.34274991864763976,-0.15947710771053644,0.6501974582621761,2.2812242422626388,0.5278025849356756,-0.29454565248868997,8.800412154559687,1.314160703675536,-0.015050331477338634,0.2344361394483013,3.766885464070635,1.9434877461057174,-0.5642264544533522,-0.5991824966721659,6.590007593368839,5.350872533438402,0.20528229817802804,-0.02894335082588844,6.626579644595258,2.1609867049413602,0.15619518404316765,0.7237525849524868,2.932384821386551,7.752803460878554,0.20080545411189785,0.05504954503262331,3.201479416625811,6.5475522895298965,-0.08435772838634918,-0.15792943312985275,6.58275444577309,8.56280601877881,-0.08265013336449566,-0.2946145778862408,4.1506945025060675,4.216462843685475,1.2633225123134206,-0.8087126992214896,2.0234193623386587,3.8354781268128666,0.8431137986505074,0.05510998391586093,3.715930162602962,8.039718776125596,-0.06971803150914824,-0.16287659613747824,8.190373184924928,2.5123528216826583,-0.32389639165165907,0.008120991570479623
156,0.3556004279247788,1.214544752704499,1.368017682964456,-0.25287735114529497,5.93939161019117,6.4793644560133705,-0.25102111791206655,-0.47417549330262865,7.501207056947855,4.685109244226307,0.025220708586878415,0.1268380143542396,1.7882711442642736,8.23611362566934,0.3477149026676932,-0.08889327116211773,4.955444892198923,2.379097779990776,1.4063770397414828,-0.521635526098428,0.3912721446486592,0.6820098618631658,1.290114467225596,-0.10747233003831608,1.566072610810767,2.1050888488407478,0.22933319376057174,-0.1744218344582065,2.363492549193461,2.77741032691743,-0.3337136741956401,-0.12567817468136164,0.6765875875089599,2.266496959638204,0.5527874200239286,-0.24888176820657784,8.79965963798582,1.325882510647951,0.0016037769873792317,0.21925726829351613,3.7386741413479676,1.9135286212721092,-0.5659887257533104,-0.5340201121621256,6.600271708277741,5.349425365897107,0.18384565904791253,0.006739327396767809,6.634389403797416,2.1971743341889844,0.158332954174398,0.7333445719365014,2.942425094092146,7.755555938130185,0.23552931711753597,0.07612195060932925,3.1972615302064935,6.539655817873404,-0.02807399215740631,-0.09818500354153487,6.578621939104865,8.548075289884498,-0.06902208864003123,-0.27576746254839213,4.213860628121738,4.176027208724401,1.2946805483033084,-0.7574973781110035,2.065575052271184,3.83823362600866,0.8084758736217065,0.15510998391586095,3.7124442610275046,8.031574946318722,-0.020702762825714704,-0.13903016953129996,8.174178365342344,2.512758871261182,-0.33566391464236267,0.02996590314579701
157,0.4240013120730016,1.2019008851472344,1.3986160253831266,-0.16260817895367508,5.926840554295567,6.455655681348239,-0.24984356407953556,-0.45655798751382554,7.5024680923772,4.691451144944019,-0.0005310490348867242,0.13476268508030048,1.8056568893976583,8.231668962111234,0.3491146652236501,-0.09344493776461006,5.025763744185997,2.353016003685855,1.4144646526741136,-0.4992892411573667,0.455777868009939,0.67663624536125,1.3149852294545616,-0.00943707198358279,1.5775392704987956,2.0963677571178376,0.27166404293125657,-0.14998522352108795,2.346806865483679,2.771126418183362,-0.3324880212774205,-0.08760025996654841,0.7042269585101563,2.2540528712278753,0.5735417022004231,-0.2116116603412443,8.79973982683519,1.336845374062627,0.017658301468675773,0.2035725310284061,3.710374705060302,1.886827615664003,-0.564484947131756,-0.4681281906418925,6.609463991230136,5.349762332266946,0.16229975864345925,0.04110255547942467,6.642306051506136,2.2338415627858095,0.1566880518705831,0.7400499588731659,2.954201559948023,7.759362035660652,0.26950337455352535,0.09606166825974276,3.1958578305986234,6.5347465676963274,0.027651552533679506,-0.041666782640045606,6.575170834672863,8.534286916757077,-0.05565176098853053,-0.2565317159859112,4.278594655536904,4.13815233981885,1.3245665006246645,-0.7039343615870237,2.1059988459522696,3.845989125204453,0.7993280224525972,0.24969491385894566,3.7114091228862187,8.024623437842157,0.02756719745851839,-0.11493082849641073,8.157395169610226,2.514257166418472,-0.3463457554197598,0.05088380007220006
158,0.493932113342158,1.1937704761995507,1.4251754438229918,-0.08196710000470046,5.91434837609159,6.432827781972548,-0.24786269274486358,-0.43902275103597366,7.502441539925456,4.698189279198035,-0.02473590966253794,0.1419471674461471,1.8231126226588408,8.226996715223004,0.34981787746994886,-0.09789899133046985,5.096486976819702,2.3280515416279868,1.4197448473686705,-0.4840708299103662,0.5215271294826671,0.6761643917620709,1.3315459895949806,0.07792052655958433,1.5911224726453583,2.0888684959417834,0.3098357425743916,-0.13033930014500458,2.3301824644198077,2.7667464051850343,-0.3451039731731343,-0.036834173388179264,0.7329040436201775,2.243472288210813,0.5844649820222958,-0.1797103305854612,8.800622741908624,1.3470240006140473,0.032882229264562766,0.18781615643085667,3.682150457703714,1.8634212061319082,-0.5559251866804392,-0.4081685048394328,6.617578979162309,5.351817460040917,0.14196704670841592,0.07457532593192406,6.650140454099665,2.270844060729468,0.1456444705040441,0.7347959074113501,2.9676767286756993,7.764165119073639,0.302960221625173,0.11502249733889391,3.197240408225307,6.532663228564325,0.08260774431186249,0.011947130419189017,6.5723882466234365,8.521460330957781,-0.04214295535593928,-0.2369869536129406,4.3448229805681375,4.102955621739499,1.349365983979129,-0.6551423061290097,2.1459652470748996,3.8584738708974,0.8155007042014641,0.3315333905168131,3.7127874827591447,8.018876896417337,0.07490031875826204,-0.09086379317898977,8.140077881839238,2.516801356422082,-0.35652617659333236,0.07106117038202978
159,0.5651908855333075,1.1896721211993158,1.4473981177159667,-0.006716021399048602,5.901955241454347,6.410876644420749,-0.24400213007761296,-0.42280035156278334,7.501204744442329,4.705286637570342,-0.04779127087383784,0.1482885301907169,1.8406035165323382,8.22210176565648,0.3501845469906846,-0.10231134176155449,5.1674742191881355,2.3038480001324686,1.4228368406323195,-0.47490559581819936,0.5881044289624161,0.6800604180900501,1.3441480267863717,0.15374321966909665,1.606614259774078,2.0823515309345333,0.3484573887402394,-0.10944969009289582,2.312927265761151,2.764904696515625,-0.3686610743632245,0.01696984272510199,0.7621272927212923,2.23448677168154,0.568622417618285,-0.13657300076864298,8.802266853371853,1.35641480843559,0.046749486800020376,0.17269026188434788,3.6543541983696923,1.8430127808899366,-0.549116232203129,-0.3582518321328288,6.62467733149773,5.3555462263375135,0.12339150503332513,0.10686132320346184,6.657422677624867,2.3075838561000355,0.14736363274466854,0.7427220920953883,2.982824739756958,7.7699162439405836,0.33608566389163724,0.13365917549813083,3.2013707954409005,6.5332605850852845,0.13559182105022005,0.06188319251673846,6.57028109885564,8.509610983277135,-0.02847042321473063,-0.217207936045306,4.412291279767094,4.070198506433048,1.3681657974015011,-0.6149165397195903,2.1867402822849726,3.8750505404232407,0.8485109157884163,0.3994666638322428,3.716532498697058,8.014333706758388,0.12090681649900759,-0.06748066453595387,8.12225157300957,2.520354414941184,-0.36625156100752837,0.0904699596591065
160,0.6375607914191059,1.1893363201293634,1.4633577352115035,0.05483055462405321,5.889755134950467,6.38973662684261,-0.23856279944015796,-0.40802130985526763,7.498815180898637,4.712701064079878,-0.07012380655794657,0.1532327239264356,1.8581127438818725,8.216986198568403,0.35009887611716184,-0.1066293320794952,5.238616061219751,2.2801027203415587,1.4239997637087904,-0.47140712018096365,0.6553118303017347,0.6877475790735049,1.3506923426013435,0.2172859075620105,1.62403712921109,2.0768790464298883,0.391733269553838,-0.08828329395184357,2.2944942120429896,2.7657531886518805,-0.3961017117133069,0.07214450340778022,0.7905584136022066,2.227658121643108,0.5519390611543759,-0.09699101052663858,8.804604327711854,1.3650493215298074,0.05893463271457497,0.158590842767374,3.6268983867595357,1.8251001892832952,-0.5462204161601097,-0.29512386143733316,6.6308469067493965,5.360889292497687,0.10622116670067208,0.13683481224955865,6.664790859262101,2.344719960704805,0.11731029731643063,0.706142158332838,2.99962902295154,7.77659920271549,0.3686411129005789,0.1524432872363358,3.2081503864934113,6.536354744711121,0.1869401556010776,0.10825928375857502,6.568857577694903,8.49875058647487,-0.014689747386273752,-0.19724659382976797,4.480699569637169,4.039452679447068,1.3836032662684237,-0.5793461845661447,2.2291658280743936,3.895023873614853,0.886915094407801,0.4561984124131754,3.722577839522008,8.01095967353159,0.16594682194448793,-0.04457633851428258,8.103938994959194,2.524877912924139,-0.38207899924281125,0.11343792108965611
161,0.7107286781796811,1.192077847860566,1.465786004225266,0.10707336415812609,5.877826994978459,6.369335561349846,-0.2313104817731505,-0.3936947582986804,7.49530899057074,4.7203627002762,-0.09108681376963176,0.15752578758193125,1.8756176876877306,8.211654731964428,0.3488009771540681,-0.11030412048002601,5.309816049405191,2.2565323643325104,1.4260865669961098,-0.46505602182237127,0.7228464474318018,0.6986118744516054,1.3490652367543425,0.2676869872167041,1.643623792688782,2.072464881732296,0.4316968904549458,-0.06795016478428681,2.274689126457324,2.7693604138222696,-0.4268370792498517,0.12741165261775642,0.8181553666599254,2.222808571116776,0.537632821370612,-0.06305778823278482,8.807551059347583,1.3729788636681761,0.07008676009971443,0.14457587747158238,3.59958736595153,1.8103439962114285,-0.5419376201497347,-0.23787351668406778,6.63615796508443,5.367731033110164,0.08880789473707573,0.16372322448672602,6.670656374127922,2.380027068621447,0.09330290389668804,0.6684756736192836,3.0180610785965687,7.784221367077307,0.4011433111198782,0.17132045523608022,3.2174973942734653,6.54176770889905,0.23724036035495333,0.1522821031584087,6.56812309032559,8.488888256783381,-0.0008124375274747714,-0.17714113652385977,4.54987973295059,4.010485370218761,1.3957860813731309,-0.5493461705018424,2.2735115827947836,3.917833794235512,0.9296796865785164,0.5030287446923807,3.7308751806192326,8.008730856605876,0.21006857611395205,-0.02225110439915883,8.084835044997053,2.5305498089786216,-0.3963132723784733,0.13350464282704091
162,0.7840179783909444,1.1974315160684723,1.486445132056725,0.1687106942133629,5.8662614708898015,6.349650823434912,-0.22317312155796343,-0.3789814724352809,7.490754649882258,4.7282389896552965,-0.11061463799267329,0.1610895660568582,1.893057736545434,8.206139525940428,0.3454848157450477,-0.11212516549875856,5.381120377754996,2.2332795632413918,1.4274877493295883,-0.460737154475246,0.790299709269519,0.7119962238124407,1.3347545772861686,0.31218422680639524,1.6652086372115293,2.069067373493082,0.474831186395345,-0.04835742663273651,2.2533472724948314,2.7757309964531576,-0.4345303595294881,0.18391454916507394,0.845037007728456,2.219655681705137,0.5292813597812756,-0.03334986768148478,8.811055397352568,1.3802076575417552,0.08043741213876549,0.13036767689766118,3.5724904849440433,1.798450320377225,-0.546248715700391,-0.1895195853762751,6.640598359821284,5.375917194334501,0.07945938602144616,0.1805114046591694,6.675321519322756,2.413450852302411,0.06722557974469523,0.5997462610635891,3.0381182441525625,7.792787389839111,0.4330756799944281,0.19108027563774876,3.229359412291213,6.549381814056971,0.2869227003808551,0.19477201328414112,6.568082468449216,8.480031199957189,0.0131183734604746,-0.15698852598346974,4.619669037019246,3.9830180616936683,1.40724290443015,-0.5192951067851457,2.3199955671237094,3.942985231470131,0.9733037687861962,0.5429773184009149,3.74137860942493,8.007618301385918,0.25320594169355715,-0.0005737370099567138,8.06501938137813,2.5372250411199735,-0.4084949150300312,0.15103951571655966
163,0.8583402349937806,1.2058670507791405,1.4833747196941673,0.22270931945531652,5.855102814811904,6.330701749813148,-0.21477541719509416,-0.3633140831020328,7.4852239179826245,4.73629346795814,-0.13273675139933147,0.16035606137966682,1.9103319773326863,8.20053326766549,0.3400793789163152,-0.11188480890722842,5.452494765221476,2.2102427055176292,1.4271168463798387,-0.46188473321691825,0.8570374381338274,0.7276054351527604,1.3193523272942749,0.35480664401792783,1.6889501965312965,2.066649502161445,0.508251591187177,-0.027611511458252257,2.231620754518357,2.7849267239114113,-0.45101367684506655,0.2437855849793592,0.8715010757175198,2.217988188321063,0.5329559038027628,-0.008193262437801913,8.815077267959506,1.3867260413866382,0.08957071977454964,0.11598439215006062,3.545178049159024,1.7889743411084114,-0.5681870739476711,-0.13867760420371347,6.644571329122356,5.38494276456746,0.07079393312389748,0.196861170317548,6.678682798309991,2.4434381653555906,0.05626087767493586,0.5357912640009059,3.0597720281522838,7.802341403620998,0.4637837962873816,0.21151534662926488,3.2437055473102556,6.5591204147211775,0.33587306854682497,0.23592305407660633,6.56873838712224,8.472181773658015,0.02701351404875814,-0.13688392102398184,4.690031182240753,3.957053306354411,1.421573431821043,-0.4786741876689642,2.368660755563019,3.9701340973901766,1.0116103597009225,0.5780613335319116,3.754038906509608,8.00758961453542,0.2952629671261438,0.02040595652203334,8.044594635626629,2.5447770169058015,-0.41819370385172844,0.16690062312556006
164,0.9325089709784891,1.2170025167519063,1.4742841991770357,0.2765612049021464,5.844364043952149,6.312536045658046,-0.20601279531551653,-0.34750378120212283,7.478587080412658,4.744311271027123,-0.15397821810036222,0.15707497059857417,1.927335946278502,8.194939027220128,0.33313773406892216,-0.11177950078289853,5.523850607540468,2.1871484688567833,1.425681737524472,-0.4614522324615039,0.9230050544985411,0.7453457673536569,1.3016257658671584,0.3951341155126025,1.7143627760906555,2.0652689265885322,0.512103447105942,-0.01378914665112335,2.2090700706761037,2.7971160031603794,-0.4752532690992284,0.30495345693141607,0.8981488709076579,2.2175785251991726,0.539785465095888,0.02027338840581839,8.819555803948234,1.3925252609941412,0.09758500235874001,0.10127215085806081,3.51676869546164,1.7820404608982257,-0.5899181242601902,-0.09123431563903146,6.648111025778551,5.394785823083337,0.06281358197386162,0.2121776596564228,6.681495842193738,2.4702277285556358,0.06434863192450861,0.4932460407648219,3.082961217966653,7.812917170952462,0.49337167606433624,0.23190570817673498,3.260499200737597,6.570916567425008,0.3843284290786319,0.2765622608436885,6.570089062824677,8.465337577606816,0.04089101166218816,-0.11673820376076009,4.7611098538318055,3.9331195969709625,1.4344296499299087,-0.4386474431727144,2.419241273548065,3.999037164066772,1.0402362383925958,0.6093370171733453,3.768802054865915,8.008609912361521,0.33622510887838686,0.04071784855465663,8.023684950434042,2.5531220480620793,-0.4256159156179714,0.18255882738304832
165,1.0062231809373408,1.2308305769970136,1.4614895331760756,0.33771044463678673,5.834063404186374,6.29516085659794,-0.19665310327841096,-0.33089893895654404,7.4708881695076395,4.752165019557052,-0.17423841949492017,0.15104983396386673,1.943992832981948,8.189350052180982,0.32576448453812995,-0.11161083776404979,5.595134694416692,2.164075857233708,1.405067795974217,-0.4511824736111678,0.988086342791899,0.765102473129287,1.2837471500109878,0.43021883993887206,1.7399679484459525,2.064579469255976,0.4907859487200358,-0.0041153776241286445,2.1853074072211425,2.8123636760069504,-0.5091963857641149,0.3761307428410688,0.9251381441624523,2.2185921946194638,0.5456717467501266,0.04982161619283621,8.824435054066171,1.3975888685370443,0.10483454989988153,0.08643224237741658,3.487272789248631,1.7774787451162741,-0.6047613363282711,-0.0466559928708201,6.651251704877244,5.405394706066159,0.05508896455223458,0.22601371267022438,6.6847132737899635,2.494890030593877,0.08403341007840495,0.47281974208690064,3.10762980176987,7.824512456361298,0.5220840261944174,0.2521433760353356,3.2797156221915285,6.5847446804671925,0.4310507309194141,0.31347875521319535,6.572133613407787,8.459500667418778,0.054765104360285394,-0.09664246648229863,4.832831336328301,3.911187224812327,1.4482573851490066,-0.39057719641751015,2.471253085467695,4.02950401492544,1.0609172455990359,0.6370377572722986,3.7856133103098344,8.010645804789254,0.37684687830664004,0.05844906212429774,8.002404154653144,2.5622499894312316,-0.4308203477031278,0.1979942935533593
166,1.0792976575961446,1.247716099228853,1.4451617739372113,0.4018798914484921,5.824230749022453,6.278615909650113,-0.18767029886080078,-0.3131938903358432,7.462176248532893,4.7597175112552454,-0.19319979842691937,0.1438116731450515,1.9602810572088545,8.18376951029278,0.3180124310985128,-0.11046083254640819,5.665388084215403,2.1415167335531495,1.3781309907259565,-0.4381407895796813,1.0522737002924485,0.7866134151262306,1.2623294636677949,0.46186620026373165,1.7645072458819542,2.0643737003747695,0.45631006785875344,0.014820863048936542,2.1598475879329366,2.831170213149004,-0.5397674769391942,0.43770138125926644,0.9524217314999587,2.2210832754291054,0.5454122471257551,0.08234363891698782,8.829676781561165,1.401910480655915,0.11170575248796288,0.07164444772781559,3.4570347224322173,1.7751459454727332,-0.6110294501798184,-0.005084596281540919,6.654006153104856,5.41669539169967,0.04690527662689584,0.23806569659294433,6.688914944293884,2.518531017698222,0.10591195208442072,0.46056387824155226,3.133734003079591,7.837119625163065,0.5497563318975806,0.2723677460976868,3.301268158737499,6.600418618227852,0.47584131476836733,0.3488849811329189,6.574871868625801,8.454668544094663,0.06845932365149557,-0.07677043735660817,4.905244205585751,3.8916583649914513,1.4614456721215874,-0.33790020336939985,2.524298947747647,4.061355902789055,1.078234020622973,0.6628379138656214,3.8044556542251664,8.01356825789547,0.41543259777284947,0.07568690718750727,7.9808631372679875,2.5721497041088996,-0.4331658869600582,0.21290528057289818
167,1.1515557462930053,1.2678100938012775,1.4245960645432805,0.46960201542135355,5.814847234079413,6.262956215133321,-0.18128916417194657,-0.2961031778481456,7.452516258611547,4.766908094912498,-0.2108369245746664,0.1373070942566352,1.97618167876378,8.17824646866546,0.3102695284619848,-0.10803630353784086,5.7342946337517,2.1196096940741653,1.3518761341395003,-0.4274487348013438,1.1153901734758382,0.8097067251394172,1.2421465173434465,0.519484603698485,1.7873227492748918,2.065114743527216,0.42884620257860206,0.051730687658693014,2.132859214085977,2.8530552822119675,-0.5617156580319334,0.4968723843625227,0.9796923438562465,2.225200457374955,0.536302542929302,0.1181389579973406,8.835262069185564,1.405492703042306,0.11818872618276421,0.056731218083517033,3.4264832499232263,1.774891715658656,-0.6073836795555384,0.032601024503218605,6.6563514169362,5.428598676529317,0.03792161688263314,0.24851968371452635,6.694210541898104,2.5415592116102994,0.12866965962064128,0.4535883325073852,3.16122181967447,7.850738012467949,0.5757312850721716,0.29252546773636634,3.3250602244759175,6.617862867284498,0.5181090694423252,0.3820091180576625,6.578294834808376,8.450830022226832,0.08192022056073248,-0.057144895788805744,4.978316489191831,3.8747633548229814,1.4729672064244743,-0.2834918143405196,2.5782106487787955,4.094497798482336,1.0937507174933,0.6877865406222895,3.825227284113809,8.017352603254846,0.4507269547150263,0.09416686685423625,7.959204842919984,2.5827949681375446,-0.4323508686936188,0.2269960391349862
168,1.2227855495201694,1.2912901945723452,1.4001121904073521,0.5382247246947375,5.805782775870815,6.248151056240913,-0.17578698974980167,-0.27860305446653094,7.441974412382814,4.77377344962533,-0.22548223879128018,0.1329083314493852,1.9916951551868793,8.172844653488568,0.3029287306800405,-0.1041312273768139,5.801888440458676,2.098237257334098,1.326414996844731,-0.42212167361014263,1.1774974993430105,0.8356809553243415,1.2166722372245042,0.5731368365838457,1.8087650594038218,2.067701277910151,0.40930468716865565,0.11971423153152627,2.10477343118438,2.8778989014300937,-0.5483403504123616,0.5438596258690992,1.0065074710027115,2.231107405274822,0.5189724283858641,0.15712937213994926,8.841171505494703,1.4083292639464817,0.12430761496323887,0.04180648027242847,3.3961140659454494,1.7765217668838171,-0.5989712304936678,0.0631387966818685,6.658247497780332,5.441024660715043,0.028121938258956838,0.2572197825569088,6.700644024879137,2.564238628235669,0.15520356131207805,0.45187194467671055,3.1900083839280784,7.865364285854767,0.5984802366860746,0.3110125441976815,3.3509656779480337,6.6369633231873815,0.557690815305286,0.4125257067455593,6.582390845836413,8.447972777437391,0.09510772586554586,-0.037840474244730735,5.0519648495130545,3.8605887641059553,1.4789261633564488,-0.2505541924210698,2.6328981846534605,4.12888712551345,1.1084729172313257,0.7094567390628412,3.8477636318495603,8.022060946597557,0.48242893673635806,0.11387475223879588,7.937587299485303,2.594144770094294,-0.4267409715420294,0.2400842296905587
169,1.292791159040537,1.318201430807082,1.3747666842226842,0.6000138031340334,5.796993426383326,6.234220903517587,-0.16978745815290264,-0.2601863800313922,7.430700300443251,4.7804188661978,-0.23668970759897748,0.13030094768410494,2.0068415917208813,8.167638092119727,0.2961413366928617,-0.09827730210399152,5.868209190300912,2.077131173653591,1.3027209659041983,-0.4159846031778373,1.2383311112042357,0.8643377971535338,1.1856327906321733,0.6269643667294909,1.8292302937622547,2.073686989486727,0.3827240911985018,0.19664021853676006,2.077356413663762,2.9050918827235486,-0.5347161934008526,0.5549175801506677,1.0324560924220048,2.2389638738818194,0.4993100794597968,0.20204900898553796,8.847386886242864,1.4104195879601031,0.1297989644368345,0.02712253330530353,3.366165504420766,1.7796787067179105,-0.5811930156813891,0.08940896272133536,6.65965359469328,5.4538856498428885,0.015875339955638813,0.264699898745435,6.708404202944741,2.586832225469504,0.17850276959550243,0.4525596896573885,3.219932395762382,7.880914913064651,0.6176168175109267,0.32705102608883674,3.378850218713298,6.65758960852466,0.594704718565517,0.44116401598590044,6.58714623212969,8.446080753725154,0.10838018120020926,-0.01876144617475774,5.125911157680877,3.848061054484902,1.4834174703751817,-0.22242438846874926,2.6883218305150267,4.164359962466592,1.1226258851611657,0.7264267536349848,3.871885078686378,8.027754684209498,0.510477598087562,0.1342126825604893,7.916250250908202,2.606148981578822,-0.4172368768221426,0.2516564498670171
170,1.3615294932516713,1.3482021209637836,1.343113038588033,0.6518246756888124,5.78850405347568,6.221211584516017,-0.16374705602361014,-0.24183075118331634,7.418865815063302,4.786933913582005,-0.2444418117025427,0.1288445839055436,2.0216486585555242,8.162724227014527,0.28978996558337605,-0.09064731152629377,5.933345238596122,2.0563319434946994,1.25363641576191,-0.3660455310457267,1.2976127507358444,0.8956860154900083,1.1514842107962815,0.6838879468991685,1.8483664983221797,2.083519000413565,0.3547679869199374,0.2726771188186662,2.0506206039937194,2.932837761731082,-0.5167093873252797,0.5399228575459162,1.0574215963949947,2.249066324331096,0.46920966232265077,0.24359891213991114,8.853876834464707,1.4117757146253682,0.1342714660127813,0.013052511199132874,3.3371058536366967,1.7841491548539772,-0.558773977266434,0.11244295417736716,6.6604473616910616,5.46712064478016,-0.002838652878452374,0.2534939640122826,6.717329341424516,2.6094602099523736,0.1936952857435928,0.4546750929594024,3.2508132366379283,7.897267464369093,0.6331386552818655,0.34144216523850257,3.4085854546415737,6.679647809323955,0.6294177871699863,0.4667534880413356,6.592565241189701,8.445142681416415,0.12111996174544394,-0.0037063530055453982,5.200082031199636,3.8369398350614645,1.4815594010000244,-0.1989606326227257,2.744453124773085,4.200681300148341,1.1328799970471901,0.74371334784704,3.897408958590756,8.034465318337523,0.5349321410820612,0.15491337867121469,7.895388407067094,2.6187318040721728,-0.4056141215926695,0.2614843714065621
171,1.428685145181073,1.3807933547482243,1.3034263915304998,0.6972180323696825,5.7803167006745,6.209120046956851,-0.16018208880854895,-0.22501049775151932,7.406643724478174,4.793376142777282,-0.24994947496741335,0.12763207986509373,2.036138156834693,8.158191861438212,0.2836115056857387,-0.08157195301627637,5.996027059384217,2.038029666942413,1.2235372294606786,-0.3221423173063315,1.3551869612756584,0.9298804128349667,1.1145492956113068,0.7449156883313585,1.8661048976681767,2.0971528563544983,0.3292577592397311,0.3443752360748307,2.0247851346274555,2.9598339046083777,-0.49316963108681916,0.5169141503801981,1.0808820795111271,2.2612462699380917,0.43920069659198363,0.27353551783182095,8.860590407765345,1.4124283401853248,0.14597107696134393,-0.004004934446199463,3.309167154773375,1.7897713025628454,-0.5338364518748553,0.12870008080671974,6.660305429047139,5.479795342980775,-0.018312479108024672,0.24448348739327738,6.727014105711695,2.6321939646003436,0.2053505791486488,0.4570586033552869,3.2824701694020217,7.914339572631018,0.6451168553598761,0.35402742819273764,3.440056344000073,6.702985483726021,0.6615014832969242,0.4894700340999904,6.598621239276973,8.444957363766138,0.13391888201922475,0.011607959273678999,5.274160001249637,3.826991803430328,1.4627035923247351,-0.18583468848515247,2.801097124625444,4.237866967540693,1.1410192362988036,0.7601318585224703,3.9241555656448592,8.042210987271083,0.5560600475237497,0.17583471329550515,7.875107700987461,2.631806022642501,-0.4049700706816006,0.278813685757644
172,1.4938564647575978,1.4156542563667085,1.2629012889151434,0.7329657869435046,5.772307596234072,6.197869522069276,-0.15836858359111597,-0.20891980219154083,7.394146250729803,4.799757746770537,-0.2508949987211756,0.12648203180661372,2.05031873211898,8.154113263787398,0.27576813942044176,-0.07181649284338476,6.057203920857251,2.0219225510770964,1.198951226932011,-0.29428254605465304,1.4109144260562236,0.9671261972515346,1.0792759642075744,0.8099879684998917,1.8825677856301632,2.11437161815824,0.3064947498703578,0.40784388307800457,2.0001266530731145,2.9856796121273876,-0.46391863974236724,0.48858645584494265,1.1028421143407263,2.274923045829683,0.4154954003735884,0.29086713292219113,8.867888961613412,1.412228093463015,0.15665937143165415,-0.02015186251817517,3.282475332179632,1.7962063066031815,-0.5054547942744525,0.13805264636348435,6.659389805091738,5.492019517350439,-0.02901364669149025,0.24060727440895388,6.737281634669127,2.655046894768108,0.21551422906529766,0.45877717476487,3.3147260121700155,7.932040944040655,0.6538518445261359,0.36465882034385494,3.473131418164919,6.727458985431021,0.6908082139249377,0.5110089562906566,6.6053171833779345,8.445537761729822,0.14624436110943853,0.027033535543305617,5.347295180865874,3.8177000690060705,1.4408521734123243,-0.17466903010059093,2.8581480864403845,4.275873560466817,1.1459687743359845,0.7677907536275939,3.9519585680210465,8.05100272293586,0.5742288143203386,0.1964458504472233,7.854859197453381,2.645746706930383,-0.4024102959400702,0.2963979261941979
173,1.557001529203355,1.4523025457138836,1.2212092316632133,0.7563992695904467,5.764389167054516,6.187423531959698,-0.15658138637377073,-0.19117475587396346,7.381601500793744,4.806081848360868,-0.24740717630773107,0.12537634003465942,2.064107139090002,8.15052243914523,0.2659916499838153,-0.06159569920873167,6.117151482203852,2.007208423774364,1.1903846134366611,-0.28235520587497126,1.4648782242666023,1.0076255956765292,1.045856614417955,0.8732952657296585,1.8978925231236812,2.13476381231214,0.28373180010562926,0.471338374655153,1.976930721085996,3.010108934919635,-0.4293701306214261,0.46277676548868807,1.1236168843594057,2.2894664024757927,0.40113970661605436,0.30943207838155695,8.875721930184994,1.411220500337106,0.1665449790914709,-0.0357633814376431,3.2572025924659096,1.8031089389213557,-0.47361396621334867,0.140699701490211,6.657939122757163,5.504049881070887,-0.039262727945495686,0.23818273031296083,6.748057346122392,2.6779857535063516,0.22031580304217202,0.4603768187031134,3.347418604396322,7.950273885057848,0.6596112949468731,0.3734596972295075,3.507671828861166,6.753009433245554,0.7171305548902087,0.5303065739645305,6.612629401433407,8.446889438506988,0.1578748008677393,0.042352663877827865,5.41933778953649,3.808966617501041,1.4156542085056318,-0.16456994020987248,2.9154465251571837,4.314263098148197,1.1481709778332752,0.7687352582350627,3.9806700087370634,8.06082501545822,0.5901852057144769,0.21614966185431253,7.834738682656377,2.6605666032400928,-0.40014105658891685,0.3138934004135201
174,1.6180619907865157,1.490122509193406,1.1822828686718803,0.7666953319705221,5.756560097735828,6.177864794166,-0.175492365108264,-0.17462864208488188,7.369231141978357,4.812350665362601,-0.23905756693273106,0.12367432660913041,2.0774067215891927,8.147442654184793,0.25430037027447616,-0.051122716831917776,6.176670712875684,1.9930906634806154,1.198272401553593,-0.2818940710482068,1.5171710549875002,1.051290358963012,1.012119425840303,0.9294701459958481,1.9120791131289627,2.158330731044898,0.2646934149528125,0.5285934400962846,1.9554622145549247,3.033247773194069,-0.38531745823525665,0.45711533341616783,1.1436738696902085,2.3049380063948703,0.38621796244824963,0.3235408256254382,8.884049179139568,1.409432331265224,0.17339499669868297,-0.050849561409338044,3.233521894155242,1.8101439239958663,-0.4376359410153659,0.1374463540635581,6.655975986359889,5.5159590175865345,-0.05083232626264199,0.23610376742811748,6.759073136274501,2.7010045944415073,0.22037612108003957,0.4602945506319854,3.380399169143666,7.968946869919323,0.6703734589435696,0.39054298148835,3.5435283566056768,6.77952476194378,0.7408145618196063,0.546812970198566,6.620523141476793,8.44900707170088,0.1687393581935793,0.05700176596961711,5.490120499961772,3.8007381204905473,1.3846133314018263,-0.15878133045185303,2.9728550740488475,4.35269986105995,1.1468601029390137,0.7645912635609762,4.010179269022787,8.071632498550937,0.6038965345189699,0.23506116659979592,7.814731629826931,2.676261273260769,-0.39548455323937426,0.3316670286483834
175,1.6771761342201097,1.5284572757919321,1.1435274458412985,0.7706515340156052,5.747785479480415,6.169133362061756,-0.1916904205544119,-0.15727425951032362,7.357278263631721,4.818534381693057,-0.2269848845520548,0.12184050570731929,2.0901217401029166,8.144886518343197,0.24084855264275468,-0.040419662016387,6.236584332953364,1.978995959928205,1.2162513737501721,-0.2869219862130351,1.5677770262795152,1.0977638662628044,0.979760970182344,0.97927837699198,1.9253137838766035,2.184760403049712,0.2520080042744258,0.5788537812637345,1.936196341643162,3.0561035398648775,-0.34147373291157956,0.45309243153840695,1.1629847678126208,2.3211150476761424,0.3716261448904379,0.3326385112903304,8.892718928974503,1.4068898531947571,0.17616944017607516,-0.06545079054055981,3.211640097104474,1.8170162416990443,-0.3992832995520862,0.1449197706900115,6.653434370046757,5.527764205957941,-0.06429578170125588,0.23483540414975831,6.770091942328503,2.7240193219731066,0.2152613641829477,0.4561273973182294,3.4139178420908443,7.988474018993741,0.6762382829256891,0.40844218478882605,3.580569084696657,6.8068654104537085,0.7625376549120478,0.5601239554657284,6.6289601093864725,8.45185715999936,0.17891415268868505,0.07084333688340877,5.559351166531863,3.7927990539679546,1.343077855551721,-0.17683372663009858,3.0301980791957983,4.390929424237998,1.1441267259442847,0.7568972315177576,4.040374095748736,8.083385556880927,0.6156756819055208,0.2530194679055668,7.794957402164963,2.692844624693188,-0.3873259864366342,0.344749416691787
176,1.7343525065121745,1.5669898524927124,1.106205824661718,0.7688388783506247,5.738200958452694,6.16126964908624,-0.20502693896127988,-0.13895226258306226,7.345929019404118,4.824626406978423,-0.21283482681899585,0.12045408648928574,2.1021641677350544,8.142865535242377,0.22596005594580568,-0.029445576685423865,6.297396901640873,1.9646498606175533,1.250419015151463,-0.3127005420830913,1.6167650747886324,1.1467277851124034,0.9488243326615539,1.0220196846082137,1.9379141840903247,2.213703092112899,0.2422764239574054,0.6209566069053666,1.919122654997583,3.078758161441798,-0.300657145701878,0.4494147247454563,1.1815660750571428,2.337746973240659,0.3595564978762968,0.3386313526383824,8.901527400983307,1.4036173136677292,0.1760521231477315,-0.08030684293924145,3.1916759321268695,1.824262230233545,-0.3596602923737796,0.16104963991265248,6.650219580961694,5.539505976165429,-0.0776668097073327,0.23374700573416302,6.780855010537651,2.746825691839018,0.20664154311132293,0.4484898935750577,3.4477297562371287,8.008896128233182,0.6774202590503334,0.4268956397601395,3.6186959674422594,6.834871608226995,0.782236323928409,0.5703240104092899,6.637905817020907,8.45539932684353,0.18830799222678243,0.08392143041215633,5.62650505930945,3.7839573676364497,1.2934241168146148,-0.1943137662266562,3.0874044154930127,4.428774285813886,1.1430799741321842,0.7446530077144757,4.071157879844012,8.096036530276205,0.6258531764910349,0.2699041763101078,7.775591102843131,2.710082095527777,-0.3786308280742456,0.35283873034787866
177,1.7896627977452604,1.6054317964102436,1.0724476105456213,0.7635695472381206,5.72794961150463,6.154322035957087,-0.21524851565195371,-0.11961067754296979,7.335287278063168,4.830649111302887,-0.19823616962819612,0.11954274460231831,2.113462170532345,8.141393256408106,0.20987090265601074,-0.018565820175166142,6.359917852398446,1.9490148335133988,1.277367884379826,-0.33531525360614733,1.6642062914217102,1.197828769342814,0.9132265999983993,1.0556264671637938,1.9500280052881949,2.244750922458167,0.24279849023765118,0.6512526017831818,1.904089797712489,3.1012288976790705,-0.2623406186928677,0.4424389182409683,1.1995438999509578,2.354678540872578,0.35231824243510795,0.3432960799387879,8.910330007140693,1.3996019715207673,0.17424838973928042,-0.09530138225971035,3.1736929175081805,1.8323147122291776,-0.31829713653195224,0.17780120346169423,6.6463362404763275,5.551193326452137,-0.08976513251607522,0.23164778025032828,6.791187087693217,2.769250186517771,0.19630740602922303,0.4392989296213243,3.4816007691896456,8.03024091022119,0.6735128597982764,0.44616368756974034,3.6578077836386798,6.86338780874746,0.799546080505424,0.5774539880527798,6.647321216632246,8.459595398364138,0.1969046464630991,0.09631650984607433,5.6911762651501805,3.774241679325117,1.238629191363336,-0.20471575053084587,3.144558414199622,4.4660069361996095,1.1450524203503172,0.7278786602899686,4.102450538668564,8.109531739091711,0.635756237880958,0.2856688210521198,7.7566595614394185,2.727724032045171,-0.3592968411362459,0.35769389709604477
178,1.8432851782725415,1.6436102737721496,1.0393947458748678,0.755208022149572,5.717187185722032,6.148341502079938,-0.22208797131611158,-0.0993740572360011,7.325375469581759,4.836626248533003,-0.18328905623345887,0.11916663158709129,2.1239557156651454,8.140464965399348,0.19272914177029526,-0.007867774384970676,6.423786246617437,1.9322490708330915,1.291668482583962,-0.3478114977684684,1.7098676214216302,1.2506100927010038,0.8723969951342788,1.0807193222596572,1.9621679298000774,2.277313552547326,0.24642837547904045,0.6750086707281128,1.8909727667778458,3.123350843591119,-0.22492356749676934,0.44004839759380016,1.2171598120727132,2.3718433448695175,0.3489082707657917,0.3460563321090526,8.919042426627657,1.3948369024077818,0.17070626935709066,-0.11033860744653515,3.157778060681583,1.8412047724022624,-0.27547266553509553,0.19653712037424992,6.641847983850524,5.562775715464653,-0.10049116417710885,0.22851444416822742,6.801002457994678,2.791215132998837,0.18559562285852296,0.4286343481138799,3.5152764121795594,8.052549094599676,0.6660395221479772,0.4657596801348954,3.697785087663951,6.892260508150098,0.812609189426475,0.5814693342967574,6.657166448955401,8.464411223856443,0.20465250373572408,0.10798490509711002,5.7531077247183475,3.7640058917985746,1.187284743035318,-0.20478724580748883,3.201811035217138,4.5024008692141075,1.1473842840665618,0.7074875447437421,4.134238350562612,8.123815180144318,0.6460580945775637,0.29989968629221686,7.738694719382607,2.7456087268999734,-0.3337098873770525,0.3582328710254053
179,1.8952549155662848,1.6813706748796282,1.0084486729388098,0.7438975065968128,5.706082787156227,6.143372799218138,-0.22613394242657472,-0.0782380833056422,7.316211016770086,4.842584580112358,-0.16800134103684938,0.1194534444112884,2.13359217275366,8.1400715766801,0.17475399768202698,0.0027153014960336584,6.488369670746636,1.9148584959446682,1.2934893759833794,-0.3435979303178258,1.7534874711783441,1.3046460588139865,0.8281370535563675,1.1003983977391647,1.9744893485740294,2.311063986083732,0.2502121092492917,0.6949297261642471,1.8797265884030072,3.1453532634708092,-0.18962074967526665,0.44840658184200916,1.2346052256110027,2.38914616147497,0.34931991348112656,0.3465138377580083,8.927577740095511,1.389319972035455,0.1664378954355771,-0.12534973622976117,3.144004427404828,1.851031628420975,-0.22877486120331605,0.21556412402014682,6.636823425641668,5.574201437673064,-0.11014399036710366,0.22557826087953398,6.810282239137604,2.812646850404531,0.17602169533681733,0.41797904183422063,3.548578388286958,8.07583707860642,0.6573081897266745,0.485179177386406,3.7384155471352747,6.921333974864936,0.8214169320221476,0.5814117209418826,6.667399074142187,8.469810469111298,0.21148084983915388,0.11901135310850834,5.812471961870114,3.7537665295082,1.1352469019536986,-0.19929184023781624,3.259180249420466,4.537775246451295,1.1436826147162953,0.6840835380837575,4.16654125529149,8.138810164458928,0.6576032385990748,0.3115447627161003,7.722009225013754,2.7635203704512437,-0.3052105970299532,0.3519640620346884
180,1.9456773492132253,1.7185655502094688,0.9791982269768575,0.7296172872207256,5.694776090034898,6.139460895052856,-0.2506552709354286,-0.0652578188803645,7.3078109497182435,4.848557252332922,-0.1528769231954149,0.1200018262819009,2.1423298726377613,8.140207341754902,0.15597947782128252,0.01304552255297183,6.553044139545805,1.8976785994287768,1.291525450249217,-0.333565301096148,1.7948943238561625,1.3596659787009449,0.7830022379826751,1.1175554040028977,1.986999954036494,2.3458104723919444,0.25134824344163925,0.7126324576543823,1.870245550919244,3.16777359256291,-0.15450502487324944,0.45753389250547083,1.252071221285059,2.4064718533628704,0.35398559631849363,0.3450120828072763,8.93589963486729,1.383052485223967,0.16231283045161313,-0.14027023466049007,3.1325656843446623,1.8618098346219822,-0.17659080396759827,0.23423527005534123,6.631316226123313,5.585480350717041,-0.11869423493688211,0.22278695133658,6.819083323904445,2.8335458024962423,0.16705355664205415,0.4099776293829534,3.581443797773292,8.10009603747574,0.6465884210236906,0.5032736872264176,3.779486393736382,6.95040456091203,0.8256279070432715,0.5785544484286719,6.677973116634145,8.475761036766723,0.21741333813160957,0.12932548463664745,5.869234306967798,3.7438019374963094,1.0775377146844878,-0.19175544608875122,3.3163643801562808,4.571979423355483,1.142436294632558,0.6556017267987386,4.199421417221443,8.154387402594732,0.6706456885502466,0.320197921410606,7.706748695162257,2.781118573552978,-0.2741839624560167,0.3402116763885836
181,1.9946372605620681,1.7550464145705051,0.952157074857221,0.712110300364265,5.682243326488126,6.136198004108838,-0.27595633399618913,-0.050273327412888605,7.300167103558473,4.854557343647017,-0.13726290684133088,0.12088619725337196,2.1501288465288253,8.140859617882551,0.13826385086625018,0.023654415440802566,6.617620412058266,1.8810003343739694,1.2854776005195598,-0.32093984225959254,1.8340444357552963,1.4155437489010898,0.7386507436703887,1.1330529931142257,1.999567366208576,2.3814420952746636,0.2526797735804895,0.727779270450975,1.8625202996755814,3.190650287188183,-0.12110276373528708,0.4669562200835386,1.2697705011009839,2.423722457503234,0.3620005390241249,0.3425380785907841,8.944015276389871,1.3760389734909424,0.15748281537342615,-0.15466868133960537,3.1237361441462825,1.8735215981247493,-0.11870317231285889,0.2532856551132674,6.6253815143764685,5.596619698283869,-0.12659362658803566,0.21999886454226322,6.827436001736547,2.85404468396539,0.1572029011459337,0.4035478178158853,3.6137732188244764,8.125259721837061,0.6342861639030813,0.5191249375172883,3.8207677890885456,6.979332283333464,0.8271460490803652,0.5742999512135201,6.688843783540725,8.482227310998555,0.22257472709507048,0.13873349741421437,5.923111192702023,3.734214165191872,1.0128788761739744,-0.18225580011053888,3.3734861948879087,4.60475950969542,1.1358955670172015,0.6262981045529501,4.232953701648956,8.170397298665263,0.6851324782536158,0.3258858022991873,7.6930394970394556,2.7981291573724074,-0.24282367300155658,0.3292222361560682
182,2.0422451143049294,1.7906519295887184,0.9260619944815496,0.6912048965714069,5.668445509788317,6.1336843377381935,-0.2977955652488594,-0.035405962052628595,7.2933039582164065,4.860601653509686,-0.12103433381705797,0.12215789559787084,2.1570420390721377,8.14204233865459,0.12242510264962114,0.03408570436859607,6.681894292084245,1.8649533422609899,1.2777122135209065,-0.3097352799233861,1.8709769729388157,1.4721963985568012,0.6946940675448623,1.1471199038579392,2.0122013548876003,2.4178310587972125,0.2548278754318336,0.7429055375265137,1.856465161488817,3.21399809819236,-0.08907725366257896,0.47618104320079474,1.28787052805219,2.4408493614327735,0.4005120417668922,0.34459139061674837,8.951889417158542,1.368305539423962,0.1516481707130725,-0.16827000232158473,3.1178009855306397,1.8861858808804126,-0.05493221651184875,0.2744140592537398,6.619051833047067,5.607619641510983,-0.1371308411652337,0.21424761460305997,6.835296146793844,2.8742220748561844,0.14928483386945587,0.39384205897603963,3.6454875270196303,8.151215968712926,0.6217948497899413,0.5324853365250856,3.862125091542564,7.008047280894139,0.8260755384843282,0.5699775359957628,6.6999725198954785,8.489163985869265,0.22708261892885268,0.14698842704616283,5.9737551365107215,3.725101375186345,0.9573885135297788,-0.1807589005169174,3.430280973238769,4.636074414923067,1.125223184006814,0.5985007125422613,4.267210325561637,8.186691588780223,0.7008548066780695,0.32869628702889453,7.680898313389378,2.814590269180211,-0.2233736000573923,0.309352357267938
183,2.088548214029007,1.825212174417289,0.8976045495753149,0.6681556195042225,5.6535557315258735,6.1319140396355625,-0.3170236675156479,-0.021245226147458156,7.287252241525554,4.86670954828958,-0.10418048720746553,0.12371738453885485,2.163163294204619,8.143746623873021,0.10819886123984254,0.04394291712069988,6.74577990276029,1.8494665782648205,1.270104769890211,-0.30282632747859434,1.9057116763160589,1.5295523937496982,0.6537313208054748,1.161619520480864,2.024942748659192,2.454976335673538,0.25970231459682974,0.7524799873339192,1.852011298805688,3.2378071503524,-0.059818919025890725,0.48479789223581937,1.3078961301405347,2.458078930963611,0.4347794076993568,0.3467425645287371,8.959471825694196,1.3598920393078828,0.14495386278975553,-0.18112897129474453,3.115054374705047,1.8999065838430995,0.011482872856971443,0.296697698267507,6.612195290988805,5.618332022241136,-0.1467129002506028,0.20986799606265374,6.842760388487317,2.8939141778049864,0.14284477551889282,0.381606486786947,3.6765772695091274,8.177840235539179,0.6093276546963096,0.5430855792888433,3.9034288684667806,7.036546157693928,0.8228083706031971,0.5655730556129628,6.711326650841921,8.496513407221572,0.230885949588719,0.15417543590388988,6.021624562187211,3.7160634301604993,0.8940506927614225,-0.17962314844622224,3.4865421324391095,4.6659994505501805,1.110364665465955,0.571520747570719,4.30225306589554,8.203126403131668,0.7100063965485224,0.3325054563362456,7.669729633386508,2.830057887043608,-0.20702043246391313,0.2920086141224722
184,2.1334284415077724,1.8586199553925,0.8687868154530386,0.6455198138973804,5.637704548150091,6.130851778328189,-0.3338000549091225,-0.007606004061982233,7.282043217165181,4.872895417516522,-0.08684289824157274,0.12540836216440368,2.168573237266611,8.145943769729056,0.09449885135739244,0.05250538287783146,6.809285141254801,1.8343252618908907,1.2651570110516768,-0.3025018959279053,1.9383982423563326,1.5876333697737415,0.6140697762440886,1.1747170153214859,2.0379278643890335,2.492600335040234,0.26780315057581455,0.7614012954043404,1.8490203528543936,3.262047044964191,-0.03251312526368369,0.4922681893041768,1.3296351005255025,2.475416059190048,0.4650540670945747,0.3477324372115767,8.966719518833685,1.3508355907431455,0.13741286194670743,-0.1932784319084721,3.115628518347896,1.9147414687564748,0.0762660764588086,0.31853693250040954,6.604859645976275,5.628825422044269,-0.15553835138623817,0.20614826650502036,6.849902627263262,2.9129945021443335,0.138240916854261,0.3693984124556634,3.707043652243943,8.204994514503621,0.5967938201197028,0.551222049159649,3.9445692869969404,7.064824810474576,0.8190178214143448,0.5611312291949206,6.722870948321357,8.504222179016766,0.23388309874326288,0.16039095834217762,6.066327096825281,3.7070822727381882,0.8209789805059445,-0.1785074861210486,3.5420603657124072,4.6945754879287165,1.09189963378251,0.5447151261851447,4.337753385722966,8.21975167594848,0.7191560373470911,0.3342672658864714,7.659378611763312,2.8446583177497318,-0.19205884259107606,0.2782928090091566
185,2.1768677822804245,1.890895946087369,0.8446957788352827,0.6235119760058018,5.621014545404635,6.13047147812509,-0.3468527881516343,0.005463527259543341,7.277701072253102,4.879165835624742,-0.06973560672193085,0.12706669544359614,2.1732981798344806,8.148569038872948,0.08270363008826173,0.059863428008799555,6.872542991807385,1.8192001670944955,1.2601495544361097,-0.3093380562002651,1.969101731168537,1.6463692205398157,0.5758788153599944,1.1850064794673847,2.051318021917824,2.530670399810451,0.2814847247416356,0.7736520891295926,1.8473946965912094,3.2866604544294,-0.006469561182491673,0.4990193339815774,1.3528878038802312,2.4928026810506267,0.49256806584144663,0.34794722005773693,8.97359016193102,1.341171669147722,0.1304954314862544,-0.20356010572729877,3.1194418221708364,1.9306683153814952,0.1386305235756604,0.3396313858352179,6.5970827284069635,5.63913283536952,-0.16478934243266685,0.20328357563497373,6.856814673105975,2.9314644227671165,0.13429248949003084,0.358093110819206,3.736883343249928,8.232555616961603,0.5847282590039611,0.5574238800385029,3.9855201780676577,7.092881371934322,0.8147077644746237,0.5563322062968427,6.73456510325852,8.512241726933874,0.23613314521253406,0.16589755952678417,6.107376045850579,3.698156898432136,0.745259820664407,-0.17700942125662175,3.5966553474015326,4.721811244237974,1.070559157806043,0.5195168572947638,4.37371118759032,8.236465039242804,0.7272460327313074,0.3340148556059531,7.649775669633758,2.8585729582001895,-0.17805199395778673,0.2713765669163088
186,2.2191025712221886,1.9220715448876593,0.821356613088117,0.5975002139828297,5.603671905997054,6.130744654488067,-0.3560801221145516,0.01795883264870922,7.274214291917005,4.885519170396922,-0.052939573637538304,0.12854074149882366,2.1774333613388936,8.151562210273388,0.07241952067463792,0.0661148503246355,6.93555046952919,1.8037332642844823,1.2506359527753812,-0.3174260660047523,1.9978956719365368,1.705619544513185,0.5381914660405364,1.1909760638281035,2.065392258154906,2.569353004266931,0.30257885323112993,0.7880992417441861,1.8470712185320848,3.311611421128479,0.01889783588743936,0.5060181672504582,1.3775162071723035,2.5102000420535138,0.5173952257826431,0.34772543762393654,8.980114933505332,1.330993663861357,0.12512653528500145,-0.2113589763802128,3.1263733483496194,1.9476498846732562,0.19793903459441348,0.3591211927257056,6.58884326128533,5.649297014151269,-0.17969520196263894,0.2001453020531113,6.8635292975804765,2.949369078308077,0.12913621348750456,0.34645753835593196,3.7661197562001263,8.260426810963528,0.5731827230819107,0.561882531357649,4.026255566291389,7.120697982249164,0.8078796649854116,0.5510769359200411,6.746371760519146,8.520536604910214,0.23759390492677987,0.1706927125933001,6.144639036883799,3.6893064273693046,0.6706593565588009,-0.17518715471520033,3.6501833052918347,4.7477870871027115,1.045285787063245,0.4949477303311484,4.410073489226885,8.253165782023101,0.7318342787042984,0.331785791461759,7.640873069935869,2.872141786546005,-0.16328307162883776,0.26945104426851074
187,2.2601704018765942,1.9519465555868007,0.7917691028599599,0.5749290183208081,5.585867899891326,6.1316425961205026,-0.36080819089843086,0.03042165499658863,7.271567313235128,4.891946207471863,-0.03670895170360123,0.12979108498921563,2.1810543373726254,8.15486795278962,0.06284849738924897,0.07079256361449242,6.998082267167959,1.7878619609842448,1.2349428961919766,-0.31998277520489615,2.024805245238564,1.76516834770459,0.5046514675091948,1.1935342689185666,2.0805212008164626,2.60875796635414,0.3308172898108342,0.8044088353621022,1.8480161103264567,3.336912329491002,0.043808269477851505,0.5125157776108422,1.4033859684614356,2.5275863139347106,0.5362873128249748,0.347920133716449,8.986371260269582,1.3204257150423464,0.12086752376306599,-0.2186424374741154,3.13627030007934,1.9656059443095415,0.2536121093167035,0.37558144304375596,6.579858501187198,5.6593042792539245,-0.19417741551940546,0.19474504896582912,6.869986108254852,2.9666919552258735,0.12432601546358928,0.3345757651821229,3.7947788923542216,8.28852093753141,0.5532988236912132,0.5690331791468889,4.066649549540659,7.148251829045166,0.7985142836849622,0.5457180674552136,6.758251455765485,8.52907124053988,0.240695428519848,0.17469960242830013,6.1781720047117386,3.6805470696335445,0.5975471608285916,-0.1734607294623455,3.702447594644997,4.7725344736192685,1.0106783736521046,0.46826785984488895,4.4466652031621,8.26975507159619,0.7316824921236166,0.3284694430431656,7.632708916354427,2.88561433875943,-0.1481468475973894,0.2674592170413355
188,2.2997588570195924,1.9806930065028412,0.7560546643023351,0.5524781480453107,5.567827490346405,6.133163678870332,-0.36192904320491603,0.04272181403370182,7.2697318656499474,4.8984357617213234,-0.021779590062194217,0.13042174585653413,2.1841967622420877,8.158407580970346,0.05348768478482163,0.07419197632098674,7.0598294119775575,1.771862822224,1.2143415148304921,-0.3232676981921188,2.050037818614024,1.8248450611505185,0.4755350634526457,1.1887947970210837,2.0970620653070045,2.648978408122245,0.36429309711998487,0.8201097686993137,1.8502065238003493,3.362538118371544,0.06802808044052851,0.5195191214612165,1.4302003341026843,2.544982320620533,0.5537119275524719,0.3489167089415936,8.992414636457735,1.3094935931686407,0.1165630525236184,-0.22629109250126653,3.1489509055451754,1.9843850164617294,0.30611884821784185,0.3907087710819716,6.570149630411228,5.669041531702216,-0.2078368555003892,0.18886337624074767,6.876202409028031,2.9834207434849795,0.12021433246743544,0.32277247493420574,3.8224438335387823,8.316972596488755,0.5333415450223328,0.5721784853317767,4.106575263724907,7.175537732417927,0.7888711864631109,0.5395510762362891,6.770286227191478,8.537806220661295,0.2428596340560943,0.17772343900374865,6.208049362753168,3.671874033160427,0.5262484244947445,-0.17133424975468722,3.7529815133276023,4.795947866611513,0.9716285843426029,0.44014558973761964,4.483249327768281,8.286178543748349,0.7270775963381656,0.32365635493903677,7.625301573974558,2.898987299611497,-0.13330783616664904,0.2655334436815004
189,2.337561590234709,2.008316913905107,0.7145424342636922,0.5299066960833165,5.549731038186159,6.1352997695720175,-0.36102169250084215,0.05427546363802235,7.2686428861468375,4.90495684901415,-0.010084217003875124,0.13030512502673958,2.186871146481329,8.162117179786396,0.04371255731432831,0.07619690688425779,7.120546487719082,1.7556994373143942,1.1901862035440427,-0.32720075128328724,2.0738145717866563,1.8842848010015727,0.44895016700737134,1.1755123132049368,2.1152767201630036,2.6899838965572105,0.3907712893301823,0.8455945064531818,1.8536079278223758,3.388514074444605,0.09134729651308787,0.5267528104415574,1.457885930480308,2.5624281560676128,0.571622701604615,0.35048964329345506,8.998242789083916,1.2981790385435774,0.11253941750872677,-0.2347372181874352,3.1642568479560675,2.003920455015828,0.3544461362494199,0.4051900995097632,6.559757787636208,5.678484700514253,-0.21496336862390145,0.1884213539227272,6.882213125651403,2.99955936723169,0.11479527895760401,0.3097619820133302,3.849110910789899,8.345581520755344,0.518774341202581,0.5706228999362319,4.146018823048062,7.202515286229741,0.7813186551015311,0.5339424508988075,6.782429208894283,8.546692392611483,0.2422873888605863,0.18193207044474577,6.2343617839779055,3.663307320672693,0.4572386495714199,-0.1691140626047453,3.8015629425447326,4.817955146098394,0.9281144280010502,0.41699529471846986,4.519603207585189,8.3023613614953,0.7198986624196895,0.3182698328992657,7.618636182166226,2.912263971795572,-0.1186562202489664,0.26395149841120047
190,2.3732887119478936,2.034812248709273,0.6645206606869558,0.5050622999689671,5.531679953561117,6.138013542753918,-0.35661019963158425,0.06615374844999593,7.268138675296644,4.911472105265487,8.089918703521604e-05,0.13011985342973786,2.1890567743470455,8.165927025130609,0.03362662440388596,0.07695332894200563,7.1800557978962845,1.7393393997502298,1.164600084249876,-0.3315178996856205,2.096262080137025,1.9430604166618195,0.421616323299333,1.1565228604852484,2.1348152846295125,2.7322636218798695,0.40571894959753535,0.8835163017021671,1.8581752926480302,3.414851714966683,0.11365425584412349,0.5341982449224629,1.4864670655605388,2.5799526382322857,0.5892983234121902,0.35219951633645574,9.003869759959352,1.2864421776342057,0.10711820482063836,-0.24308556766925626,3.1819791547685385,2.0241799599913164,0.39776137102973147,0.41851269427161164,6.549009619205013,5.687905768210389,-0.22024123810176952,0.18830356987103697,6.887952889599283,3.0150474663323568,0.1072619566829191,0.2953376460567567,3.875049627850028,8.374112665752156,0.5111067803271653,0.564364250557217,4.185084755803139,7.229212408774681,0.7711697439234191,0.5278188786833696,6.794543578337312,8.555788996133721,0.24146987055182756,0.18501713067613337,6.257223716456476,3.6548516175424557,0.3906746141557705,-0.16769032473235335,3.847968663944785,4.838804910834318,0.8841173429065983,0.3938904452607291,4.555598140706174,8.318274853140265,0.7111541588620074,0.3134722628644041,7.612703371153778,2.925461546716132,-0.1035456604874422,0.2603229136686544
191,2.4065147449822413,2.060065363707721,0.61199016337441,0.47872793972707717,5.513849443579537,6.141321230176418,-0.3490507094277268,0.07823153373332303,7.268142720255995,4.917978097936974,0.011098725386566772,0.13014156566287566,2.19073810556724,8.16977469157771,0.02317955887167847,0.07648110495047747,7.238285802108778,1.7227635047659486,1.137476147239111,-0.3366866561557047,2.1173428963019916,2.000886559686082,0.3975206554006781,1.1364109926997947,2.155101232109389,2.776439436964978,0.40773103364950203,0.9291681220041766,1.8638580054402363,3.441561627212806,0.13424366561270487,0.5428006264200844,1.5159319817311483,2.5975626140491084,0.6037538519694908,0.3532954882672278,9.009225670200385,1.274287899250743,0.09967244623947685,-0.25110377447424703,3.201867223320025,2.045105594704897,0.4365804933441846,0.43060507673244425,6.537997557299925,5.697320946703941,-0.2235880240047465,0.18841931281288962,6.8933159874334295,3.0298143486351945,0.09927216564726694,0.2802646208301637,3.9006049668663865,8.402330878280017,0.5097941560365797,0.554190876142773,4.22364324299931,7.2556033527088495,0.7583512420337134,0.5212018891601973,6.8066170718649035,8.565039852667528,0.2403685894304544,0.1870827454733083,6.276757447164265,3.646467101305838,0.32837864085483665,-0.16858622678114976,3.8921745310901152,4.8584994330973545,0.8382395375543873,0.3718670639679091,4.591155848649274,8.333948466283484,0.6984477137044794,0.30880136611073533,7.607526088129406,2.9384776923995646,-0.08817790370347994,0.255564813084505
192,2.4371142531509618,2.084001760694075,0.5585375762467245,0.4512225568316075,5.496396908108151,6.145232806863084,-0.3352540312422639,0.09080489513011258,7.268697656525323,4.924485176220117,0.0206269227346846,0.12989032549604018,2.191897083510824,8.173598746825233,0.012026753483704682,0.07469571990059792,7.295159609470733,1.7059291719581635,1.1080650250362378,-0.3427414885694973,2.1372189290720254,2.0577071093210715,0.37678887695781843,1.114722436028652,2.1754877837918642,2.8228978430651868,0.3986136702561953,0.962985547374393,1.8705701887208714,3.46870165853381,0.15316369829273951,0.553078941517178,1.5461196743296228,2.6152273884624697,0.6143362468674286,0.35448754586561004,9.014209292512358,1.2617327105270306,0.09045860378790443,-0.25863086359320453,3.223696247987234,2.066635848541519,0.4702028476132123,0.44131591665964076,6.526818156099687,5.706741912344586,-0.2253431740397702,0.1887304294309939,6.898279595715793,3.0438275796767025,0.09193943684410914,0.2651196170345399,3.9260946746682155,8.430040422087156,0.5102817887135388,0.5418067661986679,4.261560805100995,7.281663447166859,0.74268850484299,0.5139836549191885,6.818635501336426,8.574393989941195,0.23878949214458764,0.18828082798369025,6.293176379207006,3.63803778996678,0.2708822898511898,-0.17302718371643627,3.9340865079678347,4.87709278629575,0.7903003800684254,0.353508773772444,4.626078234334498,8.349388534589021,0.6819217671469576,0.3036449910154871,7.603117192944232,2.95125593305379,-0.07268512021663684,0.24889894328226847
193,2.465041131963298,2.1065628885356555,0.5029181874279837,0.42249067425943343,5.479634206546038,6.149773051619589,-0.3155014453543549,0.1043507495197801,7.269729002662058,4.930979692494919,0.028050189503140106,0.1292966387868597,2.192498421185009,8.177333532820263,0.00032630061953460576,0.07167348296480357,7.350562860722546,1.6887920975296886,1.0781432370590192,-0.34878002432835026,2.156058372919916,2.113443231122504,0.3572109818529333,1.0893071645080374,2.195418467304674,2.8710471204339063,0.3762577799821475,0.9841604014145389,1.8782283736355083,3.496355605609669,0.1708642378220631,0.5641182946792282,1.5768364866729943,2.63295176575575,0.6207156917646034,0.35582700575052184,9.018732222701754,1.2488011673473705,0.07953573970842903,-0.2656360976558762,3.2472063903678947,2.0887016443745012,0.4994434230459897,0.45044184077005334,6.515550997397699,5.716178433816135,-0.22482207931523426,0.19014063937732828,6.902876567557998,3.0570835605284294,0.08411683385681971,0.24966140126143427,3.9516087641038924,8.45713076039709,0.5122358312525394,0.5275383232102722,4.298695230343145,7.307362629912818,0.7243877167384558,0.5062684878139906,6.830574975943655,8.583808031340379,0.236879657625559,0.1887777913486937,6.306720493699566,3.6293864307809582,0.2185808353071224,-0.18029685155047978,3.973601526971256,4.894768224984372,0.7417282033735554,0.337066963641371,4.660174322691846,8.364570784139795,0.6622048173860438,0.2983623822233013,7.5994829369334,2.9637008802179032,-0.05712488662364978,0.24021763927449985
194,2.490187041334697,2.127687422248627,0.4459106481556753,0.39253402352548566,5.46385913427832,6.154990589095578,-0.2923713384283906,0.11736822810502333,7.271131512137215,4.9374445244342615,0.03328342180759396,0.12836359969160696,2.192514736215986,8.180917206968504,-0.011864677609511263,0.06838139661686599,7.404470022575497,1.671353096313271,1.046770689909361,-0.35529888225448053,2.1739189220125628,2.1679085893479058,0.3405381217669691,1.0622690909683035,2.2142313563037814,2.9202551405046333,0.350359770443497,0.9912634295629515,1.8867715855266114,3.5245615203436302,0.1860989749202801,0.5756234581401982,1.6078722712612243,2.650743116043276,0.6207232149883611,0.3584435280254332,9.022709009687174,1.2355193624645766,0.06845884232569283,-0.271627251074894,3.272178561520194,2.1112237364130038,0.525889074100372,0.4574383405170912,6.504309893431937,5.725685465785002,-0.22208791218643292,0.19261615382650746,6.9070824092508385,3.0695666305915013,0.07544743513178691,0.23442909752284022,3.9772205556665194,8.483507676557604,0.5160099299319627,0.5118135837779373,4.334914616180067,7.332676054303517,0.7035931954662733,0.49805263349704076,6.842418958824933,8.593246920907813,0.23477943991065325,0.18872764310304802,6.3176495354649225,3.6203715882034344,0.17150752171325798,-0.1904681770552596,4.0106879371399335,4.91162157316644,0.6929572869116108,0.32180079850408005,4.693284563561148,8.37948890325096,0.6395831172183878,0.29295082623272456,7.596626692602218,2.975711762181628,-0.041972411385803404,0.23172050467839045
195,2.512482573742481,2.147314123424901,0.38689282898949184,0.3609324097654912,5.449240567356901,6.160859000500829,-0.2660174576653367,0.1296541289660482,7.272795683227595,4.943862704418842,0.03781167533308949,0.12734615296877166,2.1919215023355103,8.184336276799346,-0.02449675405175293,0.06505150006251513,7.456808557070965,1.653588152200547,1.0139321188377362,-0.3620038720751993,2.190945828100911,2.221022043896321,0.3278756767582144,1.0348509603320883,2.2317493448259564,2.969818311982781,0.32279197254425074,0.9883736792238608,1.8960765342726253,3.5533426932506402,0.19942633060312998,0.5874998512497582,1.6389084320106424,2.668665292444548,0.6148543162837131,0.3619435399612633,9.026131951803459,1.221937999910832,0.05983760862398689,-0.27634265945969394,3.2984730152252126,2.1340956534388584,0.5496378995908467,0.4623036899737591,6.493205497822616,5.735316273476327,-0.21724629431908235,0.19553901864359033,6.910854781007428,3.0812880854676434,0.06627527569842204,0.22107996975337,4.003021052163118,8.5090983557465,0.5215303910591247,0.49497128258803785,4.370094275953381,7.357578685978369,0.6807074273507528,0.4894676997690611,6.854157930820465,8.602683303062966,0.23256394979298414,0.1882595286655126,6.326224911550585,3.6108481793506715,0.13098276480484122,-0.2018790668298205,4.045335801485514,4.927711613091644,0.643282734232549,0.30888970228883195,4.725263719422068,8.394136444562596,0.6150444437579042,0.28736335458367385,7.594528072032928,2.9872977874155477,-0.027006647697715942,0.22263686559309764
196,2.5318272151919556,2.1653607439131757,0.3275076008324484,0.3277924507877919,5.435939694473634,6.167341706949132,-0.2359799442900544,0.14205664482445998,7.274686266994249,4.95023001206728,0.04164230007738556,0.12627851615480323,2.1906966646329225,8.187588851802472,-0.03717238062769974,0.06181421832280337,7.507505163012852,1.635487958596787,0.9795088450359326,-0.36900264275920314,2.207339611938822,2.2727645919129253,0.3186310723494734,1.0058401280223654,2.247888943453169,3.019236995943974,0.29289090612178825,0.9806293393703356,1.9060478508027818,3.582717685813128,0.21025209722615015,0.5995065579941907,1.6696511478248282,2.6867624694426113,0.6032722293033702,0.36620018815903344,9.029123832234658,1.2081208669378474,0.053552209425454786,-0.2799132757049637,3.325954910204755,2.1572108379375465,0.5692517303360669,0.46547270986657086,6.482343183106662,5.745093224408507,-0.21138753361945256,0.1982238076082791,6.914168544792349,3.092342083955312,0.05787973796439036,0.20789312755022973,4.029097571716074,8.533846919875902,0.5282237035848739,0.4769935322866768,4.404129647320919,7.3820520709668225,0.6561090330164366,0.4806220501094275,6.8657861283101145,8.61209627949624,0.22995156277656856,0.18713547521707397,6.332774049790827,3.6007542260091805,0.0942549191360485,-0.20910649955763425,4.077499938197142,4.943156098206085,0.5927530396753591,0.2981043453797953,4.756015941609963,8.40850461229178,0.5895016987637407,0.2830849007716707,7.593177739648042,2.9984296306952025,-0.012333998791008178,0.21222586459626958
197,2.548202595233578,2.1817503664525653,0.27127015953110256,0.29528904259420363,5.424140697259131,6.174444539190355,-0.20745900255574043,0.15359406408400816,7.276768381998118,4.95654393787502,0.04473283778936352,0.12497794811434289,2.1888380456015373,8.190679562718612,-0.04953336024434174,0.058746353658904425,7.556480605264649,1.6170378264588268,0.9436105380701046,-0.37644911734116,2.223271165556296,2.3230565983140434,0.31306174956969873,0.9772559696018027,2.2625334887592583,3.068268462912491,0.2710615707302668,0.9729248571427718,1.9165604556640894,3.6126930137128377,0.21987913099623455,0.6120525489380995,1.6998147592899966,2.705072478850563,0.5856736554398639,0.3703095175167767,9.03180144270593,1.1941252031525993,0.04777609131086414,-0.28348807880399995,3.3544174967215583,2.1804844734308753,0.584358931375858,0.4675017121381635,6.471773806425689,5.755004414788921,-0.20492940463070974,0.200815585014912,6.9170625316905685,3.1027367403328237,0.051449971845863904,0.1953930470839593,4.055508756895318,8.557696596490237,0.5350418952920082,0.4583045495615334,4.436935098971741,7.406083173472294,0.6305899719278746,0.4714642442195826,6.877283706448943,8.621453053257094,0.22881697457969488,0.18653221972723286,6.33748679574763,3.5902989010312987,0.05967788323211783,-0.21496744923784342,4.107137590180909,4.958061315475075,0.5418466616445821,0.28888270664068627,4.78549102654815,8.422658857330363,0.563244952710045,0.28066435670613565,7.5925610397084915,3.009040923925016,0.001764238663883028,0.2003021126162033
198,2.561766103210133,2.1965148185822754,0.2192927992825369,0.26452456712938277,5.4137677471313435,6.182124242394555,-0.17986890357865148,0.164560494688466,7.279005023887587,4.962792835280737,0.0471813220909306,0.12338700757182379,2.18636137758932,8.193616880401558,-0.06101156228930558,0.05584018410282313,7.6036611321681535,1.5982153705917688,0.905959440295599,-0.3845912749851934,2.2389242530347806,2.3719193967941337,0.3008502345602955,0.9524809473335074,2.2760865672957715,3.1169147057696294,0.25867635586505916,0.9665626983376399,1.9275544122139012,3.643295641159743,0.229075449682243,0.6244346874585787,1.7290984420619897,2.723587954726402,0.5613748340501888,0.37187475392876546,9.034190247271473,1.1799507992123992,0.042688315201287914,-0.28733443097887806,3.383635443290351,2.2038595590377836,0.5967010491026609,0.46970879371683544,6.461527336194153,5.765045194039667,-0.19756923235898122,0.20357847059288872,6.919635030282862,3.112506392687022,0.04722199944269523,0.1834865469232652,4.082260851659918,8.580611823968313,0.5390790590711477,0.4405711395607323,4.4684645975681345,7.429656385683273,0.6039045939724379,0.46195884937338166,6.8887245551779275,8.630779664243455,0.2288040489399463,0.18633894285390878,6.340470689909235,3.5795505285694067,0.026527764642716584,-0.22032826081409063,4.134229923263138,4.97250545080711,0.491032784062032,0.28072278010698726,4.813653274183652,8.43669207516567,0.5364937652663119,0.27946251891686835,7.592649251641686,3.019056029555826,0.015680373498172577,0.18708540699591444
199,2.57273074317426,2.2097410469387446,0.17618661289261378,0.2344288945219609,5.404774301952411,6.190352267128978,-0.15284135621918493,0.17522865918011946,7.281364089992134,4.968962185659328,0.048961909153170245,0.12150099814689894,2.183310799474855,8.1964088896067,-0.07154082262665833,0.053116017888357035,7.648959104182934,1.578985806842509,0.8675836215661984,-0.3932159545804254,2.2539667647627954,2.419543444160809,0.28475763463191645,0.9281539076148795,2.2890203850890245,3.165242840686511,0.2507098881269076,0.9606130897285595,1.9390081846980134,3.674517375532672,0.23849868325091136,0.6373532431951204,1.757167183764499,2.7421816924228404,0.5325819699659451,0.3709184127701668,9.036324663031538,1.1655840776634554,0.0385560052727515,-0.2914817441415625,3.413470495745484,2.2273449987236256,0.6059108235372274,0.4706709174572999,6.451648874576204,5.775224117569311,-0.18913278348689183,0.20685057560125245,6.921996130254997,3.121680720033185,0.04500925225627288,0.17235377987180683,4.109214804613476,8.60264038094635,0.5399426748671177,0.4241275979147286,4.498659827266756,7.452754328151943,0.5758854160587721,0.45206711957148843,6.900164757624925,8.64009661138615,0.228712467520836,0.1860455663010364,6.341797078141371,3.5685341155287023,-0.005563799297331633,-0.22507261358692254,4.15878156246624,4.986541589812459,0.44103834517538953,0.2725507039115088,4.840477962446967,8.450665201111514,0.5094297339037783,0.27917276036593386,7.593433270316595,3.0284102999056217,0.029411292859287078,0.17290761075129316
200,2.5815400738188905,2.221462491664843,0.13827510540531673,0.20306414962030378,5.397132234141452,6.199113700087985,-0.12634869200123602,0.18555851068826001,7.283812185449793,4.975037235566673,0.05014743398935284,0.11942278516299266,2.179733758343522,8.199064690501118,-0.08131803327948654,0.05053856869327008,7.692338285261243,1.5593250091134878,0.8288184205936413,-0.4024485024596445,2.2682046464943912,2.465951139541553,0.2672863703291859,0.9033812903940008,2.30155587949537,3.213273495172939,0.24768701584285283,0.9548877227338209,1.950933118860559,3.706385037692428,0.2493403583536221,0.6537500518193881,1.7837962822627964,2.7607276130613485,0.5014904467954739,0.36685454163981956,9.038252463295175,1.1510099904563773,0.034682605255132365,-0.2949372172516423,3.4437660369223453,2.2508785445964907,0.6124176375998227,0.4702501382346774,6.442192235401859,5.785566646349374,-0.17969110824112997,0.21038128988960636,6.924246592867811,3.1302984090267754,0.043714412501572215,0.16125221436177228,4.136211938356832,8.623846760842085,0.5382119865783098,0.40826848577121205,4.527454098069695,7.475357684130517,0.5467253039162092,0.4419872059851103,6.911600381000967,8.649398889701203,0.22804037709474861,0.1855599476557111,6.3415188881765046,3.557280484849356,-0.03627000228118783,-0.2285663089205226,4.18083347972501,5.000169125008035,0.3919138539606373,0.26430315705987384,4.865949449142156,8.46462383912981,0.4821798701599963,0.27959876719529997,7.59490383495956,3.0370556804431863,0.04246000129816037,0.15810945383419797
201,2.5884538290891563,2.2316156991458582,0.10904208188103237,0.17189414799428906,5.39081479954139,6.208391625622397,-0.10017405730618292,0.19569561716647427,7.28631955714926,4.981008374824823,0.05075099993557419,0.11716410496092576,2.1756678566795475,8.201591618935781,-0.09041185432822312,0.04809621957229554,7.733779206290926,1.5392025839905057,0.7861496726917248,-0.4120756420279733,2.2815689650108504,2.5111202040612532,0.2492046978395428,0.8781462603389547,2.3139402302875127,3.26101788130963,0.25265914702063585,0.9503695703329696,1.96340013677824,3.7390725402833973,0.26284498421049846,0.6739796954026858,1.80887080460257,2.7790703401433396,0.4691104142561063,0.3606485898448376,9.03998659355793,1.1362631295937953,0.031044018480663942,-0.2973155638363796,3.4743869188023364,2.2743910515082244,0.6149470780475108,0.4681386531929994,6.433207679989803,5.796085710843855,-0.16979811258559332,0.21349879367420327,6.92643231349289,3.138361019744864,0.04290931803595885,0.14996255223904584,4.163122537685747,8.644260185130646,0.5361897511102799,0.3920704303250641,4.554790363265505,7.497457044429773,0.516733635453456,0.4313964925139361,6.923002399855704,8.658676887083988,0.22669830661952795,0.18485340364946776,6.339705388062445,3.54585216940333,-0.0655698575134266,-0.23061045598729457,4.200429172423042,5.013384282861028,0.3438174415403645,0.2559938575610774,4.890058442650155,8.478603777489576,0.4547958721236117,0.28094114174734125,7.597026835024468,3.044961153134896,0.05544598329898816,0.142473532773159
202,2.593905933183208,2.2402104065455726,0.08162126605557003,0.1408908277771565,5.385806096676081,6.218176406480721,-0.07409919780625158,0.20576878797741216,7.288857107146039,4.986866580072869,0.050826634131974836,0.11462268379337329,2.171147263963136,8.203996429914396,-0.09882654303462113,0.045795438001920576,7.773086689925512,1.518598801889107,0.7426246265815716,-0.42035406706583417,2.2940291999028277,2.555027517078201,0.22957846336774484,0.8526008152543829,2.3265731876385445,3.3085363598262787,0.26360545509701755,0.9506280389134019,1.976542385988765,3.7727715250535314,0.27690862414932976,0.6965356248250643,1.8323263253153754,2.7971027696355817,0.4354032604589566,0.35292509522570653,9.041538794481964,1.1213973514019764,0.027669980216508554,-0.29773451021617525,3.505134272704712,2.2977979841678744,0.613802951617357,0.46561332863229754,6.424717774360523,5.806760650527565,-0.15978164590840446,0.21625994550207506,6.928577779394687,3.1458591473568163,0.04210873266172274,0.13848568161283467,4.189932025241261,8.663863706646898,0.5314433360167388,0.37732720653871005,4.580627045038178,7.51902686905547,0.48651405075001053,0.4204350709348135,6.9343373151866805,8.667919557266462,0.22466440354228318,0.18394342745392375,6.336426895186773,3.5343216466039653,-0.09231636897277719,-0.23224307768537605,4.21762004450006,5.026183975739082,0.29689320810378,0.2474510725125926,4.912798236256336,8.492650834576944,0.42794316604889704,0.28324058817367326,7.599799134189417,3.052084829773554,0.06845185089942914,0.12603184334149167
203,2.5979869964859863,2.2472549479344304,0.05426619415329495,0.11042364239908185,5.382101136785768,6.228464845879591,-0.04791185838116461,0.21581784945459645,7.291398438852638,4.992597714262538,0.05027059208661999,0.11173760124302644,2.166205936811405,8.20628620181449,-0.1064624389425,0.04365705710934579,7.810217921254591,1.4975810985358153,0.6986934999870281,-0.4272304276908628,2.305508123071215,2.59765755784092,0.20965024494342463,0.826877605277233,2.3397534603933954,3.356067761771949,0.2758999159300902,0.9577793185118764,1.9903878171962315,3.8075983062947847,0.29328200367785223,0.7200594979158083,1.8540964883383233,2.814749024396867,0.4016371159448727,0.3438091794802098,9.04292229349279,1.1065106258911677,0.024581937703972503,-0.29648829434743396,3.53582442028558,2.3210786505994894,0.6094228756113022,0.4637455390434289,6.416728692065102,5.817573647802669,-0.14959588266854393,0.21824396154055248,6.930683216027774,3.152783431437458,0.04116330055010184,0.12692004104410146,4.216504192042098,8.682730066973834,0.5240396329828146,0.3645144952402443,4.604952747575679,7.54004862260221,0.45674881139206225,0.40916688064030937,6.945570535363795,8.677116728639158,0.2217439841920167,0.18276003134174995,6.331811076738134,3.5227094927196965,-0.11733281687450296,-0.23374254530786479,4.232464704905249,5.038556529364712,0.2511581588560383,0.23869631248566084,4.934195394558781,8.506812863985628,0.4032398675397761,0.28617025835107335,7.603221726734389,3.0583864219406287,0.0812218092763136,0.10908913663735197
204,2.600700306193651,2.2527761300543845,0.026155874777303127,0.08032546043611494,5.379705543866709,6.239255738352321,-0.020796102107894954,0.22591927882762233,7.293911968456968,4.998184594324689,0.04894541096002545,0.1084158504084422,2.16088281486428,8.208469054669958,-0.11325715983063782,0.0416935450686711,7.845152596253942,1.4762195771512723,0.6542475263523083,-0.43286587958884154,2.3159906353183866,2.6390014381047817,0.19178042375259058,0.8025606536447333,2.3535484561899,3.4039567276975427,0.2887515773738005,0.9709744040373891,2.0050519173801242,3.8436012811905753,0.31464608011341816,0.744190474115912,1.8741783441355668,2.8319394833708778,0.36793331192875944,0.3332416939391045,9.044151390377989,1.091686211173796,0.021931934941297217,-0.2940248584069895,3.566295564066145,2.344265927551661,0.6030219566507309,0.4617755535658026,6.409248897931675,5.828485845879697,-0.1435062187904607,0.21494022695490966,6.932741381055279,3.1591294334896634,0.040181657126663765,0.11538888697777722,4.242706173691239,8.700955791735845,0.5140790128775481,0.3535651510522694,4.627790188145282,7.560506966634226,0.4275293777267867,0.39734908634714416,6.956657734573396,8.686254730206246,0.21754669029951393,0.18101929613127166,6.325944435894409,3.5110223654543034,-0.1411260895485867,-0.23523971274985875,4.245022612848051,5.050491344988995,0.20676637180388377,0.22982141631695205,4.95435738793577,8.521121376903181,0.3814015214160807,0.288814842492745,7.607282817198205,3.0638408787724964,0.09274602461692792,0.09567136517872617
205,2.602008099932516,2.25679240307619,-0.0038684033866067877,0.050921878220805794,5.378665738761315,6.250551702293702,0.007779023228752083,0.2364210986766366,7.296359239004969,5.003605386845111,0.04713434729785409,0.10468489506102342,2.155219956872748,8.210553731923392,-0.11920723559112156,0.03990907271491467,7.877864972571557,1.4545762831718303,0.6090352277206402,-0.43619856787574207,2.325579656506016,2.6791294707870184,0.1775157850306477,0.7802645229875372,2.36798603505859,3.452505447899412,0.3016207432115653,0.9842570234541028,2.020784221385795,3.8808108048963708,0.3358002826342655,0.7622120159497896,1.8925750097320049,2.848601568067833,0.3338127164735898,0.32025918837918327,9.045247987125054,1.0769849682534465,0.019706054988985703,-0.29056442395529025,3.5964466618986815,2.367354705229951,0.6026959985924929,0.45525917891818524,6.4020735869921515,5.839232857227442,-0.1376089695090543,0.2117407021499599,6.934750463911612,3.164898877838552,0.039388482099889356,0.10407679637227986,4.268410124335117,8.71863404928846,0.5018934586711767,0.3441585374937386,4.649166657031621,7.580374420951584,0.3992260883133345,0.38398081058553984,6.967535069088371,8.69530569501281,0.21208617132842839,0.17863888387306387,6.31888813141698,3.4992603798168105,-0.16308512017679103,-0.2358770412348857,4.255360931438245,5.0619824158048425,0.16372881420195506,0.22096270280929978,4.973427464006574,8.53556211902782,0.36227208569802116,0.29042779838334093,7.611920118429051,3.0686244470314326,0.1042817287528227,0.08156333319058225
206,2.601814679763186,2.2593384969872305,-0.03400860662414036,0.023356452586421637,5.379054689922753,6.262372757227534,0.03731746393309779,0.24598470639915743,7.298715956369862,5.008839631598162,0.044549110942191744,0.10051745750761766,2.149259595093192,8.212549185559137,-0.1243465622678479,0.0382922255723375,7.908316733957589,1.4327663547780431,0.5630809764312725,-0.4371436091112784,2.3344554457575484,2.718142696936395,0.16409523450545924,0.7597595759808348,2.383067072219168,3.501718299072117,0.3183195670807937,0.9913766865138143,2.0375742355175084,3.9189214056938604,0.35846063492394215,0.7768473940721193,1.9092656455556845,2.8646145274867925,0.30083673285389984,0.3050414937390237,9.046233289874502,1.062456747055682,0.017827756542449637,-0.2862454687871622,3.626581461828306,2.39011766417586,0.6053362984640568,0.4445645708258772,6.3951931385166985,5.84981989233494,-0.13219666100983726,0.20818590497741352,6.936719888016607,3.170102717657166,0.038963464102266865,0.09310934876357052,4.2935047972686755,8.735841976163146,0.4879694902964476,0.3357362387643189,4.669127961447288,7.599573461480861,0.3719129721205168,0.36886800521902374,6.978139377654792,8.704237639206463,0.20535005372703374,0.17563376427366192,6.310733875408141,3.4874665277550663,-0.18328996673774609,-0.23630110001682247,4.263547372148343,5.073030550945307,0.12209856398642466,0.2121142517313617,4.9915410682914745,8.550083508946987,0.3447327245787508,0.2902925663757443,7.617134204866693,3.0727026136909616,0.11591337550518019,0.0669097726713638
207,2.6001142494319787,2.260506319616552,-0.06477370495749912,-0.0023048967101481875,5.380920563119408,6.274671992547492,0.06770898419486232,0.25445042115183153,7.300943411916972,5.013865504473543,0.0411931578448483,0.09576473996794958,2.1430422669797995,8.214463796837753,-0.12876900078506076,0.036563943262268896,7.9364707827791525,1.4109091743224793,0.5164824466155987,-0.43628236548703825,2.3426602074828216,2.7561306757354367,0.1510631512921299,0.7405819171249197,2.3989830505732077,3.5512871333978078,0.33469719493037253,0.9966424610916703,2.0554972672637053,3.957763775397466,0.38205512908793215,0.789440901838843,1.9243074821983794,2.8798666021737436,0.2697179584398373,0.2874211835516839,9.047124677701625,1.048144473616324,0.016246107432728453,-0.2810396255620407,3.656848276751509,2.412345892717154,0.6044926360679834,0.4345734018500471,6.388583305466207,5.860229187583811,-0.12729313738589393,0.2038193398542131,6.93866806122172,3.1747581850953446,0.0389824440838085,0.08254593496476147,4.317903271783498,8.752628788101362,0.4727780142494086,0.32776858861902664,4.687723610053314,7.618016861741812,0.3454335907976561,0.35229902261785795,6.988406880341144,8.713019327420145,0.19704300057828725,0.17205623649730142,6.301569377071253,3.475651472754225,-0.20316249356222044,-0.23729784828170147,4.269652300347665,5.083636263531876,0.08169432468951152,0.20311924698802405,5.008777704520412,8.564598137265774,0.32801910981692145,0.2884686260613918,7.622929873641952,3.07604810232453,0.12758682150480252,0.05167128644099042
208,2.5968755641841037,2.2603910747810443,-0.10221359963370763,-0.02719445079349551,5.384306012329151,6.287394513605084,0.09858901816474147,0.26136862125726024,7.303003069809214,5.01865374147194,0.03694044206351724,0.09028998070216913,2.1366038169405464,8.216291994000867,-0.1325396371796807,0.03465721340017497,7.962294905109933,1.3890950560481274,0.4694181899475079,-0.433976650514721,2.350213365047428,2.7931597715916827,0.13258344494514124,0.7231056594430731,2.415717910319726,3.6011192564523915,0.35079844796305687,0.9990044136051267,2.074600023718102,3.9972358204894083,0.4048780530462337,0.7998276973894277,1.9377933801203713,2.894237661351328,0.24053379582310758,0.26778545704020545,9.047936983073262,1.0340924923382218,0.014951331007962866,-0.2750346621193575,3.687072908554908,2.4340745628096565,0.5984353837056129,0.4272684994753027,6.382218648596912,5.8704201545765216,-0.12270955994670497,0.19919683350393425,6.9406171834259105,3.1788854818435825,0.03931488936257227,0.07229695056830379,4.341542172495968,8.769017217532314,0.4565541201897505,0.3196993401215405,4.704995289593197,7.635631812872705,0.31949129202770526,0.33475031549028683,6.9982590303700585,8.72162213924501,0.18773734313190282,0.1679447494514173,6.291411252393142,3.46378658034014,-0.2217604644651402,-0.23832551198570934,4.273737016582141,5.093792225881277,0.04339980073512004,0.19442221182438307,5.0251786600112585,8.579021568568844,0.31179252013720343,0.28509582906396386,7.629309214717192,3.0786316666465794,0.13869976479646665,0.03757396093716428
209,2.5917648842024184,2.2590313522413696,-0.13897284502936802,-0.05367095023178134,5.389235463237387,6.300462944667947,0.1276633175002212,0.2689539105865506,7.30485009191239,5.023168240507049,0.03135480251223531,0.08406929054117937,2.129976835081562,8.218024854670876,-0.13569741489142978,0.032571495632697935,7.9857658146073085,1.3673962235223913,0.4222474793838482,-0.43031929833543214,2.356842537294685,2.8293150545638364,0.11141089462451594,0.7133901477932261,2.433257832717879,3.6510694771326477,0.365128905113993,0.9981991247724921,2.0948439263704137,4.03722720535888,0.42666125742293126,0.8077950211992898,1.9498200699115267,2.9076269342033383,0.2127375810041531,0.24635298278464363,9.04868454962366,1.020340759232254,0.010805499765759154,-0.26236023955723514,3.7169946777401885,2.4554379877834216,0.5896287989301651,0.4203960161324167,6.376083170599577,5.880379996251718,-0.11790767677073585,0.19404670832821974,6.942582927894039,3.182500329371998,0.036128646707652645,0.06317272817049953,4.364369878505456,8.78500218453839,0.4390878179736975,0.3110337784455151,4.720969854194582,7.65236932864722,0.293730671195262,0.31661232108167936,7.007645897526654,8.73001937671758,0.17786421668470204,0.16330983006133493,6.280323229169885,3.4518703047408548,-0.2390885524506558,-0.23936908118917552,4.275907006618897,5.103513336472496,0.008842541652325848,0.18594407918902808,5.040768286018118,8.593276360022042,0.2975836505011446,0.28091328806610105,7.636244202957015,3.0805103646934375,0.14913493324157698,0.02476493320574567
210,2.58481624195095,2.2563478047297805,-0.17076071138335666,-0.07971001714252506,5.395618629112398,6.313910640197275,0.15400839465724175,0.2784473710927514,7.306417832038002,5.027371705034108,0.02466629561097112,0.07710303121066828,2.1231919643369905,8.21965342945251,-0.1382577461913308,0.03031668265448987,8.0068781885765,1.3458802586056198,0.37505111796130947,-0.42545706806433115,2.362413082025911,2.8649845619534977,0.09508452676944391,0.708398232343726,2.4515142779735783,3.7009794333712724,0.3753548359239677,0.9956413978230387,2.1161769892415605,4.0776169564188445,0.4456014156112743,0.8132085121056476,1.9604569489617343,2.9199445833425703,0.1858981161012753,0.22315863099230812,9.049224824611947,1.0072227472543922,0.007319538134818716,-0.24908371173521748,3.7464761176866967,2.4764577885900425,0.580653297571656,0.414114902507844,6.37018778676104,5.890082331668129,-0.11341477923040497,0.1883199313111032,6.9443893602294215,3.1856589657805228,0.03376771082591875,0.054193422545537676,4.386324269404141,8.800553873460666,0.4207599455185774,0.3015351740584702,4.735656387754345,7.668199944701303,0.26802141168522176,0.29870305204681685,7.016539108360889,8.738184868220648,0.1676188175076276,0.15815132857038433,6.268368801547352,3.439901850681396,-0.25510113612365615,-0.24037825050323217,4.276349133701513,5.112810540431947,-0.02493262700497701,0.1774724382445472,5.055647468543175,8.607322024425347,0.28454070881165333,0.27608767777116294,7.643700949619094,3.0817486113537247,0.15882374573585492,0.013232429094217273
211,2.576278206381782,2.2523623038726543,-0.19840643043471776,-0.10667956322216068,5.403319048845261,6.327833008751912,0.18427014964686578,0.2826625150862483,7.30765114681855,5.031226856594642,0.01749664958626714,0.06949249782419939,2.116279077027424,8.221169263585235,-0.14004737974853124,0.027951222780217524,8.025630744474567,1.3246074052024033,0.3280080745862942,-0.41963284527611644,2.367167308364383,2.900404473570684,0.07964394056014673,0.7171623160272168,2.4702820197697766,3.7507615032624244,0.3816956495607475,0.9912955408435494,2.1384570600221244,4.118277382024127,0.46131778804159884,0.8169525007537046,1.969751854766798,2.931102514892186,0.16004014896298488,0.1983859660877137,9.049590801518688,0.9947685616676313,0.0043451072906309784,-0.23531874918123952,3.7755087825652796,2.4971635337154345,0.5711894136352508,0.4082136541273022,6.36451704779952,5.899498328233684,-0.10948534339611637,0.18204524083206305,6.946077745770718,3.1883686369077995,0.03209380117666586,0.045316780705795014,4.40736226668007,8.81563063216359,0.4014584967561606,0.290977775113377,4.749057458338606,7.683135097303644,0.2420213470737868,0.28157723093323045,7.02492004923627,8.746092434649167,0.15731511902749837,0.1524739790774768,6.255613744741169,3.4278829381562343,-0.27164225504350553,-0.24469003001718728,4.275102502351264,5.121684162344174,-0.05780612341820791,0.16907028588506157,5.069874503983758,8.621126408313906,0.27038395598687,0.27264522231550214,7.651642136905887,3.0824102328084355,0.16792069751855832,0.0028444801937560753
212,2.566357884860046,2.2470283257115464,-0.22254652465535604,-0.13443339317821537,5.412532556327604,6.341966134506224,0.21214547175036613,0.28766638350220003,7.308525979297864,5.034701481485851,0.009859007262296344,0.06126000561571855,2.1092767080399977,8.222566824724247,-0.1402686847165307,0.02549743683176219,8.04203114820388,1.3036257629385974,0.28130415183772856,-0.41330971782755765,2.3711495053923906,2.9362625893720447,0.07326495759896891,0.7225027886360215,2.489366802247814,3.800326280304602,0.38529428557699713,0.9860597198348672,2.1615229494242043,4.159125007061812,0.47110120353794815,0.8182101175008754,1.9777538622149473,2.9410218131965715,0.13559783535147746,0.1720594825996308,9.04980805688322,0.9830026242085693,0.0017553439621979415,-0.22117940985342732,3.804068253247042,2.5175742164218,0.5613841396255462,0.40239268426257613,6.359042780629714,5.908600590275287,-0.10621084228103268,0.17589895850190768,6.9476824358295515,3.190634475943089,0.030538600883005695,0.0361253041521165,4.427435191517878,8.830179520919259,0.3811436021395567,0.2794021775887341,4.761158525692295,7.6972139588503055,0.21564539769100483,0.265400449874919,7.032785805187645,8.75371613360304,0.14695374858320057,0.14625762627198155,6.2420316319889935,3.415648436655375,-0.2883606828804005,-0.25011332365243644,4.272212196180353,5.130137676638427,-0.08976748399197652,0.16079636472317155,5.083393701783102,8.634758669429681,0.2552833889440424,0.26950022458465095,7.660038171781816,3.0825524568181235,0.176510287114353,-0.006506579600669889
213,2.555230558627278,2.2403066560526357,-0.24335995252086126,-0.16307710259937322,5.423139829915122,6.356349453681334,0.237509733615982,0.29349601466687003,7.309018929660978,5.037764481766637,0.001913945042199756,0.05250923537469644,2.102263273804171,8.223841696565835,-0.14235329942555036,0.023383892449607247,8.056096355795768,1.2829602770472195,0.23508640033473782,-0.40641483654928123,2.374812753272339,2.9723877288038456,0.0743774972926821,0.7179776028870867,2.508631516526664,3.849629266296345,0.3856419032180885,0.979473662142101,2.1850780096011015,4.200035512936855,0.4747425999263597,0.8163738956494668,1.9845337539825212,2.949624787326553,0.11222394691849788,0.14472157087458654,9.04989582408133,0.971943653715898,-0.0008848061526959719,-0.20686449014326802,3.8321374602283194,2.5376938506349287,0.5526092302484481,0.3963275581266308,6.353732238515662,5.917395538200383,-0.10331833969746936,0.17040642736622938,6.949209365873702,3.192440741150695,0.029367607659219343,0.026940030951842983,4.4464923716248554,8.844149629798697,0.3598714539476279,0.26682673151949354,4.771940795576845,7.710483981344051,0.18894178667473133,0.2500358580975943,7.040133492616805,8.76102901491664,0.13685860079467593,0.13951786310150083,6.227613597844973,3.403142770472753,-0.3047766320462216,-0.25615912670760366,4.267723821980755,5.1381774948745855,-0.11961359493195609,0.15277371886226113,5.096157871230304,8.648233680658914,0.24185191586769886,0.2622648160103082,7.668863686137533,3.08222712783809,0.18455082852479915,-0.015131578825809507
214,2.543062561001235,2.232152800922667,-0.2595900037403246,-0.19498630016826665,5.435015316595922,6.371024254414678,0.25971631127463524,0.29912064906688013,7.309114626913089,5.040389943535372,-0.0060463878878882875,0.04343195685005922,2.0951456088328935,8.225010891188315,-0.14418809244186487,0.021116480167080755,8.067850675812505,1.2626395352197555,0.18954250020255856,-0.39901630347323336,2.3785316281369733,3.0082866089482,0.07626624741367953,0.7086103194534109,2.5279136116875685,3.8986029494034504,0.3868808077389578,0.9751233228933245,2.2088151395974194,4.2408542077193285,0.472909090645082,0.8106398815108875,1.9901449513284462,2.9568608658702824,0.09012850062991222,0.11684235658778233,9.049851583773696,0.9616004292087346,-0.0045207636172717395,-0.1927569498934435,3.8597679217407417,2.5575102285412603,0.5459593382163016,0.38984928798336027,6.348566321530789,5.925915859568694,-0.10124852128272165,0.16485514616737015,6.9506777462566625,3.1937877426982872,0.027868634662149984,0.017614284504995067,4.464485944322237,8.857490966374671,0.3376861357756499,0.2533820187614293,4.781387884910582,7.722985774248931,0.1619632760565215,0.23553009325556093,7.046976422656539,8.768004908071715,0.12697272044360935,0.13240117058827336,6.212374766242663,3.390334814137373,-0.3196103163118351,-0.2617429356512329,4.261743142234157,5.1458161808176985,-0.14694718532025414,0.14497635546180185,5.108250467023689,8.66134692145943,0.2278984372333414,0.25416647970111367,7.678091227563773,3.0814705488967995,0.19204473499295216,-0.023378071420290022
215,2.530083060814219,2.2224034859142536,-0.27131554717971285,-0.23100696652912175,5.4480011321596535,6.385980286868022,0.27683538812266534,0.30321918700368683,7.308812307518695,5.042561541377875,-0.013803443647318218,0.03413168691850442,2.0879362042108003,8.22606671519667,-0.14577275233120526,0.01868651279347121,8.077327800822632,1.2426887200460939,0.14477153224220088,-0.39148824950408856,2.3823449405076573,3.0437171249208705,0.07492734939567702,0.7030575451582001,2.5472576520745163,3.9473591155481165,0.3892657300198654,0.9719982755821377,2.2324605941296736,4.281386201794873,0.469248403958447,0.8001887680782417,1.9946513763599418,2.9627029836996717,0.07048979686642726,0.0881464990629105,9.049625545592832,0.9519625817140623,-0.008750387069100696,-0.1785623779215502,3.8870658886515566,2.5770026929404284,0.5406990074051586,0.38296567049283026,6.343503895466653,5.934158616877062,-0.0997763102123629,0.1592921217359031,6.95207117798977,3.194668456923537,0.025982449030994018,0.00807620172654124,4.481370251111019,8.870160067312742,0.31453433722933566,0.23945924545982789,4.789486048713408,7.73476227891171,0.13473172285961446,0.2215816571741515,7.05332505867872,8.77462496660113,0.11722175669610799,0.12483859211875852,6.196394250427071,3.377247667354811,-0.33297780678224453,-0.2664285331454775,4.254395782968144,5.153064998590788,-0.17279131822049218,0.1372896696910518,5.119645388885356,8.674055245444485,0.21304368868626422,0.2449958305004358,7.687693464313421,3.080301645325785,0.19881067279812795,-0.031589261673786194
216,2.5165172834552334,2.2108531375877973,-0.28104305351926284,-0.2687322363235859,5.461842901565787,6.401141246218206,0.2902604492293472,0.3055114860880522,7.308122135336329,5.0442681257238,-0.021331422365599012,0.024789105139739694,2.08064756659424,8.227001040836344,-0.14711892807633484,0.016087616543342464,8.084566377434742,1.2231143075708895,0.1007280568527203,-0.3830089940662376,2.3860913079774413,3.0788700021787805,0.06965437494926112,0.7012185844733642,2.5667209385755094,3.9959590293272234,0.389368710827289,0.9653435436528355,2.255923014327596,4.3213956401987845,0.4655446216235233,0.7848696889175514,1.9981758662032632,2.967110308652817,0.05392725901747782,0.058506599332228126,9.049188026239378,0.9430344628179849,-0.013207378398889857,-0.16417506837031118,3.9141008390218146,2.59615097646507,0.5350336302502123,0.37588334303754806,6.338515079956035,5.942123222963858,-0.09844784133081545,0.1538357486403907,6.953370300441319,3.195072267009864,0.0238317983360277,-0.0015626985832598618,4.497096967972486,8.882133029585734,0.2906142854758147,0.2252985766098828,4.796222634856388,7.745841361770418,0.10698444047378836,0.20765140795997913,7.059186146513525,8.780866896207067,0.10726290684879125,0.11668105945660527,6.179745360087958,3.363926240697537,-0.34446947947692763,-0.2701634682205221,4.24575621705712,5.1599294820753405,-0.19711808226763802,0.12962597492190775,5.13029757331967,8.686305036969507,0.19724519148625203,0.23511208027036187,7.697633997953328,3.078722182242096,0.20454872366127472,-0.04016740047226146
217,2.5024651307792705,2.197416525771618,-0.2903842561955591,-0.3060047760584263,5.476355924027255,6.416416820522608,0.2991868646727676,0.3058233544697387,7.307055564218049,5.045507580980787,-0.028691573775701855,0.015576936833627405,2.0732916201904232,8.227805421663511,-0.14823840202540958,0.013308645906915061,8.089602780277378,1.2039638578675775,0.057567499105833086,-0.3730767338509552,2.389574026724904,3.113930931402449,0.0613741319697346,0.7004149802170024,2.586189374116874,4.044226206509865,0.38439040684348147,0.9576500048380524,2.2792002454087723,4.3606391246446625,0.46163912524975065,0.7661867560638527,2.000872229154137,2.970035638619428,0.039410954584132026,0.026431730653181496,9.048527657319433,0.9348257093994693,-0.01781829276334699,-0.14953572951933614,3.9408525205343254,2.6149451436169473,0.5292896256281105,0.36879523765701294,6.333592687889494,5.949815010395877,-0.0960714911291491,0.14974054707357534,6.954561890358121,3.194994132080701,0.02201745790850981,-0.01125356371249227,4.511627682246277,8.893397958416228,0.26613186687907014,0.21099918092945527,4.801571856880077,7.7562239321684165,0.07935417094635305,0.1930820762544089,7.064549291855965,8.786700949179897,0.09693039250314535,0.10837126225902494,6.162521886114112,3.350418067286511,-0.35413589850616345,-0.27301410897194356,4.235900312943738,5.166410780821436,-0.21898769102751808,0.12203753176185068,5.140159832893982,8.698060640983025,0.1917303413913376,0.23121563821465965,7.707861434136391,3.076713812218483,0.20917701017198068,-0.048975552104808834
218,2.4879459179694927,2.1821162869686965,-0.30010982836438616,-0.34164226799987835,5.491315267260893,6.431707988246095,0.3051925716833944,0.30498651391839215,7.305620985529264,5.046286427822468,-0.03580918047516856,0.006565691314704598,2.0658797000891527,8.228470853958857,-0.14914653206021392,0.010347896563877456,8.09248115523267,1.1853100211750298,0.015338961307905227,-0.36186605905842706,2.392642733323391,3.148951680413299,0.049750515453144475,0.7004475427292084,2.605408894459048,4.092108706751768,0.3765787100160698,0.9501555306356579,2.3022822016712596,4.398948462447855,0.4574798196325374,0.74698481278554,2.0028427768833437,2.9713572251520874,0.02466072576190073,-0.008999106024369777,9.047636742681265,0.9273489229235025,-0.022418072980160075,-0.13453381412407628,3.967317001815731,2.6333849054997978,0.523331176905152,0.3616693511273289,6.328789113333037,5.957302037749556,-0.09337182670776954,0.14629315300056586,6.955662763253546,3.1944314538950764,0.0205709720165716,-0.021224975983753485,4.524934275590231,8.903947917462702,0.24129855871876513,0.19655220563867998,4.805539565427395,7.765878035981137,0.05191020169662771,0.17793407732538516,7.069395811481122,8.792119512292848,0.08631134074867071,0.09996635392977651,6.1448150911888035,3.336767361837914,-0.36227897778701673,-0.2750663656231663,4.224950928392362,5.172512657409529,-0.23836891017615394,0.11447536307426867,5.149746349963549,8.709621422893758,0.183396151737941,0.22525926298828122,7.7183202846449905,3.0742650346132425,0.21348659064707262,-0.057538660847045925
219,2.4729404265512733,2.1650341735687024,-0.3105593376870294,-0.37501530796073956,5.506574895845063,6.446957313942015,0.3096956657158012,0.30380300157716106,7.3038305265055055,5.0466147123882035,-0.04259817186682734,-0.002195080585710824,2.0584223734861418,8.22898824878705,-0.14985622333139978,0.0071994514493840854,8.093248103298066,1.1672167182221085,-0.025502188975908252,-0.3491237125332348,2.395130259096048,3.1839740575497593,0.03222813420705454,0.6990019726067578,2.6242378299598514,4.139616483283551,0.3683379268015007,0.9448332698535353,2.3251561926528863,4.436297703087132,0.4546851519266439,0.7254920201195816,2.004075813171439,2.970907269850869,0.00976994322682459,-0.047953578566178864,9.046515839032256,0.9206222322172987,-0.02692085706841405,-0.11922939770600072,3.9934835606609886,2.651468373056164,0.5160750817937819,0.35415286343950275,6.324120521997648,5.9646166953995845,-0.09056991834138742,0.14335735397556673,6.9566913118543745,3.193370205095889,0.019546757465718826,-0.03149746174658803,4.536999203526169,8.913775527744637,0.2159929657050017,0.18206759001472902,4.808135075512227,7.774774739847406,0.02471177378105459,0.1623213633327895,7.073711378518556,8.797117829989336,0.07535601448953451,0.09144896418525633,6.126701142299453,3.3230140435567557,-0.3692081488723744,-0.2760941444386444,4.213032482883555,5.1782364255632425,-0.25488610081135826,0.10704087871166644,5.158916157550446,8.720884386043172,0.17331458784796067,0.2175945765468597,7.728994614177344,3.07138810157089,0.2182142250621031,-0.06538136177549556
220,2.457412459666922,2.1462834081706657,-0.32288483465863665,-0.4043880239107518,5.5220596791308525,6.462147464020873,0.31285556237267204,0.3022797800136132,7.301700617912164,5.046504958358918,-0.0487267650285295,-0.010653894610636056,2.050929562319572,8.229348221359519,-0.1503147786274632,0.0038527311115163485,8.091972993849271,1.1497605325954467,-0.06493747430572698,-0.33505959426712917,2.3967416658064007,3.218924156180097,0.009698852531238956,0.6958392015158926,2.6426547262999263,4.186858146776228,0.35978407168036497,0.941201499615255,2.3478904502492184,4.472572304093111,0.45355572027660135,0.7021554188622574,2.00456431033278,2.9685095909225603,-0.005165149401177578,-0.08882032606469113,9.045169796178836,0.9146607623319987,-0.031248491417879422,-0.10381397955795994,4.019287314750677,2.669176016228139,0.5073007982654539,0.34596946459669115,6.319592026080579,5.971784563098363,-0.08776629093979707,0.1404759087986673,6.95766864972766,3.1917953320085597,0.018864479860781273,-0.04207078407253293,4.547798851811419,8.922878907245373,0.19022376478394304,0.1676283230946393,4.809370664201279,7.782890808014046,-0.0021567722280091337,0.1463424220114165,7.077479179243033,8.801690278198599,0.06401355904281439,0.08283552602602896,6.108240734855834,3.3092093363348236,-0.37494801693212876,-0.27597976038956035,4.200288177842987,5.183588469498826,-0.2691706772869785,0.09937581750604091,5.167581886942844,8.731764114870515,0.16053728170849152,0.20527881599397657,7.739905325430449,3.0681190334821156,0.22366639118728146,-0.07066695117244914
221,2.44126821793399,2.126064006975128,-0.33698722953750093,-0.42928478419565247,5.537702457249486,6.477261453021554,0.31389450821148107,0.3002803613898678,7.299264279660738,5.045972263628387,-0.05413328219144855,-0.01884056649350387,2.0434138233881987,8.229540857915095,-0.15043317990154825,0.00041751985536991757,8.088726120133986,1.1330075528820902,-0.10262673991451451,-0.31964643513512536,2.3972266084329625,3.253716116255892,-0.013671003647521572,0.6944895889110659,2.6606439298839444,4.233918221756991,0.35140359604006804,0.939599002477172,2.3705682362630482,4.507680075036224,0.45460979153908015,0.6778606341971497,2.0043060528627215,2.9640685746193256,-0.017266315351475887,-0.13065808389054256,9.043607371607942,0.9094700633541006,-0.035347968127841314,-0.08848616235634556,4.04465235466395,2.6864744894579737,0.49877971228789963,0.33719390478390693,6.315203711533589,5.978808358538297,-0.08514950025771967,0.13725351853439463,6.958611873720699,3.189691792804933,0.022009580782173715,-0.05028849358405141,4.557310040050616,8.931260323400105,0.16411088944157395,0.15325298066595505,4.809262825589879,7.790207929114617,-0.028610213609463604,0.1300760909347945,7.0806798571951735,8.8058320544999,0.05230527114808859,0.07418562174512801,6.089493334009227,3.2954103483153454,-0.3796451494152535,-0.27484292835720764,4.186829643978638,5.188557260374128,-0.2809776496118267,0.09028152111026225,5.1756087510282685,8.742028055670215,0.14524978257871934,0.1890068701598167,7.751088644989813,3.0645856859234932,0.22969738807615742,-0.07329926271776155
222,2.4244188564571147,2.1045997677653454,-0.35262605930520496,-0.45068742185615585,5.55339718266006,6.492275471091047,0.3134052587585325,0.2978325631005092,7.2965576155511656,5.045030235303711,-0.0588433146098188,-0.026431340940229715,2.0358921643931214,8.229561733907865,-0.15034662464410864,-0.002410404820869573,8.08359478313826,1.117025231125334,-0.1383410533023853,-0.30274742161583823,2.3965430582505864,3.288440595701445,-0.036553499468043885,0.6950274736586755,2.678214109685948,4.28089817188085,0.3430145656431297,0.9391282440148473,2.3932987258400025,4.541573106746082,0.45822451037860634,0.6544597418798547,2.0034427370951478,2.9575356704247984,-0.027216194699753934,-0.17264074060784299,9.04183997320155,0.9050457552362834,-0.03912233279299196,-0.07337925188919772,4.069591340278345,2.703334184697169,0.4872291904373137,0.3272396050061607,6.310946236520703,5.985671034465017,-0.08285056400989405,0.13360960757503165,6.959712352759808,3.1871773681257305,0.02497224492442473,-0.05850985238994626,4.565515584522695,8.938922972433403,0.13770233333786758,0.13893930371263932,4.8078323149094055,7.796711733661357,-0.05458665690017406,0.11357037419370944,7.083295120752578,8.809541335587157,0.0411109243029386,0.06553887800051626,6.070511076538465,3.281668201897485,-0.38330937363755596,-0.2735303911452828,4.172780761498046,5.193071336429641,-0.2898761149471958,0.07986324760171351,5.182871240157205,8.751478399178206,0.1281056196258194,0.17134801066846844,7.762573514393621,3.060920722787605,0.23562615405854687,-0.07507303510645821
223,2.4067875534918546,2.0820653966725375,-0.36869071359588107,-0.46918532550119446,5.5690674455979865,6.507167099246073,0.3122291313396568,0.29515963806783396,7.293615449820675,5.043708668256699,-0.06279529962628398,-0.032762066490881266,2.028374833160916,8.22944121366682,-0.15022263841480815,-0.004982424777875551,8.07667773047314,1.101887860044542,-0.17207366424331855,-0.28404517536711615,2.3947153832771844,3.323191969384379,-0.05814906246252402,0.6970973289537972,2.6953648379681043,4.327854584081592,0.33455532544499433,0.9368050149627208,2.416209951358933,4.574296093840075,0.463833399466641,0.6321461634530168,2.00208192736016,2.9489036333944063,-0.03542965961550634,-0.20904370221959073,9.039883856561902,0.9013767926418235,-0.04251743161332067,-0.05852236800572146,4.093952799800211,2.719696164947477,0.47420785692166967,0.3166016108955765,6.306803708320208,5.992351514843768,-0.08097049009000173,0.1293020998514618,6.960960965006029,3.184251875506233,0.02738787812602385,-0.0667448696001914,4.572400701189588,8.945869937619035,0.11053499222477706,0.12379498239019822,4.805102982064397,7.802390252371042,-0.08007869026256267,0.09693775767378146,7.0853506669677255,8.812818279487184,0.030839088975790158,0.056979338831443155,6.051345607856588,3.267991682340221,-0.3873155660982121,-0.27217048314192277,4.158286955750687,5.197064498809727,-0.2952954933023412,0.06849963623138842,5.1892765211384955,8.760045799711628,0.10919265605665512,0.15237159199447628,7.774354822096548,3.0571670710322825,0.2414901726329039,-0.07598825502062634
224,2.3883530178120607,2.058606130397478,-0.3844423600549837,-0.4861101388909726,5.58467890216497,6.5219250811494645,0.3094820288853521,0.29206040124421556,7.290475684839361,5.042070564932155,-0.06631935644834552,-0.03819315827631217,2.0208637012401756,8.229192092427926,-0.15011737698466385,-0.007175892283151755,8.068074047260973,1.0876856012761862,-0.20405549603233528,-0.2641918457086079,2.3918079301540582,3.3580468358320688,-0.07890127635784491,0.6994623226079887,2.712092604240354,4.374694834829729,0.32604524844533,0.9315528686143636,2.439401621332265,4.605903402012726,0.4699457928309512,0.6101360754860978,2.000310444379385,2.938451448283427,-0.04170038266037863,-0.24053077671395262,9.037757984981235,0.8984506742415374,-0.045522508185619676,-0.04392394178292025,4.117663192646294,2.7355262454922555,0.464052983788964,0.3056056208576584,6.302755183815708,5.998816619836341,-0.07960448462461343,0.12426462782690181,6.96233035891233,3.1809146320262234,0.029228344759462913,-0.07496091465200452,4.577927450800827,8.952059686738545,0.08271705747326644,0.10786714609125565,4.8010990475512685,7.807237140254731,-0.10499675324750607,0.08040477329782779,7.086892621416515,8.815667246428756,0.02048134249389471,0.04870960042550024,6.031979829551677,3.254383158183125,-0.3921540778185118,-0.2709873416533409,4.14352218108557,5.200489480621297,-0.29832657612621377,0.05827428731175838,5.194736153941328,8.767664379311352,0.08900031753040619,0.13221989489526745,7.786429330728193,3.053367658281251,0.2472489957147549,-0.07616813349157989
225,2.3691308998093117,2.0343006234529293,-0.3998287209386965,-0.5018723040797619,5.600153003609237,6.536528101211675,0.30475297215448566,0.2884223293048664,7.2871597170169435,5.04016090701834,-0.06989712450593029,-0.04321825116121036,2.0133578323909425,8.228833297813768,-0.15015737728924358,-0.008547074691335569,8.057871272459357,1.074476008990756,-0.23438318866024208,-0.24361772304129525,2.387862866336166,3.393019951962468,-0.09997702128477438,0.7026789889637178,2.7283948666626205,4.421272478260447,0.31813191228753124,0.9225124339558363,2.4628989109738124,4.636410205787031,0.47598220740950825,0.5899429069651704,1.9982254252463663,2.9264249094477295,-0.050683629642476254,-0.266567554806337,9.035481859571954,0.8962544771523914,-0.04813988411080297,-0.02961739950558413,4.140865841835742,2.7508065265351385,0.45612755682897255,0.29474606510657314,6.2987749595844775,6.005029851227686,-0.07860219089259615,0.1189961553938116,6.963791776150303,3.177166586293623,0.030582597306488594,-0.08321808541859654,4.58206330367449,8.957453044043108,0.05437061131676467,0.0914925401971669,4.795849209888893,7.811257378919622,-0.12929420969081584,0.06400592023424441,7.08791668854121,8.81810272645003,0.009608377932909144,0.04062693715764936,6.012372125660751,3.240833791100458,-0.3959140807445038,-0.26971706934996825,4.128605852279259,5.203403194986884,-0.2986256353533227,0.04943585726472316,5.199186169817848,8.774275374056115,0.06773777164675064,0.11110352791280742,7.798791780513931,3.049559251606672,0.2528670795643042,-0.07567476223774672
226,2.349139463762377,2.009207008248941,-0.41483508880092107,-0.5164822965838818,5.615390652216961,6.550949217676918,0.2981854149983997,0.2842932179105802,7.283664860791647,5.03799999446028,-0.07352140281289135,-0.04782839252793056,2.0058499635264804,8.228405944079201,-0.14992340298146808,-0.009169509093220243,8.046152113026345,1.0622951228386912,-0.2629957963777561,-0.2224154121215336,2.3828640152719274,3.428153901410654,-0.12059978581257208,0.7064108063433117,2.7443014622769972,4.467398099958239,0.3079178591931442,0.9056681762434721,2.4866980213442877,4.6659073511352895,0.4824122104564977,0.5734815807832818,1.9956912437642425,2.9130965317074127,-0.05842254621838491,-0.2898874637828919,9.033074865366414,0.8947736071771122,-0.05036902220200952,-0.015638086728064902,4.163672219677191,2.765543829790467,0.44601957914066004,0.28424922895092014,6.294844850039848,6.0109796589973765,-0.07776554852669348,0.11423587551483765,6.965320906015627,3.1730056820226933,0.031531494683145124,-0.0915995236739066,4.584781834240328,8.962027671052967,0.02558677137573989,0.07510283197620819,4.789384499404353,7.814457674931335,-0.15284692993951504,0.047948147299807606,7.088397107437856,8.820134073307912,-0.0015494640475481637,0.03277770057990011,5.992576421623526,3.2273479376329597,-0.3977523703182924,-0.2682875699436007,4.113674570511593,5.2058749878501205,-0.29639248065411633,0.04167977231594501,5.202573058400185,8.779830550451756,0.04554606534696884,0.08887520945997233,7.811435134492147,3.0457755134947844,0.2582965422802876,-0.07449185153089881
227,2.328397709322331,1.983382893419747,-0.4293522262091776,-0.5300217062213329,5.630299922966881,6.565163878572448,0.2913623237894649,0.2809518325609489,7.279988790651002,5.0356085748338835,-0.07718859720914875,-0.0520330550446437,1.998353793377407,8.22794746862454,-0.14907773116380776,-0.009655108367035994,8.033002323207457,1.0511743522326145,-0.2895364989591617,-0.20076875900578423,2.3768340259812986,3.46347444172782,-0.14006513244696006,0.7113688432577795,2.7596973552366544,4.512681508770413,0.29766900294667276,0.881633542010951,2.510818631867113,4.694581430174454,0.4888669807235074,0.5583969803346734,1.9927701164533231,2.898602158518268,-0.0632569347873823,-0.3125745413051697,9.030556414256314,0.893991702840709,-0.052250876810664496,-0.0018858810581849888,4.185973198634224,2.779756291238013,0.4337455269379585,0.2741317465569401,6.2909565726135135,6.016691452773118,-0.07653538847287407,0.11067671938011303,6.966897480749784,3.168425705838998,0.03225946893405779,-0.10009183029378918,4.5860611728091145,8.965782812651778,-0.003459358804618999,0.05903559531429718,4.781742152907377,7.816855082296325,-0.17556216022563642,0.032484503033679064,7.088319634235478,8.821772958336908,-0.013022373200055946,0.02518581599666532,5.972688803107611,3.21393355913578,-0.39817064852070694,-0.26717803423085196,4.0988549464788875,5.2079589764659175,-0.29167061745881623,0.03485369565936504,5.204850361667534,8.784274310924754,0.02242841728187866,0.06574723638029094,7.824349961606161,3.0420509209182396,0.2633768599861573,-0.07329631395258426
228,2.306930098011872,1.9568818081086805,-0.4430785321707865,-0.5428875029065517,5.6448680391563535,6.579211470200495,0.2842653477476711,0.27908455668961246,7.276129360790544,5.033006922081651,-0.08091813098578965,-0.055858427874677,1.9908999068192166,8.227464713206189,-0.14771427677721585,-0.009972144238593886,8.0185254982595,1.0411359142823253,-0.31315301703939624,-0.17862225388836783,2.3698307693589507,3.499042883890709,-0.15752854979820594,0.7150393065962738,2.774580805383988,4.5567631858709605,0.2889714812601188,0.8551729480721235,2.535261980903288,4.722501279191188,0.49547773038542986,0.5441360251797777,1.989607269713954,2.8829734314530095,-0.06707777617429656,-0.33337136778698884,9.02794387041578,0.8938974087877997,-0.0536952482278293,0.011257518299610728,4.207660474981123,2.79346287856586,0.4194341283721893,0.26432605307954793,6.2871298031898695,6.022225288742124,-0.07484031712581625,0.1079436070672597,6.968510454196487,3.1634211143243087,0.03299931717526777,-0.10877144898022678,4.585888204868883,8.968734592417492,-0.03274434267798631,0.04335986282089661,4.772964044896095,7.818479307448008,-0.19736011079145138,0.017718331459086474,7.087668515575475,8.823032249136741,-0.024697246730920663,0.017802470184106193,5.952780270681576,3.2005746574242373,-0.3904559150392998,-0.26709692075524427,4.084271415605946,5.209701661248886,-0.283873105046745,0.02808838146778522,5.205971782531628,8.787561672743768,-0.0016692354514473012,0.04176629550189967,7.837518804605469,3.0383861052206105,0.2680621512615393,-0.07250171474732875
229,2.2847761714033323,1.929737432963353,-0.45591990883304084,-0.5551386214771179,5.659081306543737,6.5931656980349755,0.27737126144634433,0.2778574688827022,7.272083454241255,5.030214000687917,-0.08478829819648778,-0.059268319822780906,1.9835141929803557,8.22696610599426,-0.1458923777356824,-0.010082243947720984,8.00286784740753,1.0322048015879068,-0.3342119713378925,-0.15578665649247092,2.3619543418690405,3.5347948492205226,-0.1720688123185192,0.7153319271480462,2.789029379446994,4.599521833274567,0.2826185440385917,0.8297184537150144,2.5600358674225596,4.749708080450176,0.5004811804512811,0.528449595142756,1.9862533809052392,2.86630486306366,-0.0678592277125017,-0.35124463710652315,9.02525910800439,0.8944602847027802,-0.05459222474348005,0.0237146685204817,4.228632181399732,2.8066791812198373,0.4042079087777107,0.25414615717190747,6.283387787333579,6.027622469095487,-0.07197962032576313,0.10454657705644026,6.97016042005525,3.1579825418752976,0.03368832749736174,-0.11787449533785846,4.584250987734984,8.970902585558537,-0.06216475128451555,0.02818561251619766,4.7630960393565225,7.819365224020963,-0.21824950328660672,0.003407764378111895,7.086433653238928,8.823922372645946,-0.0365563269263476,0.010660094029445014,5.9332574749296105,3.187219811386475,-0.3808876991326797,-0.26728544080538624,4.070077760353609,5.211106080322275,-0.27328716814279147,0.021518216608490327,5.205888320759056,8.789649987518864,-0.026378399057614143,0.01746584392518992,7.850921912168546,3.034761019483244,0.2728723891460608,-0.07303804455876767
230,2.26198017596168,1.901980501889497,-0.4678407781834742,-0.5668997451641468,5.672949869616054,6.607058571479111,0.2693780267523403,0.27703156354849773,7.26784403933143,5.0272505846967785,-0.08862149041085755,-0.062229356944494066,1.9762195740935715,8.226461993796873,-0.14366527439803686,-0.009972927783558974,7.986157248840635,1.0244154687632834,-0.35303852605352587,-0.13223810409855766,2.3533509012531146,3.570561445577925,-0.1840947601873432,0.712695387770774,2.8031603066489237,4.641007755960318,0.278204856973348,0.8057590405441999,2.5850599264451235,4.7761305602073145,0.5040706138829064,0.5115177618159394,1.982860419519614,2.8487426312083337,-0.06560050262068672,-0.36635185900793993,9.022529496767216,0.8956460181288043,-0.05497763098430093,0.03554158381441366,4.2488425768386175,2.8193864890784326,0.388596592514035,0.24394821297782904,6.279788806317291,6.032849797948309,-0.06810077356119862,0.09840704085448637,6.971844836430118,3.1520888171084045,0.03374116776001318,-0.12757077256883648,4.581142750170758,8.972311866184347,-0.09165071009913653,0.013689853803905942,4.752183564192192,7.819535612239869,-0.23788632801366513,-0.009535785076100294,7.084605836892611,8.824455377347418,-0.04839161443769633,0.003912470496434531,5.914213089972977,3.173855539346206,-0.37019981444430233,-0.267638759514335,4.056413401946469,5.2121819911527,-0.26114497482537813,0.01528651858719764,5.204569400806175,8.790523279715122,-0.05103884480737382,-0.00685882352857595,7.864565531625849,3.0311091172553057,0.2778347608083199,-0.07488332147330462
231,2.2385881370525067,1.8736355146312897,-0.4789001652116915,-0.5782059885539916,5.68641877095367,6.6209101496565355,0.26038095745311923,0.27684647076543034,7.263412964810887,5.024139116849554,-0.09252379197567022,-0.0644169198646472,1.9690363103736697,8.225963347407696,-0.14175745749623384,-0.009713561408164808,7.9685053225379585,1.0178035635583556,-0.3698933635903377,-0.10809573000025673,2.3441461632437477,3.6061962149664635,-0.19375952071733815,0.70789948517585,2.817070549497591,4.681295707987528,0.27530883641189136,0.7829830984570264,2.610263457139269,4.801706448298112,0.5062403186926913,0.4930852593673806,1.9795803943885797,2.830425038257937,-0.057305757831086344,-0.3810939562665077,9.019780615218002,0.897423097319525,-0.054835660916084605,0.04670390284875166,4.26827240646432,2.831583899727324,0.3725143578333824,0.23386059996146208,6.276383767639231,6.037770149991033,-0.06361271666308155,0.0907960008285369,6.973531894818119,3.145710278479963,0.03283214589071139,-0.13775600458230045,4.576560214665801,8.972996358874543,-0.12104549466887682,2.3674027714229787e-05,4.740289247791509,7.819058822986063,-0.25638219019962016,-0.02141849329777426,7.0821862561707265,8.82465100087224,-0.05989799159824549,-0.0022920984707886366,5.8957030992507615,3.160473601370489,-0.35863929838490366,-0.2680266645634728,4.0433561532052,5.21294631708206,-0.24906418025254792,0.009080238966669419,5.202017458565806,8.790180338538693,-0.07504896513961488,-0.030554340114879664,7.878457269666265,3.0273649511816405,0.2828990221404742,-0.07818341197997748
232,2.214643128791922,1.8447252152035902,-0.48927173997117485,-0.5892322294392494,5.699437818826326,6.634752473194807,0.2484433853911037,0.2762645302690899,7.258786775212103,5.020918270856321,-0.0962298787751726,-0.06602763573818665,1.961948437498858,8.225477669337288,-0.1402481624648055,-0.00925039927841992,7.950010654358442,1.0123987770583427,-0.38476823019514267,-0.08343301182341499,2.334458187207881,3.641591189225256,-0.20124211645908696,0.7030520722469111,2.8308359913181858,4.720444862910379,0.273279955398498,0.7664470816947698,2.6355754730739034,4.826360711266481,0.5067743573108983,0.47313054518834163,1.9767151064970254,2.8113703404446113,-0.045098650585164254,-0.39977130714522324,9.017038832172197,0.8997582924619626,-0.054099906023854574,0.05722531697967779,4.2868981243559885,2.843276929725397,0.355903242198941,0.22397587221521384,6.273203131806078,6.04230995003246,-0.05862531589289417,0.08213935526231184,6.975173502112654,3.138822478250848,0.03093748261642321,-0.14843400905574824,4.570507939932358,8.972997542575929,-0.1503953164748308,-0.01362763736983826,4.727470138281528,7.817987898321174,-0.2736807649452752,-0.032346265819746915,7.079191356590814,8.824536395948702,-0.07109985458910166,-0.008207766705017725,5.877771134331517,3.1470722681423156,-0.34622876048636314,-0.26757072726173275,4.030902944192572,5.213400329030393,-0.23850820511340684,0.0019618194088595886,5.198265010308826,8.788652621532949,-0.09886027715943987,-0.05377785198955541,7.892602220773289,3.0234557805826414,0.287953991481037,-0.08253116587728679
233,2.1901795417933636,1.8152636037316277,-0.5003929385061403,-0.604397539047232,5.711859988095881,6.648565699708261,0.2331623280333156,0.2752436521813607,7.253975281273345,5.017616889069412,-0.09973159093349493,-0.06707153127708297,1.9549360293756177,8.225015149373366,-0.13887076953203287,-0.008597608696612425,7.930772242848684,1.008227126467172,-0.3976901640249271,-0.05862794285368843,2.3243960813849265,3.6767437928376014,-0.20659131034500938,0.6983341623296757,2.844499989088111,4.758767216995118,0.2698415687049011,0.7561881038345575,2.6609141909394483,4.850017238525898,0.48491406326688047,0.46189831065074016,1.9744601739677672,2.79138177508735,-0.022751449178208535,-0.4269599897013756,9.014333836871005,0.9026195583109465,-0.05279693321537431,0.06718797556379567,4.304693286465936,2.8544757233361575,0.3386297252459495,0.21456393894213682,6.270271866011433,6.046416917795576,-0.053297019395429995,0.07230838121989622,6.976720376243476,3.131400777798061,0.028299214890717107,-0.1595200460657027,4.562988174108616,8.972316160707436,-0.17960101424971786,-0.026933992846217655,4.713786100034264,7.816370585030187,-0.2896359001715249,-0.0426672518820352,7.075636363861359,8.824126007613451,-0.08227418917476832,-0.013957731046538989,5.860459696307198,3.133693731779229,-0.3330538824255454,-0.26618700198737855,4.018977533936902,5.213498420000836,-0.22900076061248367,-0.00629532006529393,5.193321996450854,8.78596372893347,-0.12251008145354922,-0.07646416061191565,7.9069999203473404,3.019329222288777,0.2929658279204081,-0.08690004030794322
234,2.1651598948680566,1.785043726779266,-0.5135974490161082,-0.6144721001365093,5.723518104497547,6.662327882317329,0.21676794829832263,0.272243278601799,7.24898870172667,5.014263312505558,-0.10315999571173703,-0.06792881882929068,1.947992490899016,8.224585268938535,-0.1376518441155633,-0.00779147925222189,7.910887734647438,1.0052957293244877,-0.40864785807857695,-0.03396704857897682,2.314066515867676,3.711660500954085,-0.20984192601628643,0.6941962354084272,2.857992067523356,4.796576622186845,0.25182831191664734,0.7322807732023477,2.6851598941027923,4.873112154058435,0.4618662748256993,0.44878491478100824,1.9733226015088567,2.7700337756022813,0.006507961322317894,-0.4600561601267906,9.011693990210237,0.9059789570891363,-0.05096448303412851,0.07661955601790678,4.321624772728233,2.8652039202832644,0.3206590783281295,0.20583224069732672,6.267607015041662,6.050032336856571,-0.047850072401959806,0.061195449849161046,6.978135336988012,3.1234247754947755,0.024964862889169295,-0.17092194447959924,4.55400812339613,8.970969461065126,-0.2084225541285631,-0.039437889499869844,4.699304305025688,7.814237222436085,-0.3045640384275979,-0.053831673470217646,7.071522654402621,8.823428121061124,-0.09340841579496562,-0.019720114015799206,5.843807002185921,3.1203843816798598,-0.3195015475208747,-0.2640106212711143,4.007527495906278,5.2131836539975716,-0.21862771361827438,-0.0139400441661221,5.187196492378177,8.782140520902875,-0.14570518277429279,-0.09847379558353431,7.921648211743361,3.01498422027338,0.29793188873764975,-0.0913240166249913
235,2.139480022417251,1.7543201217724407,-0.524098951470389,-0.6231267280855087,5.734356501912463,6.675940046247419,0.19962914380298802,0.26749223818782325,7.243830701941083,5.010866871564094,-0.10657733898549593,-0.06856126923293632,1.9411098986932378,8.224195694975924,-0.1362021529838523,-0.006879117939564295,7.890455341743509,1.0035973768955389,-0.4182053436590213,-0.00988668566298408,2.303574419566862,3.7463703127245065,-0.21086823045499664,0.6904154058744927,2.8705834831191885,4.833190660846962,0.23241656475907363,0.705668026486802,2.708253207844077,4.895551399797486,0.43739297275937317,0.43418800996676493,1.9736479995749727,2.7470309675959417,0.046742366124640285,-0.49746412459479294,9.00914576605853,0.9098099348900317,-0.048400623511785826,0.08502451650121938,4.33765772664464,2.875495532318131,0.30212960210275336,0.19771289747613913,6.265214511421564,6.053092109349029,-0.03790308089872113,0.05503447683671369,6.97938358013247,3.1148786782707956,0.02025811617684229,-0.18040333951558138,4.543586995689702,8.968997566590133,-0.23647521793166368,-0.0513835037185817,4.684076103104308,7.811545638762574,-0.3185596605260438,-0.06621140470810598,7.066852233612873,8.822442115360333,-0.10441638636648357,-0.025483870872121495,5.827831924809877,3.107183850616304,-0.3059541419203269,-0.2610931335380482,3.9965961102253647,5.212486651789265,-0.20782955437659806,-0.020699663133893632,5.179911233239462,8.777216831123697,-0.16844764046214755,-0.11953298979072577,7.936544806180243,3.0104180194421306,0.3012551013761471,-0.09522009322971524
236,2.1132750748437314,1.7231637853681652,-0.5308762618417879,-0.6303995445349125,5.744337959102612,6.68931465815681,0.18280428442226598,0.2613905952662563,7.238501834991808,5.007438808102447,-0.10968579087346113,-0.06878987956506025,1.9342997910440451,8.223851739078945,-0.13447796569914428,-0.005849426373782463,7.869545074560558,1.0031030426123897,-0.4269884501648921,0.013378193325281913,2.293031008044112,3.780891083018231,-0.20912585146017415,0.6861691832741519,2.882204311357142,4.868474062171302,0.2127189865077118,0.6751546326078652,2.730122856482046,4.917260800295824,0.41293512319720505,0.4145459936751466,1.9759851178812047,2.7221577613662022,0.08667121963645058,-0.5288568628178688,9.006725734882941,0.9140611607150927,-0.04289895014118608,0.09230192474344502,4.352764206749777,2.8853811771919378,0.2829272073192565,0.19007568803090102,6.263319357376628,6.055843833190864,-0.028135359305341154,0.04764849798897161,6.980396485941313,3.1058585112950166,0.019362406632422047,-0.18924928943361308,4.531763234793119,8.966428391404204,-0.26308669208804336,-0.06384172682305862,4.668148120078006,7.808235068527169,-0.3316830506045884,-0.07933247020550435,7.061631414294549,8.821167921816727,-0.11523610460817515,-0.03127328752801959,5.812534217713861,3.0941291939394016,-0.292127521341561,-0.2575354444226431,3.9862046325065346,5.211451668632571,-0.19692678451299256,-0.0269760463848454,5.171488851216354,8.77124018163416,-0.1903002604081505,-0.13953154765634543,7.95160756124905,3.005657014780645,0.3022092141592215,-0.09814571029127063
237,2.086731261751642,1.6916438081414196,-0.5322476235295673,-0.6362885471411852,5.7534781733237255,6.702384187920123,0.16628627720342826,0.2537733652979469,7.233017545448136,5.003999314124194,-0.11238727193265474,-0.06847230850898485,1.927575892759088,8.223559267760256,-0.13246234969944565,-0.0046981726250973415,7.848195652052314,1.003771952278654,-0.4349704180909175,0.035840039796114734,2.2825747154711036,3.8151995421819387,-0.20345937087424143,0.6802953068366071,2.8928402606825276,4.902231793801695,0.19228367858773268,0.6420814397730111,2.750769612641906,4.937988099979582,0.38619745408690687,0.3897961990727525,1.9803186788630271,2.695714918225309,0.11648143963957863,-0.545915330682859,9.004580787375883,0.918676256952265,-0.03710589052390512,0.09849443345585594,4.36691056711574,2.894884961593483,0.2628840383572547,0.18280057084220894,6.261912589411361,6.058226258090313,-0.02020364703555813,0.0399405452809657,6.981364606272934,3.096396046823336,0.017956252968429166,-0.1974577393635657,4.518608900188717,8.96323630506305,-0.28787386625329225,-0.07736699376842071,4.6515639675477765,7.804268445016893,-0.34395040026498497,-0.09318268230267232,7.05586960906414,8.819604257440327,-0.125755056322214,-0.037297466018062275,5.797927841646782,3.0812524217182693,-0.27815874517512196,-0.25332940950898397,3.9763582932808847,5.210102866313329,-0.18620050251245088,-0.03267546598759713,5.161973838195947,8.764263604251344,-0.20935617826722797,-0.15818853609828956,7.9667180219570115,3.0007497292660816,0.2997675873720358,-0.09955716457769694
238,2.0601188805751636,1.6598293807843603,-0.5293921769673964,-0.6408516928532032,5.761792487183897,6.715072856185021,0.14998567792640877,0.24472227407399177,7.227398181851503,5.000575698698745,-0.11469154465883291,-0.0675731296948419,1.9209527752741158,8.223324359129002,-0.13017361031622499,-0.0033772900178459355,7.826447131147768,1.0055639542684596,-0.44219633239040557,0.05746167535233575,2.2724017469273914,3.849214307523769,-0.1936885259974752,0.6726301025798341,2.9024544446119145,4.934335865790346,0.1690872003996948,0.6080287429489374,2.7700794853462516,4.957477909933219,0.3529209438482594,0.3545741038216691,1.986142750845006,2.668419151691166,0.14247979359770852,-0.556599328403339,9.002725492849688,0.9236009786250577,-0.031086493071431482,0.10365309662440549,4.3800547690336025,2.9040249901355932,0.24210514691304846,0.17586989548462875,6.260902407059583,6.060223285354361,-0.01297485830207577,0.03460814425865068,6.982262418921356,3.0865231598551577,0.016125831952808933,-0.20445397386993433,4.504215206876053,8.95936795537463,-0.3100923812321779,-0.09260677490970184,4.634366447534528,7.79960931090176,-0.3553950881083077,-0.10770378043957418,7.04958185624803,8.817739384139424,-0.13505158382713497,-0.04314591213391368,5.784019904388026,3.06858595124282,-0.2661625206525313,-0.2500106612583803,3.967048268155262,5.208469093013949,-0.1758176863169629,-0.03784865406302037,5.151506029282586,8.756354177446429,-0.22577254168533023,-0.17541143529682166,7.981706401325614,2.995771871037197,0.294646815621228,-0.10014903818808915
239,2.0336492717267936,1.6277867961417,-0.5237401810552021,-0.644338245315185,5.769291771080217,6.72730896988872,0.13392885419594003,0.23401064513031006,7.221663604618561,4.997197042214003,-0.11659879680662669,-0.06625309980653982,1.9144440947583046,8.22315549462811,-0.12761050553769676,-0.0018560117519822784,7.804337314528248,1.0084370380360763,-0.44863536256084624,0.078082137650729,2.2627173206275177,3.8828458126527607,-0.17976838275082452,0.6629313875188848,2.9109088046318994,4.964737302937793,0.14279972517138517,0.5804586472906351,2.7877255325386647,4.975206615124303,0.314163652412064,0.31159888671771097,1.9932667405248914,2.640589185270999,0.16632266031647758,-0.5615411699907633,9.001171168196116,0.928783633456278,-0.02502224126111921,0.10794002100148926,4.392160026379255,2.912818484909825,0.22070993152093574,0.169254299220028,6.2602536641444795,6.061953692567294,-0.005259928125340845,0.029828027208837406,6.983068710518996,3.076300461161661,0.013717277175305919,-0.21032621043468977,4.4887105878144435,8.954737616629144,-0.32942076533356873,-0.10942884777328064,4.616596693129113,7.794224121879781,-0.36610397896362007,-0.12254522970028585,7.042829277056673,8.815582088532729,-0.1426830093866557,-0.04865828044043128,5.770711778355399,3.0560854181799013,-0.2534823536927687,-0.24607740402130351,3.958257383839414,5.206576660310797,-0.16627953201293535,-0.04260439206806245,5.140217402198319,8.747583605681587,-0.2402166231706017,-0.19096732818155296,7.996438742106675,2.9907644191277925,0.288147270345063,-0.09976492897693487
240,2.0074622626740335,1.595569883875941,-0.516387688841953,-0.6475178845205216,5.775988213790014,6.739009502145236,0.11792907062040521,0.22234136326018333,7.21583366477823,4.993884387223676,-0.11779797743945636,-0.06451659093790511,1.9080635694814196,8.223062694040511,-0.12452670687586873,-0.0004444287567761606,7.781905546400206,1.0123411449186128,-0.4541718282801885,0.09733342761445123,2.2537289014899766,3.915992382028705,-0.1620380155671392,0.6513102855732461,2.9180487908904684,4.993760235302324,0.11647336387282407,0.5631917971171617,2.803433715159268,4.990786559460188,0.27174454366362805,0.265710659493361,2.0015828735407153,2.6125121267714606,0.19611326443101004,-0.5641930516036007,8.99992005613306,0.9341806345063525,-0.019295414697641695,0.11182600206950437,4.4031955229553015,2.921281199870826,0.19877378460597678,0.16294185515898713,6.2599906677382124,6.063445093927736,0.00246013699154148,0.02524781221667184,6.983754574377762,3.0657841506399266,0.010748990452407436,-0.2150246035560515,4.472239549547765,8.94926617424048,-0.3461699789694902,-0.12632632945319702,4.598291494180931,7.7880968603947665,-0.37616990408492745,-0.13737371197052664,7.03569512658734,8.813149174510707,-0.14894948411047162,-0.05389757304714267,5.758037660670761,3.043781547978836,-0.24040719718289247,-0.2415429832777189,3.9499434072387674,5.204446440707394,-0.15817607789992877,-0.04715046775487485,5.128206571039788,8.73803523927251,-0.2531657307579392,-0.20407427333860403,8.010846105623928,2.985776172678946,0.2803722989195297,-0.09848351805556985
241,1.9816428782319357,1.5631939896499147,-0.5078763899470707,-0.6491684319429902,5.781884667321035,6.750126570308245,0.10166631582246972,0.20962901724282265,7.209943765906257,4.99065855767678,-0.11806955520003357,-0.06234069879346351,1.9018372341376262,8.223040472602673,-0.12079994844050018,0.0005311116166981989,7.759196954986197,1.0172078162993354,-0.4588217956079024,0.11524016643214303,2.2456270007116195,3.948557896307367,-0.1416418321359907,0.6376960482647439,2.9238724590841096,5.021919825158182,0.09141905212050473,0.5543313781716108,2.8170209423424493,5.004072092434856,0.22471303378737684,0.2212895201338868,2.011388536762266,2.5843024741912806,0.2309607146873577,-0.5629190704012069,8.998955285398178,0.9397719346098277,-0.013943898465747201,0.11531577765265237,4.4131342121856,2.9294282926287756,0.17659212913942024,0.1564436301257039,6.26011367458779,6.06470748453857,0.010266010445158576,0.020790770222934622,6.984292023900382,3.055032920462124,0.007310646227119999,-0.21856032128180528,4.45493105059929,8.94294985776782,-0.3604777505926248,-0.14276746009131958,4.579482998976685,7.78122817479624,-0.3856320356447762,-0.15208215346642204,7.0282476523818165,8.81045429585835,-0.1545560009336442,-0.05941593758092467,5.746017300811616,3.0317043988149504,-0.22699285150122514,-0.23642544433383214,3.942034603343771,5.20208891731965,-0.15196756310522147,-0.05203428720084253,5.115548284501892,8.727831525605579,-0.2643277927472466,-0.21494620003371245,8.024864720569905,2.9808519967761673,0.2714074399703453,-0.09634263786573383
242,1.9562490587345822,1.5307355680527652,-0.49853150817407577,-0.6479512033031194,5.7869679831121585,6.760608021170386,0.08491374048458292,0.19608867777291297,7.204040288146255,4.987541522737107,-0.11749144118218936,-0.05977566785358648,1.895797236715601,8.223067028183507,-0.11668149957210629,0.0012727861349108751,7.736255865205802,1.0229698246209427,-0.4627351810289401,0.1317036905353077,2.23854490910482,3.980442698720604,-0.11892856284268243,0.6220950570156595,2.928443411690135,5.049636394066763,0.07138146513348614,0.5488789266891956,2.828256594031818,5.015136568441551,0.17642691170371289,0.18034876154795693,2.0229365724966337,2.55615652067122,0.27519429313088495,-0.5641574249760959,8.998258090474891,0.9455377234924602,-0.008909032281751,0.11861405692318212,4.421963818642571,2.9372504741350607,0.1546379249973266,0.1490071914758111,6.260626975110047,6.065747023049716,0.018232823890249824,0.016708563213738342,6.984657556211738,3.0441049043980337,0.003643391481159763,-0.2209519861518886,4.436907163069659,8.935811484763255,-0.3724084234170076,-0.15848251376887848,4.560201397194446,7.773624067122919,-0.39441250762534796,-0.16667492320843405,7.020519852335134,8.807483498979304,-0.15928376945912542,-0.06496746762917582,5.734667658236554,3.0198831265982586,-0.21339953095269074,-0.23069761715738046,3.93443622518851,5.199487202959608,-0.1458149038231332,-0.0569880735590798,5.1023318948645295,8.717084215603894,-0.27441380314372715,-0.22401112251548774,8.038435092568422,2.9760348648828807,0.2613356959455917,-0.09338599509645673
243,1.9313224833258784,1.4983380078876092,-0.4888537791634938,-0.6441797801271885,5.791213670136388,6.770412455059032,0.06721339169012262,0.18161401165429114,7.1981657160871455,4.984552739344428,-0.1160980453336171,-0.05703434313827018,1.8899631617369959,8.223130667490253,-0.11202826069445221,0.0015266595697599585,7.713119106154355,1.0295550091477081,-0.46593877012560553,0.14673988009142952,2.232598480962686,4.011547451571387,-0.09597570075877053,0.604424486701729,2.932012484946809,5.077080340401222,0.058712938960848206,0.544335021356511,2.8370779396170036,5.024154006518948,0.12505158816970105,0.14492938088313148,2.036696287153178,2.5279486494224153,0.3253128825321301,-0.5672707851202938,8.997812638860804,0.9514684263386194,-0.004182176079863869,0.12183791457930337,4.429695714892437,2.9447008337088514,0.13233888116311715,0.14141650718111048,6.26153861630456,6.066582451210403,0.02624382449368725,0.012839651425870796,6.984839725785796,3.0330573050904395,-0.0003771992264999589,-0.2227360636248734,4.418286741898808,8.927887359074811,-0.3819265565208551,-0.1732711175515323,4.540480771813179,7.765290320962497,-0.40214629969192206,-0.18178760489531226,7.0125556638621775,8.804235125597845,-0.16316843624472321,-0.07061199135408942,5.723997681688919,3.0083482457403896,-0.19972198308062425,-0.22438037492243518,3.9271454799973533,5.196637799281654,-0.1406764816468913,-0.06241607745138231,5.088611204707343,8.70588365947812,-0.28136880241178214,-0.22872793235449798,8.051501877365702,2.9713655651280577,0.25024047758516765,-0.08966126172889444
244,1.9068797943677038,1.4661290188812497,-0.47733549448503465,-0.6378659830407112,5.794574339720894,6.779493155641746,0.04888419601188852,0.16639600408974647,7.192360813820464,4.981701022187515,-0.11393851336031474,-0.05444786328070621,1.8843617487022732,8.22320700046874,-0.10707174593360035,0.001530665498109174,7.689822167648075,1.0368920031522797,-0.46816067817340085,0.16039303923297005,2.2277996959247472,4.041768675906473,-0.07307399883158547,0.5850869294455072,2.934948131894852,5.104297091469048,0.05108166390305554,0.5415887036346076,2.8433305190254887,5.031400475563105,0.07436294590628857,0.11102289723292397,2.0529619312797847,2.4995851101664006,0.3780591367378338,-0.5717820308329318,8.99760353005681,0.9575603220675846,0.00016898347783628805,0.12496156136760246,4.436312658950594,2.951771659067907,0.1091626298112838,0.13426041152733814,6.262850807529245,6.067224433781696,0.034132579695980644,0.008768873607310195,6.984820865824471,3.0219205019091957,-0.00495589653539793,-0.22428928141216897,4.399190414072765,8.919223803197234,-0.3898778057030794,-0.18787545208474687,4.520373456828583,7.756200940717731,-0.4090431427080697,-0.19708275428124136,7.004397242049941,8.80070452603014,-0.16642499449908438,-0.07626122831628863,5.714011582534888,2.997129226994268,-0.18602803350043168,-0.21738411061374416,3.920111655915009,5.193516995409085,-0.13543975949048587,-0.06861858260778013,5.074542764586754,8.694447262860395,-0.28606292784057796,-0.23385931745736607,8.06401390124496,2.966882502041613,0.23825622614559627,-0.08527593306351873
245,1.883013019643452,1.4342357197292142,-0.46413049968732806,-0.6292987787143199,5.797018549521488,6.787812955846234,0.03238765540586664,0.15151201201382636,7.186663888152449,4.97897862902348,-0.11199714984684504,-0.05252901635312299,1.8790081614055931,8.223283533743645,-0.1018275799021205,0.0012816571526914956,7.666414133739405,1.0449116551139281,-0.46901273662874887,0.1726008848314293,2.224145995983168,4.071023022378749,-0.0507637686956678,0.5651207860758325,2.9375022150900048,5.1313765266507785,0.04311562680846249,0.5403266472727237,2.847048666320803,5.036951620424751,0.0223844174066853,0.08259054588213967,2.0718648881166764,2.470996008624754,0.4285233198299511,-0.5763821202488396,8.997611979230703,0.9638084001359647,0.004132255378847755,0.12796919293025266,4.441770790441158,2.9584846796442736,0.08628062423896476,0.12686755802887928,6.2645574365140435,6.067662877462062,0.04179257525185833,0.004478723873886008,6.984573070997701,3.0107060378385873,-0.010108883851648732,-0.22572906858022473,4.3796965237876115,8.909830030592996,-0.39645743876019685,-0.20210176651021533,4.49992129969318,7.746346803003669,-0.41594480923009575,-0.2117744498521871,6.996075992324987,8.796891464614326,-0.1691275603628129,-0.08188700936065262,5.704710180859866,2.986260021463581,-0.172336666291474,-0.2097410405418085,3.9133396679404844,5.190086066278695,-0.1299207288747985,-0.07561841425446096,5.060239618194725,8.682754296987527,-0.28822894610308347,-0.23928219087986954,8.07592671255224,2.9626187053884374,0.22546118464407422,-0.0804715047692177
246,1.8598064946590855,1.4027707807934982,-0.44807582917465183,-0.6196781375423878,5.798637932291782,6.795388556446925,0.018619456319677367,0.13511190278235435,7.181064030660107,4.976352178205824,-0.11075538039147176,-0.05099391744651655,1.8739167824104872,8.223347616601279,-0.09661712178737727,0.0011689583085231605,7.642963496907967,1.0535416993554996,-0.4687850647671003,0.18308047289300042,2.2216078075483847,4.099279061682541,-0.030197212838009413,0.5450150441577455,2.939657996430428,5.158392859014414,0.035984722312746395,0.5371502505600629,2.848167887191137,5.041081147718858,-0.03391269410454517,0.058518341351900566,2.0932910541081737,2.4421769026123124,0.4706052957668408,-0.5792719108210657,8.997818591999645,0.9702068597824773,0.00775862580884043,0.13069207075306905,4.446084821653106,2.9648280575457178,0.06631850120258018,0.11846407425064098,6.266647065276636,6.067886813655756,0.049111396801273924,0.00029466333011044996,6.9840676268051185,2.999419584409576,-0.015729160407067698,-0.22705102854143044,4.359873651849601,8.899724942267484,-0.40158563650468554,-0.21561414693137698,4.479124059231675,7.73575808051106,-0.4226037045438355,-0.2245007642180509,6.987619614306846,8.792797114146294,-0.17120088669717015,-0.0874368809096629,5.696093347545292,2.9757729694364903,-0.15861192495179047,-0.2014821449658083,3.9068436314967445,5.1863051455659726,-0.12420565560221263,-0.08323889267591063,5.045828170889571,8.670790187443533,-0.28783539935790237,-0.24462904155819423,8.087199771784444,2.9585951301499764,0.21169585105118252,-0.07558996743608687
247,1.837402703200353,1.3717868739163788,-0.4348580864335439,-0.6016571574822872,5.7995689051077655,6.802144151586043,0.006845487086641325,0.11624499125185966,7.175526261640533,4.973802482333498,-0.11008493859260596,-0.04935538706549267,1.8690859263211184,8.223406064516706,-0.09147080758363811,0.00119334790779847,7.619524243669612,1.0626957230001497,-0.4676749934507389,0.19247029060769158,2.2200979469064843,4.1265298138904285,-0.011255810402706679,0.5247248780181428,2.9414572325460653,5.185250371542417,0.029641639229116785,0.5323000630349097,2.84647225248591,5.044007064786452,-0.09234113062226063,0.04093270765677498,2.1168213188965157,2.413213307071259,0.5056180535450086,-0.5822270608665202,8.998206523290087,0.9767414633201308,0.011075626153236068,0.133019587986858,4.449400746713235,2.9707512612582496,0.03845623549651786,0.1126747849996711,6.2691026351167,6.067901546822261,0.05605551822165738,-0.0036341637917433785,6.983281168784765,2.9880670329825043,-0.021697361194969577,-0.2282565405845191,4.339794370024367,8.888944234920915,-0.4050702540508863,-0.22733130474230342,4.457993874004483,7.724533042300157,-0.4290886347611016,-0.2346120164365358,6.979059569971987,8.788425270100811,-0.17271735738277139,-0.09278118050919121,5.688162751297702,2.9656988621881997,-0.14490680993151536,-0.19264172710386981,3.900633348716634,5.182143200932177,-0.11822920329629966,-0.09121999856976096,5.031436400921676,8.658558735365624,-0.284853808505761,-0.2494921651539088,8.097784564337003,2.954815631778172,0.19719765748915172,-0.07104373603214
248,1.8156597988786758,1.3417040160422644,-0.420457972314491,-0.5826566540614574,5.799911179462097,6.807956401148636,-0.003101072282922732,0.09450981778803826,7.170022014710902,4.971334712980223,-0.10948592495112933,-0.04740296949812035,1.8645123859419364,8.223465731912096,-0.08639586472661105,0.0013414491868448566,7.5961404939970745,1.0723192375305344,-0.46572897146175096,0.20108609507131653,2.219535156386349,4.152766057791336,0.005611737824603502,0.5042754467775842,2.9429393145075213,5.211865374694162,0.02406480775421654,0.526636552250403,2.8418551959547966,5.046053700169291,-0.15091981852852587,0.039897771068517426,2.142102221573766,2.384101954027933,0.5393344609632595,-0.5864242571564172,8.998760304597749,0.9833924427194737,0.014119134310370124,0.13490299250254165,4.451323558488061,2.976385000508233,0.012484837738987647,0.10693254094976437,6.271905411027783,6.067719838632674,0.06235967053155194,-0.00808558320483313,6.9821963007250165,2.9766542059532783,-0.02794769498098032,-0.228484763486452,4.319540857321822,8.8775776696838,-0.406778498210704,-0.23729889635583454,4.436539442266428,7.71280244147833,-0.4337417581547564,-0.24664279377170273,6.970423702102849,8.783786211075352,-0.17373679089605512,-0.09784749745653218,5.680917410801126,2.956066775833006,-0.13123783916783205,-0.18330109886733761,3.894721888551819,5.1775822010036885,-0.11176009811222144,-0.09991363179830137,5.017193710496388,8.646084127107928,-0.2797482776626223,-0.2528494451996566,8.10764444721146,2.951263444976565,0.1821386825674484,-0.06678420893002722
249,1.7946369002629512,1.3125711833391915,-0.40420344444765066,-0.5626794510499447,5.799756125847951,6.812681892038038,-0.01267480459941672,0.07265345019999504,7.1645477184633455,4.968964564505317,-0.10873627509861505,-0.04529279389598231,1.8601925927056058,8.22353280437144,-0.08139837214500514,0.0016164491155055475,7.572854045423987,1.0823735422841,-0.46277364316115566,0.20873693609881477,2.219815743277579,4.177979830130215,0.01850191429965157,0.4816272314836999,2.9441425548952322,5.238197202306682,0.01813041993623768,0.5205915195852695,2.8343092050283705,5.048048588722717,-0.20120809639298204,0.05432300109476254,2.169068944621929,2.354780741170112,0.5586624323024854,-0.5849919123733197,8.999466261313268,0.9901375923446007,0.01719132086980883,0.13601095390761028,4.45194780037501,2.981731627555721,-0.011471057267669001,0.10097066644984734,6.275023394554361,6.067315559472433,0.0681644741264988,-0.013208392689434151,6.980798915975967,2.9652299677789555,-0.03396166394043104,-0.2276170151328217,4.299201932411287,8.86571272486601,-0.4068340426615831,-0.24506847207089955,4.41485235435869,7.700470301789745,-0.43785668662381827,-0.25585786556907364,6.9617368625580465,8.778893836202526,-0.17429387490510645,-0.10255151204095429,5.674355518842735,2.946901720889639,-0.11757325232577195,-0.17351080574003927,3.889133883646208,5.172586519413773,-0.10576354637503214,-0.10839081671980444,5.003206296613256,8.633441654847944,-0.27291734546266727,-0.25472250253527173,8.116751381339832,2.9479242345300634,0.1665962200993011,-0.06277550115336153
250,1.7744267280405686,1.2844372107866944,-0.3863717270161054,-0.5416512601987331,5.79912238561798,6.816314564548037,-0.022052164943349828,0.0512474493474102,7.159110904708415,4.966699924810518,-0.10794645059793509,-0.04306039934226136,1.8561226740983554,8.223613626827214,-0.07648298272640315,0.0019934568057638716,7.549715363265929,1.0928103890890408,-0.4589078777534742,0.21534654358673172,2.220740838992562,4.2020611917043995,0.02698145583979744,0.4570000913193246,2.9450490758920442,5.264226778285946,0.011982662391124116,0.5142231350749908,2.8242488002087214,5.050764738777455,-0.24196960891091113,0.07118726957649396,2.197002066237053,2.325531145551446,0.5689193888201818,-0.5828709878185545,9.000325827356757,0.9969381400399813,0.020211912158613836,0.1363626150952069,4.451374247511627,2.9867801608782134,-0.03415058884191827,0.09471389387208473,6.278431618260686,6.066655139837961,0.0737664069799591,-0.0187624477394496,6.979100832778945,2.9538491170223145,-0.03953841643917696,-0.22572296261987795,4.278860230278208,8.853459301262465,-0.40492115563968384,-0.25114025232037596,4.392959520027499,7.687677408511291,-0.4408845403660601,-0.2630615249843187,6.953022168812791,8.773766260600478,-0.1746298323875636,-0.10677350833342618,5.668476856226446,2.938226180602637,-0.10396738499951234,-0.16338385142294637,3.8838457063274565,5.167166978577783,-0.10024224482237883,-0.11680727046874587,4.989560429340123,8.62070552972118,-0.26455440699897936,-0.2551960862577588,8.125081192344796,2.9447854594723952,0.15063720610079265,-0.058938416010629865
251,1.7551081416897634,1.2573546477767577,-0.36831528070224734,-0.5176385604754894,5.798019777370812,6.818876937015408,-0.031067504556310646,0.030441023537549967,7.1537135821785185,4.964546904843405,-0.10695435121595182,-0.04084232163795094,1.8522985249620352,8.223713299667503,-0.07169257456214038,0.0025038645571899723,7.526769969378256,1.1035777162683773,-0.45416930514106935,0.22109339731085376,2.222089911784552,4.224911196270366,0.031054120145365183,0.4320991065552255,2.9456482090116003,5.289937935039696,0.002341696035323486,0.5032742274910389,2.812150319763176,5.05432410225628,-0.28054079974495655,0.08253250483483479,2.2254480356780624,2.296387596160518,0.6517063959136113,-0.5908714428702151,9.001336422964688,1.0037562707947416,0.023071962807064687,0.13597296884538362,4.449666718069531,2.9915158555718175,-0.05598084214496926,0.08808649663287652,6.282119938609684,6.0657170174509885,0.07881904540638218,-0.025357109362689118,6.977123911956986,2.9425629688913206,-0.044497867473842066,-0.22306300383261551,4.258614172496224,8.840902288646445,-0.4009230239621755,-0.2562280682905584,4.370915293009196,7.6745243322620755,-0.4424244893212384,-0.2690258734495229,6.944290677193413,8.768427585183806,-0.17489767517208757,-0.11039255745039529,5.663278486976471,2.93005698803149,-0.09069421589922777,-0.15299845807162993,3.8788335940863377,5.161326615054346,-0.0950456950789649,-0.1253672231450421,4.976332708990173,8.607945725408293,-0.2550406950696581,-0.25434616118303244,8.132613052649836,2.9418385386718637,0.1343680438035438,-0.05563205062497828
252,1.736692377654651,1.2314727197529831,-0.35752985152257893,-0.4956231021300762,5.796466402142997,6.820398988192285,-0.038784772725236887,0.011883695551786418,7.148365864617721,4.962504788761508,-0.10569176595597782,-0.03872826353826384,1.8487138962339282,8.223838492895363,-0.06709942536205855,0.003224618590144546,7.504061504121203,1.11463238613392,-0.44850695143172925,0.22616577903080062,2.2236426177918203,4.246516151598127,0.022323575995489543,0.4076186996152421,2.9457652938133663,5.315101646414248,-0.00580825268084015,0.4917560247689663,2.798123279775928,5.0584507274980215,-0.31144342387520557,0.0980378187081258,2.258033355473743,2.2668440240170074,0.7240245504870519,-0.5980728723266875,9.002490021105041,1.0105549192370107,0.025774039540177023,0.13495823897676298,4.446867675962282,2.9959201804034614,-0.07688376638460473,0.08112493712860597,6.2860608908800035,6.064449161982854,0.08354022203068028,-0.032554010356274705,6.974899018583294,2.9314098186996898,-0.04844101312148706,-0.21942114066532958,4.238568021298115,8.828090885231918,-0.3962630125067588,-0.2611981367751031,4.348794068543134,7.661073038589599,-0.4423127138484782,-0.2750856001497096,6.935545793434809,8.762907957311286,-0.17510632905423346,-0.1133340014077837,5.65874377618151,2.9224070651279086,-0.07793679982972017,-0.14240725509731048,3.8740813093323894,5.155058253897094,-0.08997022546588965,-0.13377770897892538,4.963580674236691,8.59522841734914,-0.24470237523161106,-0.25226349815360016,8.139331454840013,2.9390569361406147,0.1176371854179809,-0.05331273201007817
253,1.718815885078522,1.2066915646464793,-0.3456276697183988,-0.47313317889132195,5.794527163506735,6.8209931729698745,-0.044961174772513386,-0.004407770803537374,7.143081276319922,4.960568375584595,-0.10373982503949919,-0.03660809521742921,1.8453589249658253,8.22399972382487,-0.06270716579408256,0.004145715336023004,7.481636156549616,1.1259406750854601,-0.44202519888708774,0.23061370300400333,2.224758796591595,4.266897086578889,0.012658371410891002,0.3827352728893777,2.945474881179324,5.339689447652696,-0.012015249792279855,0.48036786671580656,2.782551108582168,5.063352618433428,-0.3380768891652752,0.10737331647485898,2.2942345829980955,2.236940380400673,0.7862012131705389,-0.6034885008046185,9.00377872308205,1.0173028311858487,0.02723516619551722,0.1331585495571954,4.443023487643051,2.9999764272598917,-0.09613601151275948,0.07388009611922754,6.290237901981538,6.062821461465041,0.08816529510597478,-0.03954074090203391,6.97247696792722,2.920438761666423,-0.051648035445691506,-0.21498688105694164,4.218754870672777,8.815030978393162,-0.39126382678071225,-0.2657912680937915,4.32667843285071,7.647318758582114,-0.44099278351855936,-0.28172750217922393,6.926790476982097,8.757241257240898,-0.17519922848105135,-0.11561660691426344,5.654846936190023,2.915286702373043,-0.06556670070242754,-0.13164793647734396,3.8695827980590947,5.148369368448147,-0.08511496521293707,-0.1420135412826878,4.95134555547511,8.582615242441461,-0.23313317626558475,-0.24971608895442193,8.145213314110912,2.936391299540111,0.10046478178438639,-0.05143515831876967
254,1.701534501592602,1.1830349057019132,-0.33282025280250527,-0.44969172114290884,5.7922791047681095,6.820772784429698,-0.04964806494249153,-0.018683771660890587,7.137894285067947,4.958737970823724,-0.10053415946602144,-0.03447553918876509,1.842223566676121,8.224207009591671,-0.058521761165567315,0.005266517444221408,7.459534896605262,1.1374713602356603,-0.43467346067259494,0.23416404361176565,2.2253917151621394,4.286033850223358,0.002263772867247049,0.357523026709797,2.94487411868971,5.363707840988487,-0.015515814561190264,0.4675773968905388,2.765647264123904,5.068721284257171,-0.35952060634695776,0.10915052488506244,2.3335446436566225,2.206765955360442,0.8556266112818823,-0.606214812227503,9.005140481391825,1.0239607586637085,0.02812380774665419,0.13127573102967569,4.438216687067413,3.003670432065853,-0.11427861783075646,0.06690906394678606,6.294646166736836,6.0608444244199395,0.09271580873111973,-0.04655872141799079,6.969894566154935,2.909689417613576,-0.054332132810236376,-0.2101151255910765,4.199191679333741,8.801741414988472,-0.3858592817864772,-0.2701667273475795,4.304628793674782,7.633232383473152,-0.4380557605494327,-0.289738697987873,6.918030515558044,8.751460426895184,-0.1752151194518775,-0.11726200598553962,5.651568601154902,2.9087043055491755,-0.053606745606182726,-0.1207651825985121,3.8653270497984478,5.141268691384013,-0.08086285479127951,-0.1501906130924565,4.939688896661831,8.57012943799374,-0.2205741125329607,-0.24624175469956106,8.15023655320013,2.9338195416241724,0.08342518624004816,-0.0499381678280649
255,1.6848934889524767,1.1605503196447677,-0.3195320707823179,-0.42407445246138264,5.789796701520985,6.819838595846654,-0.05200927612317848,-0.030823669454422005,7.132867577094646,4.9570141938642855,-0.09613585151671686,-0.03233319458731274,1.8392974786178427,8.224470335463883,-0.054553227292009274,0.006594241919634969,7.437801223571632,1.1491795624162486,-0.42641971642801946,0.23668933203715162,2.225504903805502,4.303910001558848,-0.009006608643010672,0.3318101283361932,2.9440983279616506,5.387086710833014,-0.016137034285606998,0.45292393769921646,2.7476712338065563,5.074178810501424,-0.37778787577950246,0.09812997549832271,2.3763259742207166,2.1764552147490672,0.9217637641921149,-0.6065295883379658,9.006546671779157,1.0305245452151923,0.028752440426235832,0.12923133772121498,4.432502756175875,3.007015885263192,-0.1304918426589997,0.06055807281691088,6.299281957173392,6.05851648834904,0.09699906332473049,-0.05392795955618965,6.967177959514424,2.899183661334022,-0.05660881082105772,-0.2046535251682173,4.179898715244417,8.788233078621094,-0.3797868101231214,-0.27438441571435024,4.28272600564731,7.618745448573759,-0.43670947081041994,-0.29922851739533607,6.909269759585451,8.745597326595908,-0.17523912410497372,-0.11821931422949977,5.648888263874593,2.9026660464192497,-0.04207106382202974,-0.10981493689028494,3.861283907058884,5.13375916072939,-0.07724077068030424,-0.1583576236381871,4.928660191035183,8.557817350258762,-0.2075894910081499,-0.24234556708118624,8.154407812512133,2.931322633232769,0.06658135619101023,-0.04874151173133824
256,1.668916885413361,1.1393465970216985,-0.30485744151128746,-0.3984427952186077,5.787196237714826,6.818297412373933,-0.05065909978879738,-0.03960095929202081,7.12806078451881,4.95539753413492,-0.09059675201713362,-0.030189688626609847,1.836569817253242,8.224800047559864,-0.05080618539602367,0.00814958796527806,7.416480237750231,1.1610140290181061,-0.4167978041870374,0.2381032634553619,2.2250545733733516,4.320500507975658,-0.021129566051438863,0.30538403952622617,2.9432914762473703,5.4097329077179745,-0.015934388924183505,0.4380242919534622,2.7287818400175814,5.079085309276341,-0.38914570326411013,0.09076092585981296,2.4224141624303224,2.146128735332169,0.9831878407492743,-0.6059529248084654,9.007984293800469,1.0369861121012531,0.029093670684581435,0.12705285333351918,4.425978164042925,3.0100437889040377,-0.1442151043133767,0.05483621430057539,6.3041319103396285,6.055820090371231,0.10094686074237118,-0.06182143023094284,6.964347518973371,2.888950985075611,-0.05852308923888341,-0.19888735618642675,4.160909374738261,8.774513857835377,-0.3729848129979726,-0.278513722313848,4.26089053210679,7.603784022703993,-0.43538819341552915,-0.30806783182628816,6.900507803380202,8.739686360884432,-0.17552504497825805,-0.11855986934882798,5.646784710683491,2.8971752995747355,-0.031088514631508503,-0.09851619921533339,3.8574218685248685,5.125841279547481,-0.07439070008456297,-0.16532703679946487,4.918280716484776,8.545700071904703,-0.19599349230371646,-0.23903670686862177,8.157736880321684,2.9288855576462023,0.04997874017891382,-0.047763379673403245
257,1.6536740133377965,1.1194244572607681,-0.28917307975543954,-0.37243480318941763,5.784663282725386,6.816317364409332,-0.045907845543158535,-0.045764939731326115,7.1235309469179535,4.95388804970359,-0.08420722424923696,-0.027892412181876703,1.834029507983441,8.225207526958128,-0.0470722833439788,0.009819371296731862,7.395640347540879,1.1729191921908741,-0.40610254342386903,0.2385391020708837,2.2239980950707796,4.335769709951969,-0.03524003437943798,0.2795254316380044,2.9424947568011612,5.431634122315647,-0.015746369052471773,0.42235167976321564,2.709324554854376,5.0836233555693315,-0.3937502548327375,0.08152569204628872,2.471573554467786,2.1158310890917456,1.0374078555598365,-0.6087686774711837,9.009438977334698,1.0433387547679291,0.0290683949624354,0.12480669569479055,4.4187674088272555,3.0127855996190664,-0.1553600716905625,0.04990969408709063,6.3091792533767475,6.052729018859684,0.10456028541604767,-0.07032620167216408,6.961421364511427,2.87900661726629,-0.06018003428864614,-0.19286179226092207,4.142260134088362,8.760588171719684,-0.3654206184975263,-0.2825386090262799,4.239121122436013,7.5883806311126785,-0.4340545271952218,-0.3162905570686645,6.891731551131289,8.733758367416991,-0.17569469581603708,-0.11820414535963186,5.645230284951915,2.892249489613969,-0.020712408428906114,-0.08684823013750784,3.85370233352064,5.1175749277075075,-0.07421035766362734,-0.17174454522279325,4.90848104186959,8.533748236561271,-0.1858537483199709,-0.23614023051789707,8.16023581733063,2.9264973886625323,0.03382804956373667,-0.046891753665101274
258,1.6392153593500245,1.1008027171012973,-0.27294792803777673,-0.3456879877463787,5.782367890448229,6.814029117422765,-0.038379603074324614,-0.050283890089359295,7.119320585705491,4.9524934290944955,-0.07715669959723272,-0.025411554921351477,1.831675893816242,8.225698495522964,-0.04335074329526035,0.0115917815330309,7.375335220369686,1.1848461472944183,-0.39454103196690266,0.2382162137682669,2.2222360933518077,4.34974598153387,-0.051123204447701985,0.2534251537373086,2.9417074383485375,5.4527517063038085,-0.015399529624523775,0.4063468402236877,2.689637042112739,5.087699640171646,-0.3915726948758293,0.06903010949552463,2.523443947245778,2.0853926552181865,1.0860960705771552,-0.6097125836107661,9.01089239708282,1.0495790895526687,0.028804690975433027,0.12248675272123642,4.410999405242728,3.015281084323421,-0.16596128973532034,0.04443881657380118,6.31440726764755,6.049212708776076,0.10793429462293873,-0.07928897296866524,6.958412362796994,2.869363527653244,-0.06173750253904001,-0.18666549269310342,4.123989103163486,8.74646124126837,-0.3571164502135869,-0.28636441548010394,4.217418396076252,7.572566103259245,-0.43270636996818246,-0.32393116844900316,6.882946816340487,8.727848160149009,-0.17568000587880317,-0.1171214876163865,5.6441946645304695,2.8879070781070935,-0.010919897263764054,-0.07490642689077132,3.8499918156374586,5.1089877004463675,-0.07511729188024588,-0.17846788358834806,4.8991883544535915,8.521941225035377,-0.17684710949503116,-0.2336035263129205,8.161927219808817,2.9241528009792774,0.0180632632606933,-0.04617935843851839
259,1.6255679629481357,1.0835183177139784,-0.25586976232780434,-0.31884657675184896,5.7804489102945125,6.811514922918297,-0.029268882618678098,-0.05385975601371766,7.11546275072563,4.951222851348428,-0.06951999604641713,-0.022806136619232698,1.8295083566514792,8.226278084599615,-0.036749141456194796,0.011040963229430946,7.355608168771341,1.1967569579828317,-0.38215801353285495,0.23720906486540363,2.219679933129423,4.362417239220735,-0.06784317604489666,0.22738961244130337,2.9409374618673114,5.473069048314993,-0.007143551695885316,0.39787672590317114,2.6700584073689475,5.091151145646422,-0.3628123987694908,0.039222190231684904,2.577748750774636,2.054907026037648,1.136757270862113,-0.6021509565803934,9.012332631631592,1.0557034271887304,0.02849575302351061,0.12008833203719683,4.402701340755962,3.017503025152111,-0.1756914976553948,0.038518585231485505,6.319803982378697,6.045248260127643,0.11110228521804104,-0.0885041863270675,6.955325487670042,2.860030253018589,-0.0633370416103615,-0.18050890546492446,4.106133280652807,8.732143020494366,-0.3480820728770848,-0.2902250966115861,4.195783077577843,7.5563695448367945,-0.43100900887144267,-0.3308887970269508,6.874162816046547,8.72199208576819,-0.17548841159105005,-0.11532642314472445,5.643648669667281,2.884161756762555,-0.0012048274333464198,-0.06369906015602819,3.8462359510434463,5.10006430626695,-0.07677053436398096,-0.18545760330704275,4.89034599897884,8.51026104871973,-0.16867158591591053,-0.2314087184481949,8.162830382971851,2.9218438330573515,0.002546152138085114,-0.0457038693231759
260,1.6127744748317454,1.067575988876386,-0.2370552954341314,-0.2916585826293438,5.778985466163578,6.808821935117611,-0.01808375065161038,-0.0563911066040063,7.111986750923309,4.950082544517466,-0.06150133550106801,-0.020083479333601995,1.8276708995786695,8.226830132761087,-0.029557703228302874,0.01068930599995527,7.3365002680946985,1.208617411226102,-0.3689526178939122,0.23563963861941623,2.216287774327178,4.3737867198428,-0.08487838170714718,0.20173190796876156,2.9405802842825173,5.492962884610151,0.0014390611762384025,0.38781165908874854,2.651917787430473,5.093112255158006,-0.33392045090400463,0.007047811598185759,2.6345866143177417,2.0247994782086285,1.1839334024682149,-0.5913808234426905,9.013757419282769,1.0617078437905902,0.028141046154981288,0.1176177170898182,4.3939167658731915,3.0194289544136854,-0.18353381338882757,0.03259738419610514,6.325359096639599,6.04082305081129,0.11405940016786346,-0.098066554272977,6.952158635589524,2.8510048077453427,-0.06492691876876489,-0.17439210806242336,4.088729177008952,8.717631765663787,-0.3383945806256886,-0.2942661183013587,4.174232627134272,7.539825104985447,-0.429167548330552,-0.3360353850395269,6.8653883954669945,8.716225764610954,-0.1751224208182067,-0.11283602876850614,5.643588428295614,2.880976803754754,0.008573338383914324,-0.05359200261441938,3.8423974243252474,5.090791426101598,-0.07808236442267484,-0.19275380787399832,4.881912419683045,8.49869061279732,-0.16103893995128804,-0.22955235041311686,8.162957690578756,2.9195586395911928,-0.012713919914393678,-0.04535884883806532
261,1.6009217100600388,1.0529930597449189,-0.21820049556745508,-0.2630714380160778,5.778081278630998,6.806002379787411,-0.004920806930792812,-0.05790475566160322,7.108911684148256,4.949078370550786,-0.05317194402157582,-0.017253031518243356,1.8261930144172542,8.227364598061085,-0.02165707627088634,0.01022075290948722,7.318052637200003,1.2203993931570727,-0.35494438345263185,0.23356528354614303,2.2120438552418205,4.383873315241239,-0.102157082774118,0.17689437979960643,2.9406522373413293,5.512353467564588,0.010111706864295349,0.37736369129123076,2.6352217648852725,5.093464645737916,-0.3061023403187919,-0.025342058687802094,2.6937832844411522,1.995230437036494,1.2299326493039235,-0.5746717282030512,9.015164471590518,1.0675887296450812,0.027738565418606434,0.11508337173865864,4.38474007520375,3.0210588236234908,-0.18943786020744158,0.026713997092428343,6.331062066647992,6.035919723097641,0.11741843333522568,-0.10655511697610963,6.948912289651085,2.8422852023422216,-0.06643515581774846,-0.16829418372563232,4.071809447977667,8.70291845974872,-0.32774194910446364,-0.29805524778207826,4.152774249717744,7.523023335733471,-0.42708179517281714,-0.33847171539523074,6.856632274426084,8.710583963172528,-0.17465456272720994,-0.10967257296928415,5.64401709521481,2.878297203624033,0.0174701407496942,-0.04386823199598066,3.8384933061041138,5.081153735707898,-0.07839955650031157,-0.20012880903628888,4.87386047268548,8.487212995276664,-0.15392354607425862,-0.2281267150641114,8.162321994583035,2.9172906971492893,-0.02745918963017966,-0.04481184159957295
262,1.5900116852816661,1.039839487844115,-0.19941346171154,-0.2342494749442547,5.7778352382844576,6.803107142004331,0.008860122217404362,-0.05914146291312218,7.106253086947177,4.948215718974874,-0.044613724350326435,-0.014384953800521894,1.82511016060371,8.227875635706559,-0.013140301199265398,0.009626456370284886,7.300305418027371,1.23207765733438,-0.3403508954746503,0.23105968588768766,2.2069360011031147,4.392718034231219,-0.11938917002864223,0.1529807102134248,2.941157822684544,5.531221652129149,0.017988442044911727,0.36637329812945707,2.6199166478693328,5.092197542803525,-0.2794466126938987,-0.057515981345768706,2.7552799169063484,1.9664968506263414,1.2789749695553885,-0.550778783151858,9.016551399861449,1.0733428982320141,0.027291341338043843,0.11249416180209944,4.375268182193378,3.022394523478112,-0.1932772628532679,0.02087949809092535,6.336932988314754,6.030591967248836,0.12124783059636841,-0.11385224317988503,6.945590531860198,2.83387049315594,-0.06754240746188299,-0.16202070024064888,4.055422350522444,8.688015697359615,-0.3161840139261838,-0.30118220244189786,4.131420159959103,7.506099749963709,-0.42311889133048713,-0.33897742155090343,6.847899546289724,8.705100334524063,-0.17407232704817951,-0.10594717799016484,5.644890602252294,2.876103792024234,0.02547351866412291,-0.0345342534026312,3.8345733282790984,5.071147295256083,-0.0778721969550807,-0.20661632236984792,4.8661642953817665,8.475806659523458,-0.1474092695101374,-0.22712928656122391,8.160949035101526,2.9150501050693105,-0.041607331073909064,-0.04396961856253868
263,1.580041012196089,1.0281270140969023,-0.18109172704471566,-0.20595228010573083,5.778278244395327,6.800150068858675,0.022943790806996343,-0.0602718660257423,7.104022400729661,4.947496471284848,-0.035847788452499287,-0.011492427375100657,1.8244531455437467,8.228356958525072,-0.004633277447529709,0.00873089444049272,7.283287873253638,1.2436306416287644,-0.3254207992059964,0.22819499557643458,2.2009665426016825,4.400367069741891,-0.13582816086001737,0.13107790166640484,2.9420572447867896,5.549540317035622,0.0252355189735273,0.35492125283779485,2.6059443172346377,5.089321743736237,-0.2531849820395637,-0.08907030776083066,2.819228665384118,1.9389579114687485,1.3258703632845983,-0.5225773461553981,9.017915966928351,1.0789676063221192,0.026857071954494154,0.10986378293739388,4.365604319050714,3.0234384983826583,-0.19516740101743055,0.015071232956233159,6.342995379844572,6.0248993550898415,0.12547891920487175,-0.11978948121747124,6.942213411487104,2.825769458143908,-0.06826075332749025,-0.15554643552950728,4.039613149826135,8.67295658723752,-0.30396054371515474,-0.3033015731780796,4.110264215392579,7.489150878886163,-0.41740016056788626,-0.33762564436614884,6.839195929937315,8.699802975624555,-0.17323265332042873,-0.10166535428055772,5.6461642781855,2.8743770793541024,0.032402479643107746,-0.025612639858405506,3.830679718431344,5.060816479137591,-0.07672077491640635,-0.2124759618654591,4.85879383190626,8.464450195195397,-0.1415933094158047,-0.2264180554878593,8.15886866854783,2.9128516241411835,-0.05506483945909049,-0.04277434231333857
264,1.5709864258438533,1.0178294000916157,-0.1631218430663488,-0.1781424396649807,5.779425433935677,6.797136475557387,0.0365197202103014,-0.06156730396893263,7.102230011307036,4.946921849916093,-0.026901304125183004,-0.00852832396694283,1.8242214816713702,8.228793503247097,0.0025850968643942717,0.007169217450251907,7.267016833293338,1.255040391407586,-0.3102045782906789,0.22575904743551536,2.1941751345586815,4.406920964825211,-0.15114138833470686,0.11050726289057934,2.943319020735466,5.567286379677512,0.03187108353918587,0.3429998381048618,2.5932850681326594,5.084868228348196,-0.22719808409415965,-0.11984600976049498,2.885522183548348,1.9128290441609785,1.364205853511344,-0.49032656628822585,9.019258820526076,1.0844607954689889,0.026378743935113583,0.1071740985687239,4.355845948999843,3.02419206003047,-0.19490015092659307,0.009286578338923587,6.349269325804816,6.018909881028968,0.12956794722060452,-0.125637370029894,6.93880037382073,2.8179921363674327,-0.06863711307335035,-0.14880052413991798,4.024415122640377,8.657791508578615,-0.29142840489069183,-0.3042908161005943,4.089394207364185,7.472269596667856,-0.4100052939225501,-0.3349360467967428,6.830534297271293,8.694719707910528,-0.1718712284719914,-0.09680536104628094,5.647784402167655,2.873096447361182,0.023640234762908312,-0.011466845347564135,3.8268436796855236,5.050192681044318,-0.07568885497510024,-0.21796502773610177,4.851714166435469,8.453129292421004,-0.1364921908064955,-0.22602890363062475,8.156115426574877,2.9107129070255167,-0.06794013861480262,-0.04131164535500532
265,1.5628303336905358,1.0089222781083667,-0.14587448957218146,-0.15085984403052025,5.781251419946193,6.79405811035894,0.04937299246953678,-0.06315525980886459,7.100884946100777,4.946495433717746,-0.0177992248529128,-0.005329280469499631,1.82435073651459,8.229151964119609,0.008564530892662132,0.004980127533605426,7.251506604378804,1.2663283437793618,-0.29479453648159687,0.2240907147321038,2.1866180651419462,4.41244632796974,-0.1637177091021095,0.09167910630011761,2.944912574912425,5.584436371582755,0.03789053277319466,0.33065034653844216,2.5819251639279512,5.078875927860171,-0.2014583725711036,-0.14988939717351987,2.953732476223915,1.8883127158465673,1.3997625841393575,-0.45541520197128554,9.020577757722831,1.0898195003974251,0.025846423793321287,0.10443256374703477,4.346100941453513,3.0246563889474163,-0.1922284066246779,0.003362725269379748,6.3557477231658455,6.012628012527474,0.13318568354527247,-0.13141190899392713,6.935368518167062,2.8105521101604367,-0.06879336068916456,-0.14181797784022201,4.009843702395843,8.642576967773586,-0.2791312171451207,-0.30447265148982466,4.0688939426680575,7.45552279432802,-0.3997139440347022,-0.33432261837728694,6.821940735847694,8.689879439858213,-0.16691270950495898,-0.09016077606269368,5.648966413905801,2.872523105093804,0.020012534776808116,0.002302033231575575,3.8230592369367686,5.039294429657513,-0.0755307633405883,-0.22208042335656705,4.8448895568951444,8.441827847239471,-0.13197934917949372,-0.2260658185275432,8.152718419644136,2.908647324757766,-0.0802516880995324,-0.03975614694498902
266,1.5555366092119267,1.0013792859068407,-0.129484484818115,-0.12419077390589409,5.78372006956967,6.790900347368497,0.06150811071561527,-0.06513331910815477,7.099994984858132,4.946228969694271,-0.0085693949454955,-0.002001845214448971,1.824778963059223,8.22940097049629,0.013343490122250641,0.002190198955765098,7.236766877554724,1.277532879515967,-0.27897547269890494,0.22276893079086468,2.178432179686841,4.417030283284746,-0.17349759898372039,0.07469755524897778,2.946807101551085,5.600968888909677,0.04338076950257813,0.3179666748255668,2.571852245299396,5.071381458001495,-0.17595078537666087,-0.1791023607546051,3.0237206054308827,1.865541955748003,1.4320048703446493,-0.41930098314022324,9.021870078912498,1.095041128584777,0.025251284081226028,0.10164910264568161,4.336489521122279,3.024824525210885,-0.18826913121509864,-0.0021360956464384663,6.362407007343109,6.006057417077777,0.1363214332429577,-0.13713297439595806,6.9319288501326035,2.8034612112684254,-0.06872109750795499,-0.1346735468154322,3.995887141538587,8.627353335199095,-0.26667638405481536,-0.30426025431957154,4.048908245466323,7.438806663409156,-0.3881435097624129,-0.33313349928789215,6.813595100372446,8.685371401055079,-0.1615747961705893,-0.08331384225079068,5.649967040644642,2.872638206755383,0.016303276265145633,0.015227446482498732,3.8192826987697392,5.028190408489685,-0.0758693337416608,-0.2233699738509697,4.83829058943617,8.430524556313093,-0.12805227294408017,-0.22661735385639337,8.14870583523916,2.906659517410517,-0.09196881536307838,-0.03812770725779658
267,1.549062384971021,0.9951697472115459,-0.11377140852464653,-0.09793257349886589,5.786795475105451,6.78764368141309,0.07285532857345295,-0.06744038114544391,7.0995665151108565,4.946128877433549,0.0007604530459710216,0.0013546454422845421,1.8254461375653355,8.229510480444079,0.017063643245390975,-0.0011446570775600975,7.222818103919779,1.2886713260555103,-0.2627486520511884,0.2217315474319391,2.169757299737655,4.420765161047195,-0.18311881981082304,0.056366598253490566,2.9489761400262138,5.6168672226509555,0.048440697204528205,0.30507082845868444,2.563054706030563,5.062426339963765,-0.15093535075389627,-0.20709153369009092,3.095320848948115,1.8445769065909918,1.4511298591527142,-0.37976589087940016,9.02313264311656,1.100123583717061,0.02459890379357878,0.09884374801324439,4.327076064561524,3.0247177204285634,-0.18498668144810512,-0.007923317733821737,6.369223079005257,5.999200768357979,0.13903992919306052,-0.14241006119033445,6.928492795257206,2.796727533927654,-0.06847045364368097,-0.1273623650913607,3.9825533223358462,8.612140322483116,-0.2540982721678372,-0.30384479304198236,4.029501069978203,7.422149988444761,-0.37621425403845965,-0.33013784229837734,6.805516360563916,8.681205708942539,-0.155886403054592,-0.07633248059340962,5.650782204457899,2.873399579079508,0.012493531772972438,0.02728573061617145,3.815489232082656,5.017021909797137,-0.0760925065702159,-0.22381385061850076,4.831887975788966,8.419193688620274,-0.12477784521721536,-0.2276839010229495,8.144107394471005,2.904753132047627,-0.10313163731160667,-0.03645850991450673
268,1.5433738145447886,0.9902731185366026,-0.09817518564714409,-0.07182192140974693,5.790438241534123,6.784271662355818,0.08289743418859195,-0.0704246443345809,7.099604537763155,4.946196609705663,0.010312416256076918,0.004672428842700917,1.826299319727605,8.2294532475902,0.020241185112289513,-0.004897058176169068,7.209680671317219,1.2997579034271072,-0.24612715626785941,0.22120834209761844,2.1606013587471136,4.42358349095987,-0.19286828897185668,0.03699946815276348,2.95139817488644,5.63212076407389,0.053000369828400964,0.2919863110393462,2.5555079384928683,5.052071763279261,-0.12632493714296106,-0.2337779934698303,3.1678773419057507,1.8255886120470217,1.4611890381399921,-0.3390082518457699,9.02436258830624,1.1050657711177234,0.023925938296800293,0.09604528963820767,4.317826730489119,3.0243215545418725,-0.1814805071370633,-0.01380480121415602,6.376175075464911,5.992080265298463,0.14149814227650653,-0.14591993545970072,6.925069272575022,2.7903594156730858,-0.06806860210883753,-0.11996442657164444,3.9698484087274544,8.596948082831016,-0.24122533633629042,-0.3034099051205447,4.01069035727628,7.405643096329842,-0.37850958420527636,-0.32147534504615144,6.797722040411187,8.677389084912868,-0.14993026699185072,-0.0692719445962573,5.651406881046547,2.8747638656103165,0.008771778637648914,0.03846702702434787,3.811684606754145,5.005831217266212,-0.0760230049467046,-0.22389231367811796,4.825649083528106,8.407809493569125,-0.12189545884572202,-0.2288669175280419,8.138950812605424,2.902930206551902,-0.11377963159146812,-0.034763089507747945
269,1.5384650552624315,0.9866820224661152,-0.08301143172039009,-0.0471680366412609,5.794583113243553,6.780750430139089,0.09183684195445728,-0.07381350999918222,7.100120158575959,4.946430231147798,0.020090304911739455,0.00794061335555454,1.8273113789832194,8.229208394681391,0.02304423285870942,-0.00903032177902189,7.197374313503826,1.310818320531988,-0.22919082279036232,0.22114310754385108,2.1509579442985207,4.425433464367508,-0.20247848591990814,0.016326383893730277,2.95404819337786,5.646720079625857,0.05700674557333982,0.27865360881985995,2.5491916916357202,5.040382863605769,-0.10219853261911158,-0.25910262122690275,3.2409367938127502,1.8086381994547331,1.4698688472429338,-0.29914139115931293,9.025558885221079,1.1098680355996338,0.02323707586873118,0.09326364610599112,4.308752705132266,3.0236313144811646,-0.1778053547756703,-0.01972657370906817,6.383249982578736,5.984784268525478,0.1437559634266306,-0.14802397103836884,6.92166584246958,2.7843611943445037,-0.06756328361618655,-0.11249589827112068,3.95778714191064,8.581777587574988,-0.22830678656021317,-0.30299883521515936,3.991764878066016,7.389569329077535,-0.38055791011644063,-0.31264938056551295,6.790225527061594,8.673925487683055,-0.14379090103566347,-0.06216647414752492,5.65184546997843,2.876687216961534,0.005326531449438426,0.04874177925380001,3.80788345650681,4.994636601582306,-0.07555562071263382,-0.22353837931838122,4.819554310585819,8.396366147692722,-0.11830266706489259,-0.23106915399415165,8.13326183102585,2.901192052076514,-0.1239398154980233,-0.03297067893289452
270,1.534314483676412,0.9843236206340522,-0.06827911111368157,-0.02407183283724479,5.799174955341275,6.77705975463913,0.10058526302741717,-0.07709610989537477,7.101124673821546,4.946827261815576,0.030055460930473434,0.011151119943775135,1.8284635906261548,8.22875687859244,0.028062821759275523,-0.015139843689570099,7.185914772364308,1.3218754759091806,-0.21222355748245902,0.22157612164426857,2.1408340200025253,4.426249783562194,-0.2113850425858055,-0.004949407632110485,2.956898530656527,5.66065276006685,0.060518907170949335,0.2651111623257575,2.5440817650047647,5.0274277325444245,-0.07893689910375361,-0.28303699150621486,3.3144302361748967,1.7936811298967674,1.4773668172253873,-0.25959061493306923,9.026720739014515,1.1145312179049334,0.022529786292200725,0.09051255628721547,4.299862437393482,3.0226449857957114,-0.17544369395244433,-0.025417307052430976,6.390437780750068,5.977383069973559,0.14572897961417924,-0.14908990204190958,6.918287678288771,2.7787363994309477,-0.06697755845773357,-0.10502929967097152,3.9463718025826293,8.566627645814231,-0.21562483146110734,-0.30209162225369424,3.9727369825601944,7.373936860049259,-0.3821209040899342,-0.30340280771337824,6.78303598200981,8.670817163975679,-0.13743757042348084,-0.05508185638376722,5.652111796550902,2.879124305924224,0.0013208515887273287,0.0582398866871191,3.8041056754711784,4.983459682616386,-0.07504407167195866,-0.22271678395878758,4.813639177232575,8.384812689993016,-0.11862921297393972,-0.23602530814690262,8.127064840250949,2.8995435181298697,-0.1337865162259629,-0.030888394579221063
271,1.530900528120728,0.98312002899219,-0.05391148152603127,-0.00248582297720603,5.804204218492646,6.773204949144361,0.10918980444835376,-0.08025694532540083,7.10262744686807,4.947384817812765,0.040190788210041156,0.014316907029665905,1.8298667317141186,8.227999886407963,0.03228200508504304,-0.021434299068817764,7.175303594490185,1.332954281991394,-0.19533431465456672,0.2221871740735721,2.130264767873235,4.426002313180589,-0.2193256627697502,-0.02628181761002339,2.9599244760150745,5.6739083181831385,0.06359288000708616,0.25144697930516574,2.540134920049577,5.013275882969114,-0.057254490651719614,-0.3062057311826904,3.388298577036166,1.780701599150114,1.4832979008373126,-0.2232203784864233,9.027847228329124,1.1190568457192942,0.021820067081337612,0.0877994141380651,4.29109025269586,3.02137412044309,-0.17569505083728149,-0.03069453466278063,6.397724229730777,5.969928574871464,0.1475122291413952,-0.14927251303658012,6.914938800365885,2.7734849344473993,-0.06633320803332465,-0.09757868852666725,3.935590561009574,8.551523064701547,-0.20301326199690065,-0.30161860226076154,3.9536309373556975,7.35876671966359,-0.3827453487981623,-0.29371837690554936,6.776164103488636,8.66806307115649,-0.13093342217862305,-0.04807368157693395,5.6521778391303386,2.88203630025858,-0.0039297353531109365,0.06780747749002705,3.8003534718875804,4.972323843418447,-0.07430160976707527,-0.22074244212668623,4.807707716583877,8.373011424585671,-0.11896507508896524,-0.2394267496464935,8.120375514439651,2.8979990984009087,-0.1433604258662751,-0.028526381157268337
272,1.5282049540444265,0.9829957378433297,-0.039862477507724536,0.0176769203527958,5.809663708715063,6.769192101878091,0.117726004673707,-0.08339221408810854,7.104636986278572,4.948100663164248,0.05047028571427547,0.017433980543233352,1.8314808319683709,8.226928171454523,0.03605375869422349,-0.027801256792912156,7.1655368787574565,1.3440636406950726,-0.17839386547634786,0.2226533469829362,2.1192984847347476,4.424688222300087,-0.22613551429696427,-0.04687830990052022,2.9631041200154287,5.6864806671483965,0.06412049324458635,0.23788886573018406,2.5372721955169912,4.99796559640998,-0.03700803110801462,-0.32863074943363263,3.462463472078032,1.7695405802257929,1.4881008025119016,-0.18856299096968748,9.02893823168319,1.1234468164261975,0.021398598167782466,0.08508548259990048,4.2823055001539965,3.019839393709951,-0.1798305175768168,-0.03755112219196306,6.405099841187846,5.962464949219635,0.1492548465547968,-0.14855606357656542,6.911622139964218,2.768606000021066,-0.06567189673471588,-0.09013708960465301,3.9254398979097287,8.536442134588508,-0.1906039117209073,-0.3019155312504625,3.9344936699157893,7.344080800818313,-0.382277246328122,-0.2836042889960893,6.769617432379705,8.665659387077644,-0.12430066946208176,-0.04116148216911802,5.651981352362683,2.885426674133081,-0.00941887200426927,0.07722353689463864,3.7966383913992265,4.9612867213121135,-0.07306501716136524,-0.21682882312994683,4.801759462829429,8.361040087103348,-0.11946832045756513,-0.24139933202398686,8.113207493146337,2.896572779343045,-0.1526388767725518,-0.02588831478350287
273,1.5262118301690402,0.9838795838609695,-0.026161096718444597,0.03640229916415521,5.815550008948748,6.765022491173686,0.12627375925944995,-0.08656047513928652,7.1071605005642855,4.94897236219141,0.060837801397449605,0.020424471672691305,1.8332835199030821,8.225538108614877,0.039387820123128026,-0.03422183858073679,7.156617185483639,1.3551963080442193,-0.16144522960016913,0.22295553035490479,2.1079917090198994,4.422344306805061,-0.23034167140014516,-0.06422894781327046,2.966310144677658,5.698375110434906,0.0591511187816242,0.22490295078458164,2.5354217939615906,4.981534058938299,-0.01805073211395029,-0.35009847089588236,3.5368685122036267,1.7601124306773084,1.4918265952672343,-0.1563758602002606,9.03000816159158,1.1277010905561926,0.021406795296555203,0.08240101661788057,4.273313974275156,3.0179618376003527,-0.18344450551438643,-0.044654184613046516,6.412562583515586,5.955037146040807,0.15110087076256762,-0.1468732480620605,6.908338545127482,2.7640991455408335,-0.0649898061393513,-0.0827127268557917,3.9159097023236833,8.521346358025985,-0.1782802997461911,-0.30273175232000704,3.915379807599383,7.329900586368509,-0.38006507991445715,-0.27317798227154094,6.7634023989066,8.663601312969188,-0.11756337168872055,-0.034390144928183645,5.65151040876247,2.889287850977813,-0.014622542640088707,0.08652463533075581,3.792985140541158,4.950445280155616,-0.0713022265559394,-0.2114304628626653,4.79578604680655,8.348970120502148,-0.12045312516235047,-0.24189638358523816,8.10557554930771,2.89527836360387,-0.16159564439120797,-0.022992771245468908
274,1.5249037753331178,0.9856996988191773,-0.012859356131686936,0.05370839154563256,5.821863696911721,6.760694467416721,0.13484787548946092,-0.08972873805310966,7.110202390634158,4.949993585775045,0.07105113029540264,0.022819634590364894,1.8352529109092386,8.22382701668584,0.0422916678920308,-0.040684417056212105,7.14854492400363,1.3663440845619645,-0.14457060332129187,0.22306549918992707,2.096474625449892,4.419132859414398,-0.23553905970640526,-0.07374698927497662,2.969267700616739,5.7096202579741355,0.057339178931174635,0.21205305959882115,2.534519257355893,4.964029135393504,-5.528370343927183e-05,-0.37056572094499657,3.6114598419669885,1.7522936376672953,1.4947163640667651,-0.1257894709068671,9.031078501356408,1.1318211413870867,0.021825274664645834,0.07974260494367909,4.264141748999436,3.0157291283697005,-0.18696168060767962,-0.05175202715736376,6.420117627053715,5.947693483637704,0.15324020216296205,-0.14442440855406347,6.905089054820515,2.7599635091980437,-0.06429379152643817,-0.07533962112120499,3.906995687336374,8.506209770409985,-0.1716487510434743,-0.3004546486947691,3.8963765536036603,7.316241687254932,-0.3758111813534563,-0.2626912111052163,6.757524230322164,8.661881805722778,-0.11075278404414353,-0.027782510354008763,5.650779281630466,2.893614082744351,-0.01940876171541086,0.09549635402949581,3.7894200292133613,4.939873757012483,-0.06930095553159304,-0.20476091396373,4.7897633905484325,8.336875301322886,-0.12172155409895116,-0.2414451192876485,8.09749576708815,2.8941287250415964,-0.17019611332479026,-0.019860132537711912
275,1.5242608075265336,0.9883851183964589,0.00011819926248573219,0.06960196113429376,5.828606090686193,6.756208030514066,0.14337918664382646,-0.09291829956915618,7.113754947148928,4.951134567504563,0.08101672738850796,0.024660553660310707,1.83736749430384,8.22179279583303,0.04454189373402986,-0.047173136638769785,7.141316393837566,1.3774973595214608,-0.1278375634057302,0.22295176210735257,2.084697672464572,4.415445509950649,-0.2403454288769518,-0.08264071380591191,2.972134659563298,5.720222910954076,0.05022907049602067,0.20027530025543544,2.534516493170721,4.945500849346255,0.017361813388235534,-0.3896083097153861,3.686195660170327,1.746004164121952,1.4967387916457695,-0.09885843202661818,9.03216976508964,1.1358082716342706,0.022460326764469785,0.07695903655396533,4.2547936649690525,3.0131415270118325,-0.19064207929539992,-0.058946412089881765,6.427779637161863,5.940472263210001,0.15586558597217093,-0.14143363169483963,6.9018743652441925,2.7561965281419836,-0.0636685883491053,-0.0681218883042704,3.8984132497842,8.491187037975246,-0.1651803886822816,-0.29849993765242455,3.8775859945359876,7.303107126699671,-0.36972343413723163,-0.25302243918262796,6.751986591119957,8.660492680205078,-0.1039561520820826,-0.021356157346453755,5.649808843544695,2.8983889004458256,-0.02390332036268583,0.10377582289369831,3.7859549814367814,4.929635711314297,-0.06705748177825996,-0.19691967036884514,4.783677312843485,8.324803045358504,-0.12304796643398935,-0.24055171672237785,8.08898596142191,2.893135718414711,-0.17842775765719918,-0.016525127120245748
276,1.5242667174896578,0.9918652164531736,0.01288642016397499,0.08410864388785669,5.835775050018385,6.7515621155356085,0.15183178688453386,-0.0961416077449584,7.117805783518354,4.952367595187579,0.09071220815242016,0.025979617208309373,1.8395945889905416,8.219434139001091,0.04608988372831735,-0.053481871055731454,7.134924515667279,1.3886449476268283,-0.11129518682787604,0.22259375474803414,2.0726804010207243,4.4113134742603535,-0.24443502388186797,-0.09032745918130673,2.974646113088099,5.730236675966848,0.042503943454680795,0.18859521951379155,2.5353845838401328,4.926020433860486,0.03468656649387594,-0.40616774216234275,3.7610325997526153,1.741061242520621,1.498152061580079,-0.07443386583645842,9.033292781427862,1.139656223461969,0.023198357902204435,0.07399211459116768,4.245261561004282,3.0101942064073386,-0.19423476229775263,-0.066308964822111,6.435572916460472,5.933400581625259,0.1588764387933422,-0.13788458786063018,6.898690935826737,2.75279043372677,-0.06303344795990128,-0.0610380006974112,3.890154230350086,8.476262041092625,-0.1589082574776765,-0.2967288521293556,3.8590998228291262,7.290456004740539,-0.36136587648285085,-0.2451893152304776,6.746788783515853,8.659424872337755,-0.09715595352708993,-0.015176229684438793,5.64861367752656,2.9035776915905105,-0.028274032479046494,0.11118359543474446,3.7826021073478686,4.919789727795854,-0.06457128152012416,-0.1881314535097429,4.777524914521786,8.312775459522385,-0.12449372812949354,-0.23904234932718546,8.080064573539051,2.8923094620586984,-0.18623821172776725,-0.013046128801931196
277,1.5249110384978566,0.9960706486475664,0.02598541704164528,0.09774832343898127,5.843366639362611,6.746755035148361,0.1594501441256876,-0.09936807906475306,7.122341393925975,4.953666576047994,0.10009383320868695,0.026793575350262125,1.8418990831769575,8.216760045448305,0.04692424630968961,-0.059546317698726335,7.1293597563258855,1.39977463536423,-0.09504514719078726,0.22199620826557542,2.060458649826631,4.406797101301288,-0.2467496074665342,-0.09721843486523427,2.976771310260833,5.739666436942538,0.030560272347388617,0.1791451556593356,2.5371189121648268,4.9057120467523685,0.052154570422537294,-0.42000590369045326,3.8359402028316194,1.7373395492287982,1.4970609139933757,-0.04899129836876891,9.034452699322973,1.1433558291915273,0.024011493406927032,0.07084299333648514,4.235549822889395,3.006878758166233,-0.19507046747374845,-0.06589477312345551,6.443516738400139,5.926506352232227,0.16222764736096154,-0.13385395973079028,6.895539263428742,2.7497385336918994,-0.06242903972554344,-0.05414904710105767,3.882208817476202,8.461425598486157,-0.15223884045401775,-0.2949607378978288,3.841031529004984,7.2781965389790155,-0.35100122182262594,-0.23914734251879527,6.741930985839498,8.658666060853534,-0.09059543567955193,-0.009224954380478947,5.647199975902608,2.909136871362248,-0.032742481311677604,0.11759735845120678,3.7793735432718623,4.910383155120368,-0.061758882922526084,-0.1786853682653257,4.771300228115312,8.300823342056026,-0.12601515643142397,-0.23698601832596333,8.070752662952662,2.891657155618602,-0.19342060271564032,-0.009541625656117254
278,1.5262103093499388,1.0009580648195155,0.040135152909622426,0.11114837741694758,5.851339146568896,6.741786631195123,0.1657285487191553,-0.10253792299177886,7.127346085586409,4.955006254815507,0.10925888478816236,0.027194727787814933,1.844245295492442,8.21378272956337,0.04704818411021623,-0.06536901460803476,7.124607498966346,1.4108744457775086,-0.07916971827576345,0.22115603879481818,2.0481211694533044,4.401936179558026,-0.24710015020556791,-0.10338247900700367,2.9782993238782023,5.748623694725505,0.018641757380423896,0.16961592193545671,2.5397266406859536,4.8847117515678455,0.06962389757431266,-0.4317890453332622,3.9107932485312884,1.7348899843103598,1.491520946501153,-0.02145643501599333,9.035653273993319,1.1468979788583515,0.024882942091410797,0.06751941859977077,4.225796299515707,3.0035840195100603,-0.19750687773692918,-0.06535104712065803,6.451628120768187,5.919813654245687,0.16553652545491945,-0.12935451201252762,6.892417811442465,2.7470310813368464,-0.061845883154751244,-0.04748717602542748,3.874596875453501,8.446677561591265,-0.1451779892973062,-0.2930088595662272,3.8234814679138527,7.266239171853075,-0.33832785575283225,-0.23476918950759246,6.73740121405552,8.65820481313451,-0.08428162965237794,-0.0035176587689782074,5.645562851837024,2.915016739284808,-0.03727113083553186,0.12323127701969872,3.776285599125736,4.901448886707101,-0.058623118696208676,-0.16890477728408065,4.76499947029374,8.288974041139728,-0.12756886064850026,-0.23441762084124357,8.06108163281688,2.891180074335796,-0.2000139657026818,-0.006029058001865201
279,1.52821706699542,1.006515483690363,0.05587234822259926,0.12345888754568407,5.859625574004854,6.736659735045534,0.1703211760060663,-0.10614064416136981,7.132809029825817,4.9563659912048985,0.11821555256903851,0.027258061942944202,1.8465977046979527,8.210514278832967,0.046469060538701146,-0.07092229628778425,7.1206490130525575,1.4219322477172496,-0.06370632881949133,0.22006159367427494,2.035766161943026,4.396767055607676,-0.24597553014047488,-0.10882005503272808,2.9792314117472234,5.757104490822278,0.006839562367854468,0.1600698335081515,2.5432078355646692,4.863122299301183,0.08652879556215522,-0.44332895085155555,3.985369295856346,1.7338171625595602,1.4801683761462145,0.006973573872251299,9.036897421097889,1.15027394978834,0.025776811063026827,0.06401590526358913,4.215920955628861,3.0003164671540272,-0.2005870777683289,-0.06291407489743578,6.459904947040933,5.913345928645061,0.16867532467524302,-0.12451538636438672,6.889325517284727,2.744656722535575,-0.06129859963941711,-0.0410806192105185,3.8673379759886357,8.432027118612954,-0.13777847497979367,-0.290823143272475,3.806565075126211,7.254500712377696,-0.32284737168443856,-0.2312851084031947,6.733187132572901,8.658028930196062,-0.07822881411075291,0.0019203564684723926,5.643699295295248,2.921178303135793,-0.04177582376253477,0.12809671811850795,3.773354443190925,4.893003647842897,-0.05524480975925513,-0.15905705210130897,4.758621027261316,8.277253160097665,-0.129140356852042,-0.23139540849236517,8.051080934531745,2.8908786214357027,-0.20605904977682138,-0.002540952093828969
280,1.53101068440655,1.0126884280676471,0.07348767695175194,0.13437528228602716,5.868141632805157,6.731352702837466,0.17362657989429187,-0.11047747550752403,7.138719807454269,4.957728894302046,0.12693777293027128,0.027058589155154203,1.8489211577248879,8.206968164018578,0.04463776258974465,-0.07655062058783499,7.1174636966115825,1.4329353274009633,-0.048680555175044,0.21870216939986017,2.023467385436002,4.39132605285604,-0.24480567909069403,-0.11350761538243091,2.979573389865616,5.765107982497685,-0.0048029518013616886,0.15049969311656328,2.547534275342777,4.840955851758605,0.10286525895393607,-0.45458935826956814,4.059377714663657,1.7341658412531729,1.4657202340945177,0.03352294296900728,9.03818626165104,1.1534747450515195,0.026563917778169552,0.06028478004293274,4.205891601740444,2.9971707634091556,-0.206395516501549,-0.060539559401241415,6.468338713274695,5.907120159326841,0.17131763713489068,-0.11940730705015484,6.886260587302757,2.742602691575049,-0.060774154388786736,-0.03494997900179733,3.860449052239646,8.41748596144933,-0.13011681794444288,-0.28837488192953226,3.790422706541989,7.242936456957536,-0.3066790485252207,-0.227150086463321,6.729275691867364,8.658124948019486,-0.0724427297270268,0.007084197790536793,5.6416105041071205,2.9275831390417184,-0.046185450261353164,0.13232683628888856,3.7705922027029626,4.885050795237832,-0.051629985866542535,-0.14908719253104416,4.752164009418713,8.265683389673047,-0.13075647607289487,-0.22778782507387668,8.040777982042904,2.8907515738310114,-0.21151179779234433,0.0008242490366804078
281,1.5346850682541378,1.0194071921819485,0.09265060153947854,0.14519839352212258,5.8768229617998715,6.72582882906209,0.17576068322228144,-0.11493319539573432,7.145066696100782,4.959081823759804,0.13571090310872283,0.026298340246381138,1.851153045854375,8.203140632989186,0.04199328666775617,-0.08207020180142847,7.115029668852831,1.4438704358709562,-0.034047509084441124,0.21693174511581925,2.011227101481467,4.385650672086919,-0.24344814046509608,-0.11793759761249817,2.979333242275548,5.7726329671535135,-0.016282199907841334,0.14090510215463015,2.552677538290474,4.8182263838451265,0.11806892117059943,-0.46542958497941084,4.132663726368382,1.7358419884016232,1.4483966298684052,0.05812648714463213,9.039514457539948,1.156488984053666,0.02715460725847427,0.05631516695277523,4.195571825915367,2.9941437854390935,-0.2129097051488192,-0.057778379633692374,6.4769045951314395,5.901149793974334,0.17298448344747316,-0.11395795463673894,6.883221879583317,2.740855192624959,-0.06022715325045723,-0.029108634779370916,3.8539432113424237,8.403067217352854,-0.12260647996584143,-0.28530896745510453,3.775088754115728,7.23157895263437,-0.28992059765947514,-0.22249986507080868,6.725653555381013,8.658479157909014,-0.06694860491215883,0.011935876176867397,5.639301231594053,2.934199480856163,-0.05052786730778089,0.1380701852598978,3.7680107034096353,4.877596435611279,-0.04789996333181448,-0.13888234164875238,4.745626185615069,8.254293998419353,-0.13236554853461915,-0.2235689304581073,8.030202392153287,2.8907927862828453,-0.2163240924096396,0.003974959872733302
282,1.5393175983311116,1.0266671118580546,0.11327049908386255,0.1559506862445862,5.8856109959609855,6.720082169292303,0.17663300800191115,-0.11897654911723377,7.151852241256218,4.960396740772123,0.14472345173419204,0.02492497034773407,1.8532527101877627,8.199037122899114,0.038608485294870466,-0.08748995529330698,7.1133272933986085,1.4547170231267472,-0.024822982500292717,0.2108272914627221,1.9990546944582124,4.3797537922062935,-0.24184583536572798,-0.12217421492433346,2.978519132280156,5.779678222261245,-0.027564964283051142,0.13122136276068064,2.558580984349004,4.794954904596156,0.13191564043558357,-0.47575808271705694,4.205083557861802,1.7387483127588548,1.433102216599839,0.08595595837513903,9.040872187902872,1.1593047424013048,0.027431534163391034,0.05206313997762035,4.184926340657927,2.991254866457409,-0.21914349454808546,-0.05479115819152938,6.485553819303813,5.895451896242497,0.1732359751878191,-0.11051185323946301,6.8802105219207945,2.7393997608859904,-0.06841714585709709,-0.023465261424101484,3.8478128873441317,8.388801768980098,-0.11554686709562506,-0.28138769969232436,3.760592724232754,7.22045395938083,-0.26524133472335987,-0.20549080945633724,6.722306125135405,8.659075951717858,-0.06177783380508123,0.016420130671176824,5.636774838228664,2.9411029901191577,-0.05453465581488481,0.14336114689799082,3.7656157052430443,4.870652318528841,-0.044093019512887674,-0.12853115689318864,4.739007908188338,8.243115551896448,-0.13391566455207998,-0.21876851504651576,8.019386187532804,2.890991534276482,-0.2204673651224663,0.006847728475998589
283,1.5449811232853048,1.034464646170284,0.13371413079248454,0.16508530071220703,5.894442646361081,6.714133341836441,0.17605481798814485,-0.12269742457416297,7.159088413842928,4.961642989289509,0.1539032897359201,0.02338595169067559,1.8551831344525063,8.194662625134448,0.03495081646590623,-0.09272223131574121,7.112086144273594,1.4652583876998833,-0.01593993837664312,0.20383147120863465,1.986962402689926,4.373645081460077,-0.23997119962461336,-0.12647340370213783,2.9771408840660034,5.786239290399279,-0.03867056428247894,0.12151691149772974,2.5651767663707834,4.771167000460303,0.14406959970987557,-0.48393449217021056,4.276738668691794,1.7430461106776116,1.4108041055783203,0.11214947582165698,9.042243764611042,1.1619078994001857,0.027447244643902222,0.04747096196071933,4.173969165930522,2.9885153085478326,-0.22520280625093295,-0.051711594253448116,6.494215618063204,5.889926303580523,0.17391205148826133,-0.10731582424692933,6.87678966462794,2.7382264978147854,-0.07624352032828467,-0.018849876711286198,3.8420355439893505,8.374732383995482,-0.10934311545709338,-0.2760967395443475,3.7473306574965863,7.210179418908013,-0.23997969715488604,-0.18950974471949414,6.719217233445151,8.659896958251418,-0.056711897582408764,0.0205311289589738,5.63404810543792,2.948271047464057,-0.05801089406561723,0.14757860802205336,3.7634110542674,4.864225760684182,-0.040331413221951204,-0.11848131534021585,4.732312124960734,8.232177126144123,-0.1355462796225422,-0.2132104143312362,8.00836281927668,2.8913339207002817,-0.2238196305549433,0.00936553651846523
284,1.551666829824929,1.0427189112058943,0.15354311642395047,0.1727292395218403,5.903245387260488,6.707998470607733,0.17339143323765943,-0.12621026193943263,7.166783578329723,4.962812286874043,0.16327483415663924,0.02174285857409415,1.8569306752758015,8.190026513568661,0.031335003881148425,-0.09770621338702169,7.1112891473547615,1.475449961260315,-0.007933881233431755,0.19553989589602022,1.9749638427086953,4.36732141127497,-0.23816679305620533,-0.13096301255619325,2.9752073558518797,5.792315135974166,-0.04944832681471313,0.11168144773544642,2.572380246356277,4.746970275851792,0.15506494303739785,-0.48962525643348287,4.34727887397071,1.7486535844686946,1.3835983701332977,0.13662134290616015,9.043616126843236,1.1642814474982217,0.027251406691705626,0.042578426453040344,4.162709025617976,2.9859297288351603,-0.23072404149341894,-0.050073303408590425,6.502911220637617,5.884560512368177,0.1750559747038294,-0.10438822998754803,6.872977488611526,2.7372840039792212,-0.08333389664578573,-0.015306796321786534,3.836568388216496,8.360927547018266,-0.1039345583252069,-0.2695224388677632,3.735331672638842,7.200703931672039,-0.21402225284469775,-0.174675716237057,6.71638163856603,8.660923514699366,-0.05171587611794171,0.024281647295865925,5.631147560734639,2.9556499778651597,-0.06086700298440328,0.1508054608115746,3.7613944836063022,4.858301694917171,-0.03664558604120799,-0.1087468151406595,4.725534810979607,8.221516605427562,-0.1372030432506674,-0.20696716716496022,7.997171837748933,2.891802197526205,-0.2261850859588673,0.011549171119998643
285,1.5593439856461264,1.0513553731819862,0.17240427461610822,0.17900480022869417,5.91191495892237,6.701687957510761,0.16898428480194758,-0.12959901808049917,7.174947320037555,4.963899429802748,0.17264790296614851,0.019990425579549644,1.858497425469859,8.18514120289931,0.027898125185064404,-0.10239285694278208,7.11089245329309,1.485226956055116,-0.0007584133250493393,0.18613095179587869,1.963055503055885,4.360773260647161,-0.23644116445668084,-0.13563797248399057,2.972734939511144,5.7978992083609375,-0.056831066895069726,0.09947192277612063,2.580133493508147,4.722489013030118,0.16556168159044501,-0.4940256069594581,4.416458792477375,1.7554846516140026,1.3484805889710356,0.15597388178984622,9.044978697177822,1.1664103688208738,0.026921491443848054,0.03744806096212695,4.1511728235433045,2.983426063664731,-0.23558655451405358,-0.04951017013345407,6.511664019372808,5.8793411008688,0.17670439889709244,-0.1017430345257384,6.868810793779237,2.736518664163132,-0.08743121045220034,-0.013614163922287117,3.8313716603002357,8.347451425074878,-0.09948862887242998,-0.261685834004358,3.724630559996607,7.191970145860186,-0.18823571889293841,-0.16066728063010052,6.713795844760133,8.66213759706416,-0.046777182400819635,0.027691513166937742,5.628104210585419,2.9631902509057384,-0.06334772483062616,0.15407332010658514,3.759562204304242,4.852864354160138,-0.033003227782841406,-0.09935669269722192,4.718674658817073,8.211168247069313,-0.13600742362283402,-0.19774128830043347,7.98586258345099,2.892379656082205,-0.22762782569888138,0.013520881407033156
286,1.5679641993769318,1.060305613193421,0.18989376154886273,0.18422351842961618,5.920364173162468,6.6952080066067365,0.16377480420337867,-0.13273158824291467,7.1835797151858625,4.964898951081725,0.18141006290972914,0.018230802774729105,1.8598923317291123,8.18002156005217,0.024706598950914472,-0.10677355730749098,7.1108545326268375,1.4945335036449099,0.005812332679532113,0.17595196485907105,1.9512334448330508,4.3539913620229616,-0.23475644699521406,-0.14048759227490223,2.9698933861663903,5.802872804499744,-0.06418819634968245,0.08737068455519054,2.588411577587669,4.697787732682145,0.1754780333260369,-0.4984965711080987,4.483882821925927,1.7632833457034949,1.3073808290347029,0.1707607540575693,9.046324771750013,1.16828277186898,0.026424711875354688,0.0320776455874903,4.139393495817602,2.980950555158058,-0.23993223714995693,-0.05034082148749875,6.520499239317663,5.8742539491425125,0.1788312451733161,-0.09935697137467686,6.864439233256626,2.7358379559670176,-0.08885828758168357,-0.013258158673673462,3.826397228856614,8.33436713337466,-0.09551047294656004,-0.25280288152284974,3.7152187740519604,7.183936781828681,-0.16293755261791398,-0.14722519941710308,6.711456985640092,8.663522172722507,-0.041864428625103804,0.030791092344734584,5.624936824343887,2.9708939169110677,-0.064852657547115,0.1584906497606827,3.7579120429150996,4.847896519525277,-0.029402556267972668,-0.09029744159739701,4.711874287635931,8.201281182654292,-0.13384177416406803,-0.18873429557291538,7.974481192166046,2.8930557001525568,-0.22818364385428927,0.015323105886648845
287,1.577458887454375,1.0695167891149018,0.20570611831890134,0.1886254503413231,5.928552913372637,6.68857142719459,0.15792162249849986,-0.13564333046075344,7.192650218331349,4.965810491220462,0.18950602173865522,0.016391306020619244,1.861127661676658,8.174682882186795,0.021766581593445865,-0.1108585843614432,7.111145149260814,1.5033311018878635,0.01193615337183291,0.16540545419246225,1.9394956224832902,4.346966982409216,-0.23290761708505495,-0.14551080686843193,2.9666839763489063,5.807241338727503,-0.0715310519819876,0.07539159264268253,2.597185479253971,4.67286290412674,0.1839759032944512,-0.5027561287575919,4.549251863377662,1.7718213834063734,1.263031474529164,0.18374298394600846,9.047646007343781,1.1698866541483546,0.025806167468165796,0.02648803897456954,4.127396883960104,2.978433514083683,-0.24378592740166496,-0.052312025507581704,6.529440801576328,5.869286100573778,0.1815530221728493,-0.09727834190331522,6.859996318877542,2.735175048033334,-0.08947281184184688,-0.012541484206124734,3.821621705209286,8.321726989298517,-0.09203865102747644,-0.24284739114232415,3.707071896421065,7.176575521857826,-0.13808273612154176,-0.1343035352983363,6.709363764208837,8.665061727339744,-0.03695550966322121,0.03358306685200683,5.621694191466531,2.978818449399102,-0.06736177504610888,0.16267791442664395,3.756441915101701,4.843381647445407,-0.02585423178731986,-0.0815851759568998,4.705182198927727,8.191844467875645,-0.13041429214023284,-0.18009497707692654,7.963072009973331,2.8938218554468893,-0.22789655100467704,0.016938520468841742
288,1.58774419337032,1.078948061631968,0.21565287736402539,0.19447885183832953,5.936448994497562,6.681789260671553,0.15151220093535137,-0.13832858918454885,7.202125519418281,4.966630056521493,0.19689589947522368,0.01468462070852694,1.8622159907563305,8.169139952968724,0.019171932919315425,-0.1145831679723355,7.111741956929405,1.5116013745974866,0.017722377453945223,0.15478990942627457,1.9278502416290375,4.339691442065795,-0.230837527282909,-0.15069702451920308,2.963107423749807,5.811010918359638,-0.07885219215208496,0.06360104065241191,2.6063842744186934,4.64772509768886,0.19134383609092948,-0.5072510100150067,4.61240343710412,1.7810085326036738,1.2035028495177198,0.17058146030585267,9.048936315717189,1.171211056097083,0.025155979513859193,0.02075657442467044,4.115207587590021,2.9758179128083038,-0.2462558608071835,-0.05829991072942066,6.53851845268497,5.864422183478613,0.18508905729333652,-0.09558856158606831,6.85552267828545,2.734547973823028,-0.08967835212636131,-0.011737327302947234,3.817019772657912,8.3095846197414,-0.08894807531753743,-0.23213533304520004,3.700167759614988,7.169860345092909,-0.11321286647213151,-0.12191733621143178,6.707515988725676,8.666740880682344,-0.03202970992088017,0.03607221698126546,5.618326102714226,2.986952345120434,-0.07069581784856192,0.16635884210558663,3.755149203512335,4.839302388647561,-0.0223759822523553,-0.0730322320417711,4.6986614843207155,8.1828397190218,-0.1259089972063177,-0.171226562168279,7.951677182423097,2.8946687814703314,-0.2269274469083836,0.018348364498536537
289,1.5985268372385213,1.0886720042238844,0.22498233643518475,0.19969983389816592,5.94402460454433,6.674872831212325,0.14479300062226008,-0.1407990804522896,7.211970314392042,4.967364287556919,0.20360311627448285,0.013113063969017832,1.8631745874022962,8.163410794570106,0.016631005911521043,-0.11808064596570461,7.112628075802102,1.5193408700688003,0.02312566516270453,0.14441204339653518,1.916308365264892,4.332156590839834,-0.2286810778010641,-0.1565589271286706,2.959164814142203,5.814190970392258,-0.0862765303140303,0.052049568107741806,2.61595146622324,4.62236254718811,0.19711319541133163,-0.5110382712626416,4.672578579580006,1.7895376056189665,1.1439795412405898,0.15852474600951172,9.050194114692882,1.1722488848183166,0.02453415256712381,0.014921874257491332,4.102894794549662,2.9729029172718326,-0.24708438958394838,-0.06497139379907894,6.547772905549637,5.859642755399309,0.18926843961755527,-0.0942612509904069,6.851038760679131,2.7339611074578807,-0.08996777700770038,-0.01129480458530743,3.812572368892035,8.29797785308914,-0.08586032039741243,-0.22119716770835274,3.694507116291381,7.163764478282337,-0.088685988770849,-0.1100971994557269,6.705914503229632,8.668544491531406,-0.027121188074943393,0.03828744800499431,5.614791311821798,2.9952702872257135,-0.07425296530675761,0.1691734462613059,3.754030404399717,4.835650777045473,-0.019006073099966728,-0.06470478590887277,4.6923660344604,8.174278390913386,-0.1204099117948883,-0.16205652093497783,7.940330810077678,2.8955861996952583,-0.2253292783713629,0.019518520370196055
290,1.6097759540602805,1.0986569959187928,0.23367109623895674,0.20431252820632767,5.951264254575443,6.667832877189711,0.13794299940632532,-0.14306037729826213,7.222150470205766,4.96801994075537,0.20961888641179288,0.011653928574474424,1.8640061376978723,8.15750676227182,0.014165031372002687,-0.12143727632082432,7.113784359060237,1.526561472238627,0.028170594845912996,0.13432480365425614,1.9048743113748388,4.3243286444834,-0.22639518342204434,-0.1629990860620717,2.9548509876265014,5.816793448797645,-0.0938178694134375,0.0407848222166476,2.6258071259938065,4.596810633624978,0.201685482240684,-0.5136142772802669,4.729777556642035,1.797463842919442,1.0834984638079572,0.14600867212693192,9.051420822321239,1.172994978531191,0.02397670403841678,0.009013447987602454,4.090540575070464,2.9696543475818786,-0.24620693358946158,-0.07258392841149616,6.557236327530515,5.854929692849789,0.19369779078344596,-0.09319340239368501,6.8465403718287465,2.7333963672286155,-0.09058374519038337,-0.010906088493905555,3.8082793528721646,8.286917994703723,-0.08275845482269491,-0.21008703701086395,3.690072816852839,7.15825961830955,-0.0646127471197908,-0.09886618308805302,6.704558443825885,8.670458863931657,-0.0222454539990395,0.04024856952688448,5.6110786635564605,3.003728959538779,-0.07724025957834593,0.17088471405299435,3.7530801007447185,4.832415537750029,-0.015838864443298066,-0.056915799196178604,4.686345538870655,8.166175564866638,-0.1141913692637556,-0.15259101947752504,7.92906434615911,2.896562125713768,-0.22311649206939244,0.02044924438379283
291,1.6214595088722283,1.1088726223291092,0.24172476259218245,0.20833743950567554,5.958161404545759,6.660679858324798,0.1308419568376417,-0.14506404275294782,7.232631414526356,4.968602637184094,0.21460304580689157,0.009997166250200838,1.8647143892664724,8.15143489845578,0.01176137684135827,-0.12464080842054814,7.115192888802533,1.5332777124213397,0.032858166371486724,0.1245860759952691,1.8935545522037365,4.316178690180297,-0.223733072720841,-0.1702639519969205,2.9501600941558297,5.8188326899084775,-0.10146080164963212,0.02981801386775348,2.635891400105841,4.571129919760964,0.2050147603968453,-0.5153141736233192,4.783952479832433,1.8047642765257887,1.0223791756018568,0.1331593158928583,9.05261965752316,1.173445650930571,0.02350377508226577,0.003060747387574415,4.078230228390991,2.9660251511613036,-0.24388773362505747,-0.08194956675697612,6.566921217069687,5.850270022730105,0.19777584148625624,-0.09227239170201244,6.842011184569228,2.73285106280392,-0.09094047340142863,-0.010547552283063125,3.80414143013103,8.27641364285318,-0.07962406895378793,-0.19882492340989463,3.6868421794968493,7.153316309155148,-0.041067513214475396,-0.08829710237764195,6.7034461711259326,8.672471292408002,-0.01739819008171257,0.041969433666381756,5.607216650577543,3.0122731952414283,-0.07967115343165271,0.17140263422483634,3.7522881575225537,4.829569747790219,-0.012869753313656532,-0.04966053631466119,4.680635970407467,8.158546013892762,-0.10739988341771296,-0.14285587256757287,7.91790852155564,2.8975845879329576,-0.22031838964584374,0.02115440360649998
292,1.6335457470018375,1.119289494304393,0.24914949265466718,0.21179531542799782,5.964703502387641,6.6534266561871505,0.12334436456726738,-0.14679821325686218,7.2433615668167,4.969102495496604,0.21838185846865857,0.007888558995278447,1.8653024581085402,8.145202858034752,0.009406125752619829,-0.12758341578609675,7.116835797121108,1.539507016221103,0.03720085499157721,0.11531421810776261,1.8823678985676944,4.307665492580451,-0.22036548591442448,-0.17793074173724452,2.945087054073348,5.820323590601865,-0.10911980776840653,0.018910446575301623,2.646142138125683,4.545364211079798,0.20722774488425966,-0.5154163943434651,4.835071438612525,1.8114222423204316,0.9604590513094831,0.12031447024027803,9.053794846277272,1.1735986882999498,0.023129837706422247,-0.0029068100426929188,4.066035841709738,2.961927672823455,-0.24133542883563353,-0.09137078047324466,6.576810009144,5.8456564031450045,0.18849014563540709,-0.09275301082149269,6.837464160899156,2.7323236851897668,-0.09067701900887626,-0.010366024532962185,3.8001602266833405,8.266472396682685,-0.07641438900748457,-0.18744999013729446,3.6847888038361254,7.148901454036266,-0.017842582749253988,-0.07840432502411679,6.7025762616218465,8.67456976409132,-0.01256728391408619,0.04347182284778706,5.603233092905961,3.02084332695267,-0.08825818598818652,0.17007322349676918,3.751644669856871,4.827086720974486,-0.010028479245897018,-0.04273084592383592,4.675265976236581,8.151403220264383,-0.0999773661776655,-0.13289992621151475,7.906892602073348,2.8986423081132826,-0.21706920970144772,0.022044137505884718
293,1.6460032216345708,1.1298792600757928,0.2554957139228442,0.21418759161821913,5.970870720616004,6.646086745524308,0.11553392241762825,-0.1482133485026324,7.254280659740133,4.969496923446368,0.22117226649136032,0.004552712779791921,1.8657727643961712,8.138823687245447,0.007124040855459299,-0.13024631196475953,7.1186958398706865,1.5452727271264912,0.04119741794934088,0.10662064075857668,1.8713496242719732,4.298768955493589,-0.2160627834428106,-0.18540248123800554,2.939631063684928,5.82126911293063,-0.11674755572134461,0.008139761349576448,2.656503525369896,4.519593391362625,0.20868095306254145,-0.5136729966680105,4.883094391177999,1.8174379658324455,0.8981575228556562,0.10751110047976473,9.054951338162594,1.1734533477978153,0.02278887175742332,-0.008820506108238,4.053969070267956,2.957359133799793,-0.23681901838052583,-0.10122462556291867,6.586234516425771,5.841018752603929,0.17852107210139526,-0.09296127641197414,6.832930309948712,2.7318053839631187,-0.08978297243404525,-0.010062328320603412,3.7963395072329664,8.25709989717582,-0.07249043978074754,-0.17581318087764136,3.6838966746986626,7.14498123778506,0.005196205390566113,-0.06920683957718686,6.701947897426142,8.67674335523371,-0.007771945328113404,0.044779024698946394,5.598820183606551,3.0293469881275086,-0.09565677345347277,0.16820538510659766,3.751143245894576,4.824950178678294,-0.0008800320303399192,-0.03640578281443803,4.670267107927698,8.144758223953808,-0.09181927695714168,-0.12296707069484261,7.896039141588275,2.8997445149885768,-0.2132864527023127,0.023069513695384812
294,1.658778007330713,1.1405886396567038,0.26069282953785444,0.21545090880460452,5.976647416736886,6.638676078099176,0.10745240430401512,-0.14918888384696485,7.2653392730647015,4.969724559085357,0.22255644969702448,0.00040414046898659944,1.8661289664389442,8.132311371647209,0.004888245670489396,-0.13242646602756708,7.120755710768154,1.55060375916442,0.04588645574917608,0.098404476497474,1.8605464850998326,4.289498831431689,-0.21086310333795888,-0.19213964564597405,2.9337936858988605,5.821676100998109,-0.12441148220354524,-0.002489499190432098,2.666937573023023,4.493909741529225,0.20992126164532418,-0.5102117724547679,4.928002267320782,1.8228135208564338,0.835933802305119,0.09505261064450243,9.056090781750465,1.1730123224924034,0.0224645152014846,-0.014676425156428117,4.04212811934893,2.952297902521647,-0.2296973362134726,-0.11142627567578603,6.59516057003084,5.83637068878333,0.168301599454682,-0.09335667644251258,6.82844116132701,2.7313022675470884,-0.08825019242751735,-0.009533145106073063,3.7927149852439292,8.248309238131938,-0.06773138179699148,-0.1637941955763852,3.6841564849681907,7.141520895806201,0.027972083402746442,-0.060648248867023746,6.701559300159737,8.678982306468656,-0.003011408404108849,0.04589881166553847,5.594037344933877,3.0377572573828386,-0.10164717995178572,0.1657680519027455,3.751099244293059,4.823129889537572,0.007793285700086869,-0.03000781130355088,4.665676144079841,8.138609870419065,-0.0829340125604742,-0.11293560525385407,7.88537481895316,2.900897990673346,-0.20895490083756946,0.024153037196095538
295,1.6718126488076057,1.151361185096934,0.27127354358480954,0.21964866165287208,5.982020036952086,6.631216633906828,0.09922824333475777,-0.14971207129989209,7.2764670955495525,4.969744766108806,0.22298783421576704,-0.004261354613749416,1.8663733787224688,8.125690048345831,0.002514566315702523,-0.13405997620738475,7.123050033555613,1.5555239829892937,0.05140745182802492,0.09066119760662583,1.8500033299329346,4.27989184914939,-0.204926805563644,-0.19814963189756668,2.9275731117886834,5.821551626038587,-0.13234188764149157,-0.013089599648100404,2.6774336361052895,4.468399152906486,0.21098546644247287,-0.5053832329640682,4.969798957436038,1.827566151388659,0.7742126561983991,0.08374003277103403,9.057214007510538,1.172278501234582,0.02215948694173042,-0.020463104469014903,4.0306432525382565,2.9467265887378575,-0.22305038269031358,-0.1148070887528782,6.603575650003575,5.831702854961205,0.1570532269595076,-0.09050879277844102,6.8240286517056346,2.730825610291785,-0.08630442524838584,-0.00875181417414133,3.78932841615408,8.24011952835312,-0.06244673452595438,-0.1510046719748532,3.685555089138328,7.138488483362849,0.050778392566316846,-0.05231411136769132,6.701408729739531,8.681277247051932,0.0017089259320527649,0.04684502990654461,5.5889549859362875,3.0460456599779757,-0.10258738287341468,0.16296862718740535,3.7514889085780636,4.821629498972395,0.015961082282070438,-0.02354813557427613,4.661529443451817,8.132963090156373,-0.07391435012065105,-0.10222725009528665,7.874927073911282,2.902105642533151,-0.20399457510474228,0.025272916549887014
296,1.6853763259868462,1.1623436181795777,0.2817952564840176,0.22421798911161137,5.986981449118824,6.623731030341833,0.09080427120493599,-0.14976613072782213,7.287616487260341,4.969531698378119,0.22273538842857565,-0.009287671629039677,1.866499107038254,8.118987049535463,-6.820464284030105e-05,-0.13500613689265578,7.125620406147013,1.560057042869625,0.057601604138515526,0.08381666288167504,1.8397569896547523,4.269984367554511,-0.19864124692268714,-0.20336937827861107,2.920956017406609,5.820897146056182,-0.14036255984360185,-0.023588761875015764,2.6879829094274132,4.443129991258283,0.211845739162929,-0.4991449486295278,5.008509590245958,1.8317531530272106,0.7131040968283582,0.0740190829424093,9.058321981857624,1.1712553460111312,0.021881759471928514,-0.02616112783296277,4.019490733403741,2.9409862343002136,-0.21476387675273728,-0.1165677658148532,6.61142831135155,5.827177415322283,0.1455468840716292,-0.08726897150833281,6.819713430443215,2.730388019583078,-0.0845254184542908,-0.007978005860607667,3.786206079427782,8.232569294754377,-0.05662079661408628,-0.13755289308615082,3.688094008766644,7.135872777794464,0.07354952753888917,-0.04387040190481023,6.7014941760361335,8.683619498547259,0.006424414410594139,0.04760192000045232,5.583825616792617,3.054194091337346,-0.10078183748376243,0.159592405158077,3.752286962692167,4.820452092193681,0.02357937842846326,-0.017621318291241805,4.6578337259457845,8.127851727651608,-0.06393514379702739,-0.09163567384687928,7.864727345156044,2.9033692883606452,-0.19846309009852908,0.026412861807342123
297,1.699466088811047,1.1735545176351583,0.29226355766104245,0.22813292239076804,5.99152166267907,6.616242723805442,0.08220219294594475,-0.14929276949829812,7.29875325668177,4.969067314796667,0.22173918768823828,-0.014668777096716793,1.866495696806112,8.112236742690829,-0.0029102703347882383,-0.13502172934403775,7.128500486353939,1.5642478760137088,0.06421876875033193,0.07778269768148927,1.829824927308618,4.25981589864058,-0.19206358826942788,-0.20778416579460895,2.913937889414429,5.819717707962431,-0.14843647389465775,-0.03408574853239682,2.6985751963855598,4.418172743826807,0.21238332351244207,-0.4914651069621141,5.044164795087376,1.835454107174331,0.6522064425333906,0.0647111217765043,9.05941606983122,1.1699472896194831,0.02166811705354396,-0.03173998847348859,4.008752539566104,2.9351578460094707,-0.20467335577476334,-0.11678567729950447,6.618705655555131,5.822813966746867,0.1337858252046515,-0.08367010936696204,6.815487159520501,2.7299891192900474,-0.08296418915081161,-0.007147058345984263,3.783375039597078,8.22569165010007,-0.050246090286171094,-0.12365056864805572,3.691771485143588,7.133679257699224,0.0961965552102263,-0.035770588890541355,6.701815396756663,8.685999594547281,0.011125218539837035,0.04809223726129881,5.578786524918429,3.06217371159525,-0.09800489806187027,0.1554561590878112,3.75346593161359,4.819571026279118,0.030570506306890767,-0.012298058386261145,4.654636968755933,8.123269943959263,-0.05321828827105693,-0.08115403538552787,7.854804190651118,2.904689931451012,-0.19240896623495124,0.027542078228737662
298,1.7140792666940992,1.1849611637546966,0.30221361582325484,0.23015439957595776,5.995631772326368,6.608778085330527,0.07327793519066521,-0.14817880143515225,7.309840216066181,4.968333875941831,0.22004566215038981,-0.020020104083864124,1.8663501832893725,8.105485656223626,-0.005848093868800079,-0.13435961622325834,7.1317114247914555,1.5681370108977832,0.07107236263623053,0.07247028284162549,1.8202217478951466,4.24942669035085,-0.18515869862623557,-0.21149389890825546,2.9065160657196962,5.818013420535811,-0.15641211627775636,-0.044536599704605606,2.709194362561182,4.393599488478701,0.2125977583000731,-0.4824936467985208,5.076775117214045,1.8386896632631564,0.5915799774512219,0.05580977232138612,9.060499475683898,1.1683602901958088,0.021449420906340517,-0.03721734203143289,3.998518871777366,2.9293185621444957,-0.1932922705577643,-0.11639973785322655,6.625394946815364,5.818630461278518,0.12181873692254318,-0.07958895810503634,6.81133895006296,2.7296317663727483,-0.08162735866892475,-0.0062162936335909795,3.7808627350827693,8.219509121667667,-0.04342927246609892,-0.10923854701109283,3.6965813129040996,7.131890728254697,0.11882554353582216,-0.028145437464941303,6.7023716576836545,8.688404206410347,0.015624564185145531,0.0483701354658117,5.573886280015335,3.0699465195496405,-0.09469815195155018,0.15092075412252973,3.7549944569289346,4.818956123359805,0.037011822315458576,-0.00746130053263394,4.651976054342381,8.119212242189986,-0.042077581135856426,-0.07089754601923492,7.84518374233937,2.906067035362449,-0.18587550591590904,0.028647303780611106
299,1.729189947485262,1.1964688837334945,0.3111443675045827,0.23005672594515023,5.9992956690859005,6.6013691452587695,0.06407231668995568,-0.14646248662016745,7.3208424991737004,4.967332870737638,0.21748822689116684,-0.0249520751421136,1.8660577785959325,8.098767675412464,-0.008872412310548698,-0.13314241477800665,7.135265042923267,1.5717605250398645,0.07812399444451147,0.06789167754739789,1.8109638129638348,4.238851995405438,-0.17712023741789207,-0.21497600560879504,2.8986954599058086,5.815786590550581,-0.16435091255957093,-0.05488340202866223,2.7198242504761856,4.369474806138775,0.21237888073123212,-0.47233264556327414,5.106354116086607,1.8414801518792256,0.531769219814198,0.04910616681854226,9.061571946729215,1.1664994230942372,0.021210051260625758,-0.04259142309172323,3.9888542582494777,2.9234985752518345,-0.18114677961337877,-0.11586614948291826,6.631485883661491,5.8146510133732665,0.10966234577874434,-0.07508796364624175,6.807257582129513,2.7293209516910686,-0.08008690866220135,-0.004571158685396952,3.7786912714594645,8.214047194317112,-0.03669867127457823,-0.09467576138563506,3.702522590080891,7.13048345638145,0.1414186856280501,-0.02097321577452497,6.703152885892912,8.690822713183637,0.01987782385886017,0.04849343413457996,5.569151372417758,3.0774925572557668,-0.09081508964848392,0.14628357310870718,3.7568450480447075,4.818583058333173,0.04286346473038606,-0.0031176429645368257,4.649872175285588,8.115667364889024,-0.030898786632644448,-0.06075600868073967,7.835889967043575,2.9074994005514796,-0.18119318444195293,0.032958500659163545
300,1.744747165860491,1.207971720030752,0.31804406707333116,0.2281103606706613,6.002499284920399,6.594046020927761,0.054674082799422236,-0.14418652442387694,7.331716910518259,4.966085266980532,0.21404346250057904,-0.02954155642136756,1.865614157980405,8.092110554673564,-0.011805196644373808,-0.131798538188917,7.139171242645492,1.5751551089172344,0.08529621389975363,0.06401896819860009,1.80210780109294,4.228103195124998,-0.16798671818561897,-0.21803738156205213,2.89047791427783,5.813042420449148,-0.17225203125530686,-0.06517076138554243,2.7304431945127474,4.345858173860611,0.21125149054027315,-0.46094604170122694,5.1329425770773165,1.8439354602201528,0.4724109627589154,0.042831284114522715,9.062632449292247,1.164369851939651,0.021053047224616445,-0.0478857956056135,3.979796919268809,2.9177052677776887,-0.16843004669416262,-0.11509175946530449,6.636969000950429,5.810896615190955,0.09764524472932112,-0.07081459858078631,6.803253236696404,2.729092393756799,-0.07833219150591034,-0.0021739636218655535,3.7768563378957354,8.20931340624783,-0.029424584501182693,-0.08125516764707916,3.7095935243622935,7.129434795592724,0.1639692789446051,-0.014233775959242146,6.704146777085855,8.693247384890366,0.023910518034699596,0.048448570213222644,5.564610617935333,3.084806735911202,-0.08651958890807503,0.141639619144593,3.7589882212812267,4.818427176184946,0.048162520679239554,0.0005056418075016344,4.648327235953956,8.112629564454988,-0.019776522664653573,-0.05076755246130493,7.826830307821477,2.9091473255844376,-0.17637502286496662,0.03673529421358879
301,1.7606493692141576,1.219377238064285,0.32257405248628646,0.22449589738604958,6.00523298906037,6.586836694706568,0.045400138004290554,-0.14135088504395837,7.342419083643288,4.964608189159464,0.2096757797902891,-0.03383376400515262,1.8650238981481864,8.085520627764119,-0.014854435043044959,-0.13007830660371242,7.14343605334048,1.5783560573271644,0.09239334193339163,0.06040270485371617,1.7937084651836592,4.2172013260468955,-0.15788568145819054,-0.2206932004342059,2.881865312715065,5.809783882379871,-0.1802346563225409,-0.07506118659077314,2.741005769039761,4.32281087177555,0.20921467652118916,-0.4483600411395128,5.156563125215262,1.8460770244258788,0.41369433778371095,0.03701838360111215,9.063685101653478,1.1619755621593704,0.02096848760518972,-0.0530843171451824,3.9713754169341007,2.9119506798044235,-0.15519214864242387,-0.11399969461899745,6.6418512631868944,5.807355885261916,0.08581153972129119,-0.06684985369999083,6.799336627121108,2.7289836955757054,-0.07636512833225864,0.0009048897170912795,3.7753851086706764,8.205250647865476,-0.021011223488247056,-0.06934772051759117,3.7177919883095236,7.128723106794762,0.18634298653709244,-0.007992214114297192,6.70534230298759,8.695669813401027,0.02771822777331177,0.048264729127695555,5.56028463848993,3.0918887168684317,-0.08230642937672013,0.13691085224131178,3.7613963473151886,4.818452458275321,0.052947036551837245,0.0033163887976458872,4.6473384098207235,8.110091186831923,-0.008547892717944892,-0.040892540272155074,7.818011556678228,2.910984090295117,-0.1714384402698567,0.039987137740548205
302,1.776778071838472,1.2306020329335876,0.32750415754662543,0.22079596215841707,6.007502995960585,6.57976915045437,0.03640549908446023,-0.13796775632641667,7.352902872632803,4.9629165009592064,0.2042319806671211,-0.037833381328431996,1.864281176396034,8.079016712433933,-0.018000765682764923,-0.12805818765936552,7.148055720437149,1.5813761925698502,0.09831247245242411,0.05653849549979237,1.7858141811107497,4.206166666025185,-0.1558887816894804,-0.2245148550519923,2.872853579898938,5.806030823050333,-0.18854289709383454,-0.08381494525967267,2.7514665028658207,4.300392869718574,0.20637333763337845,-0.4342873114923532,5.177247842104448,1.8479279436059344,0.355588720022099,0.031677429312271854,9.064733526033738,1.1593213463021113,0.020944062180554307,-0.05817341871304682,3.9636158095019796,2.9062506950734734,-0.14190136487949204,-0.11259873391654837,6.646141840172959,5.804013392576916,0.0741676322935034,-0.06316535980064543,6.795518370704495,2.72902894006156,-0.07394908814269441,0.004182496234167772,3.774334547496264,8.201783261839596,-0.012120718353187699,-0.058052603824809715,3.7271091376363783,7.128323496089047,0.20856076539861512,-0.002253095582950871,6.706728214376255,8.698083049857411,0.03126409952283207,0.047922762868402295,5.5561693170210935,3.0987342594804974,-0.07841560394120091,0.13196734619418216,3.7640436991427806,4.818618277715204,0.05723586455226354,0.005331072543447337,4.646911015184826,8.108046559818316,0.002814367862117974,-0.03115828296152618,7.809439634664735,2.9129834471821447,-0.16638033609750771,0.04282277414023454
303,1.7931532797158034,1.2416418310415085,0.33081679892884286,0.2166472467964643,6.009323270914808,6.572870762638049,0.02783391158150384,-0.13408226625166292,7.363114471666159,4.961024831892785,0.19761882595778194,-0.04153776939555827,1.8633811381118959,8.072613803050965,-0.021241162882753288,-0.12577186841098725,7.152971344059771,1.5842031173448399,0.10279518206884676,0.05262986541182068,1.7780197420262758,4.194940923272585,-0.15413000359423504,-0.22807542605197229,2.863426435044246,5.801840075787349,-0.19664893357807603,-0.09135684985814718,2.7617851697474896,4.278678504143956,0.20276765411294218,-0.418959321437269,5.195027278105552,1.849511815071548,0.2980728782996106,0.02687484019379117,9.065780729142766,1.156412675366459,0.02096147921655122,-0.06314097895963362,3.956520741258005,2.900620758377646,-0.12906170781123946,-0.11078531754728901,6.649850221787634,5.800855124586884,0.06272085679749739,-0.05973017201382788,6.79182091629736,2.7292380648732686,-0.07118228002029794,0.00764636763869639,3.7737285115786046,8.198880631648356,-0.0028012505106088104,-0.04724030263610236,3.737537175906309,7.128210841309899,0.2310356071721251,0.0035774210832230646,6.708291419352397,8.70047918800083,0.03454790529549424,0.04744361058197706,5.552248536824034,3.1053326267902066,-0.07482146509539955,0.12685113792399,3.7669054923703937,4.818884831342376,0.06093616523087434,0.006629432045554242,4.647051733577932,8.10648864567024,0.014534289093387812,-0.021526821311393045,7.80112061785986,2.9151245858891564,-0.16119285110297704,0.04529188220768745
304,1.8096941196622456,1.2524741933813317,0.33241379921482594,0.21195421213266788,6.010714966493883,6.566166649325465,0.019677935345637294,-0.1298296219959056,7.372995412964048,4.9589479434230075,0.18989389710188595,-0.04494972962483588,1.8623190799677583,8.066325209630415,-0.024588729979105866,-0.12315980083821475,7.158111103163213,1.586834610615431,0.10622145821621233,0.048650283817353514,1.770313241846564,4.183537151969987,-0.1524583313543354,-0.22995814623182811,2.853593988365342,5.797272233294442,-0.20423258303457703,-0.09775546062884954,2.7719235524531367,4.257730538072092,0.19993060377932306,-0.405057871697336,5.209930922020533,1.8508555570812375,0.24126340526189088,0.022581366756362697,9.066828803103594,1.1532556264184772,0.021007095023726857,-0.06797302953643969,3.9500676558674432,2.8950814925002817,-0.11640563602912735,-0.10904901040312398,6.6529862646275095,5.797868615986193,0.05144795401076567,-0.05650424756664904,6.788261802296345,2.7296203832552033,-0.06827672476458686,0.011308522834767062,3.773588449053074,8.196518616516551,0.006657118506038529,-0.03692762248106353,3.7490889562649152,7.1283897123640605,0.24774823845731567,0.005916660315465172,6.710018814617172,8.70285136852993,0.03755919937730137,0.04683705634757667,5.548507463569264,3.111675183686406,-0.07140158191871518,0.12158786785880159,3.7699523006319375,4.819216302944653,0.06298987642169408,0.007488165569191298,4.647778448032601,8.10541230460467,0.026640807540786952,-0.011995128895917199,7.793060975304711,2.9173891799995406,-0.1558835558212092,0.04732865394472654
305,1.8263148096229869,1.2630719039879652,0.33258110311971695,0.20677906231937346,6.011698863261165,6.55967516822567,0.011795243425833674,-0.1254608291491067,7.382490107819143,4.956700456941766,0.18105022035599438,-0.0479568146873993,1.861089643468803,8.060167219588504,-0.028035316036649622,-0.12016821633605419,7.1634221760740235,1.5892671248062986,0.10893843555172497,0.04457576021939781,1.762690325278847,4.172039244658396,-0.1500332936573778,-0.22935957911295987,2.843382359213613,5.7923844602629995,-0.21098824648910966,-0.10289890226123957,2.781920082642103,4.2374776444872255,0.19673774947918174,-0.39131502693691805,5.221994092283627,1.8519846254190557,0.18582923191632508,0.017514606499476212,9.06787915785478,1.1498569749416552,0.02106947351965848,-0.07265642985446623,3.944247374065987,2.8896290419801254,-0.10397784854638885,-0.10750736709278572,6.655558662328048,5.795043403607861,0.04034372640828383,-0.053446317506918035,6.784847966058116,2.7301858093969416,-0.06542392632502454,0.014971332191814143,3.773921304978376,8.194672235392497,0.016313252753818376,-0.027163242473081273,3.761476368187781,7.128685545379834,0.26446192474471875,0.008615001886259754,6.7118967745860365,8.705193221347308,0.0403215211325914,0.04604280405998021,5.544937384473328,3.1177545770793462,-0.06809773557436341,0.11614996512511801,3.773101794453022,4.819590711223113,0.0636966761225503,0.008059354412069043,4.64911048840964,8.104812548159874,0.038884062023533075,-0.002289314921775124,7.785266797513651,2.9197556126967767,-0.15045199986460708,0.04889869598120029
306,1.8429438647789727,1.273410857103934,0.33166899223969964,0.20116213554499088,6.012288625432457,6.553402126768215,0.004742741389739008,-0.12136562758229132,7.391542618836943,4.9543026162073955,0.17109188310862272,-0.05032570089742366,1.8596878776669705,8.054158808771701,-0.03156398961097805,-0.1168561780783361,7.168869097851609,1.5914959128172685,0.11129080065806919,0.04052053586036232,1.7551886605959781,4.160571265702748,-0.14594363308735236,-0.2268274294479022,2.8328329468891575,5.787239515149937,-0.21662267095202412,-0.1065237881630483,2.791756970116062,4.217911893140379,0.18990599622524498,-0.37717068379917695,5.231285553879443,1.8528603557440295,0.1315890588148999,0.012231365152997751,9.068932631530762,1.146224153448932,0.02113937859210912,-0.07717909805221727,3.9390484816386673,2.8842536736254862,-0.09198572631347487,-0.1057208080176686,6.657575848648462,5.792371087732515,0.02945380581597578,-0.05052815847654017,6.781576769741865,2.730934376006532,-0.06251872050154346,0.01868469671844359,3.7747369676160667,8.193314073268843,0.02613030911167894,-0.01810325823612563,3.774699464425017,7.129116295474146,0.2804022646080191,0.011697374320697028,6.713912850642666,8.707495361550308,0.04282218818307224,0.04507076601817995,5.54153249769461,3.123562075335602,-0.06012663953554505,0.11282416639009546,3.7762866282591494,4.8199936789437166,0.06307550221920423,0.008316897630391142,4.651054691510817,8.104698082413785,0.05041606322087118,0.007671000454745034,7.777744197520421,2.922200547495837,-0.14489559043112302,0.049991797948326415
307,1.8595273143909576,1.2834689638811836,0.3296524475251296,0.19511784980056224,6.0125257625019435,6.5473338453891,-0.0015249924821977897,-0.11760810420952196,7.400097212992374,4.951786331162524,0.15984823428154676,-0.05231169133975926,1.8581096781864217,8.048315999867784,-0.03515381382555572,-0.11310077588586269,7.174433637884513,1.5935219396102867,0.11322765265872294,0.03648039408415821,1.7478914789416105,4.149229894230353,-0.14014922267980917,-0.2229175096644292,2.8220018133415565,5.781913325741785,-0.22057156844788994,-0.10856449119893936,2.8012522699273243,4.199053358950421,0.18243173023260353,-0.36251369005241946,5.237865006820188,1.8534719240016795,0.07853192466344117,0.00700833045820691,9.069989600460367,1.142365198546321,0.02120843131813947,-0.08152928307397535,3.9344491953229936,2.878967633224603,-0.08031331296432326,-0.10354550148886192,6.659048538939261,5.789844679808688,0.018633846175472847,-0.04784145676154765,6.778450833716788,2.7318686108424544,-0.05951896010476487,0.022448332920063693,3.7760434830716507,8.192408910357036,0.0359009811349753,-0.00965487725921027,3.788719577655418,7.129701164190181,0.2953394851218397,0.015173189005922514,6.71605396005182,8.709748899851217,0.04507400360644165,0.04393330422550231,5.538526165717832,3.129203283655107,-0.05207381956827515,0.10950699393728804,3.7794404033701094,4.820409523825236,0.06120584570110254,0.008320176382074098,4.653575494671861,8.105081632436523,0.0617335666731722,0.016969153676352242,7.770499417998865,2.9247001373932533,-0.13911611359479928,0.05059114253527994
308,1.876009936767214,1.2932248563712117,0.32606407617376837,0.18858826303837237,6.012449512877834,6.541453440178624,-0.008348277406228094,-0.11492629845730419,7.408089624706451,4.949170746595536,0.14722345791817396,-0.05421303573593322,1.856351987495144,8.04266096107349,-0.03876610675603954,-0.10896148103801666,7.180095020517449,1.5953459593144945,0.11480914679636771,0.03253948733598259,1.74088401780762,4.138084018747131,-0.13271217084713324,-0.21770403182937004,2.810973234919162,5.776485101181838,-0.22289683243984187,-0.10911703915482489,2.8103738564389547,4.1809276744477994,0.17433423211372612,-0.34758929943838673,5.24179160305336,1.8538223405245897,0.026547650276081546,0.0018909122137258233,9.071050022026274,1.1382887343926222,0.021267066083585657,-0.08569482855243853,3.9304335296747777,2.87379035815016,-0.06886978890168974,-0.10158666599136341,6.659980231248034,5.787452606970611,0.00784686727504026,-0.045440996853598675,6.77547488571155,2.7329910274884575,-0.05628920456904309,0.026251375242460927,3.7778385321283996,8.191926166494076,0.04560768098315035,-0.0017602502543484378,3.80348655191151,7.130459823640478,0.3090336746107275,0.018870593643855293,6.718307660232142,8.711945565062493,0.047133660360577735,0.04261368169769436,5.535922474739419,3.1346786333519714,-0.04390704967629784,0.106210383596812,3.782500695655165,4.82082553264434,0.05907867625594549,0.007907536918753724,4.656662173005519,8.10593009012034,0.07296984091557332,0.02569852286966775,7.763543612319125,2.927229694520017,-0.13311004634860063,0.05067089851510288
309,1.8923131405759024,1.3026542695231302,0.32098140743719134,0.18164085442182956,6.012032099007523,6.535707125255759,-0.01570166666938117,-0.11326242082856054,7.41545079760236,4.94646009480874,0.13328457199097363,-0.05604586310282174,1.854413682157342,8.03721288702159,-0.04233185665459243,-0.10447457674471794,7.1858354778572675,1.5969729336812937,0.1163010918470245,0.028748563755455283,1.7342484092652632,4.127198817155662,-0.12378575689382895,-0.2113645369453559,2.79982839329717,5.771029249224097,-0.2234783491378447,-0.10884452995525774,2.8190905680446408,4.16354820947588,0.16563542147672888,-0.3324183810333307,5.243118985567165,1.853916886135276,-0.02436389547739746,-0.0032405891181995694,9.072113375330453,1.1340039929650003,0.021255849607026017,-0.08967411063356569,3.9269900402296933,2.8687110248505916,-0.058033148901346414,-0.10074631630968799,6.660372574611786,5.785180557127931,-0.002890019881923089,-0.043335000654646474,6.772660425483098,2.7343035962505806,-0.05276160052555936,0.03002963805137988,3.7801189161775572,8.191838153981358,0.05520755738695894,0.00559035025648721,3.8189382356420465,7.13140335332267,0.3214668131004507,0.022748338840078552,6.720664343250171,8.714076249147377,0.048996125578287274,0.04112626464426309,5.533727122255604,3.139989152531812,-0.03555263467681283,0.10280742813924383,3.785454629467962,4.821220909490278,0.056701900439862535,0.0074492999021801756,4.6603106650512975,8.107215016263824,0.0838798959568865,0.034016711656174405,7.756888110001695,2.9297632394457724,-0.12695086818101908,0.0503552506867102
310,1.908362210947762,1.3117363122442218,0.31495021571563275,0.17451137969253003,6.011247015674053,6.530044004214331,-0.023573157386315376,-0.11263676377117092,7.422115026201909,4.943657801653599,0.11802237801314083,-0.05786414097592059,1.8522970893246125,8.031989158184354,-0.04579760486037341,-0.09968197140423714,7.191650532449619,1.5984103618690664,0.11767658804824167,0.02501358248681095,1.7280591214205718,4.116630590308394,-0.11361230946369513,-0.2041456746204028,2.788654475840278,5.765587022726334,-0.22193773484581913,-0.10865225977178765,2.8273723391184773,4.146927290424213,0.15664215048349617,-0.3170423168520029,5.241900790793295,1.853754856679366,-0.07420162183199647,-0.008296028962927086,9.073176167810804,1.1295202874333221,0.021158346466457284,-0.0934400747690933,3.924088382784626,2.863673709035107,-0.04777735765445539,-0.10048009938154866,6.66022807361769,5.783013807095198,-0.01356652455349673,-0.041546909740158636,6.77002234545682,2.7358050781531498,-0.048724639774741105,0.03377046467303153,3.7828792940469054,8.192117671494183,0.06457886040886675,0.012503592745586713,3.835011576297069,7.132540770264674,0.33212673575984786,0.026815477795075614,6.723114149529085,8.71613256237959,0.05065951202750507,0.03948661593109161,5.531949490521763,3.145129523938774,-0.026961964746831595,0.09919687417427134,3.788289724489955,4.821593374485387,0.05403773486853056,0.006802467829072813,4.6645046598491415,8.108915851846632,0.09476219907559225,0.04191932121308778,7.750540566592644,2.9322810019801078,-0.12068530540826823,0.04962038255326959
311,1.9241097217335437,1.3204618812288482,0.3114924776290515,0.16905535528418958,6.010068357804737,6.524412166025773,-0.032058845655453715,-0.11267728698427247,7.428016145102566,4.940764594604802,0.10127587191820828,-0.059723101999310885,1.8500072090815938,8.027005059614142,-0.04913391561956015,-0.09473500977782666,7.197534361852031,1.599661040993407,0.11856296927949005,0.020972653184237744,1.722378505947387,4.106423306577374,-0.1026170078594242,-0.19620370737148618,2.777557589097987,5.760154409737744,-0.2194790808742663,-0.1140866722809906,2.8352044466426523,4.131075174581613,0.1453152041653466,-0.2960571307519968,5.238190709701695,1.8533400552312196,-0.1229342303887439,-0.013276214963393432,9.074234085134126,1.1248482836948674,0.021020986444985307,-0.096932367903425,3.921699514901903,2.8586497040660297,-0.03763837810027906,-0.09964764945734789,6.659549747390015,5.78093646160819,-0.024169547128875146,-0.04009952819530042,6.767586113468083,2.7374936013868014,-0.044370548786105087,0.03712574684559222,3.786108237067349,8.192742851131461,0.07353154063900744,0.019194471166654903,3.8516179130850614,7.133881544154428,0.3405877715479071,0.030760458520721633,6.72564712513046,8.718106893176145,0.05213456791580025,0.03770610803127081,5.530601392284421,3.1500893676474875,-0.01813829877030724,0.09539637883285117,3.7909916112333812,4.821933497876841,0.049993472921256346,0.005279891485804657,4.6692427698029215,8.111011817907286,0.0973809973166115,0.04461571967246268,7.744506301322231,2.934762021107771,-0.11421623077157046,0.04829275363155218
312,1.9396843456149961,1.3289146489930577,0.30722326700733693,0.163435108531093,6.008465415521965,6.518778301676559,-0.03956717719270042,-0.1126826240839918,7.4330799386984765,4.937778439504837,0.08319915257454602,-0.06158813673600379,1.8475505133006158,8.02226830912525,-0.05241821909100619,-0.08999409358529507,7.2034625103160055,1.6007096736526187,0.11904527404626422,0.01671718292326,1.7172476555544158,4.096613121208799,-0.09114076680727347,-0.18765649071766233,2.766583635054274,5.754450076123694,-0.21576822272294965,-0.11927004157479955,2.8424702068509196,4.116272318044014,0.13385079761541602,-0.2748336750845011,5.232043998182258,1.85267624448305,-0.1704638980046344,-0.018279114803867562,9.075285134456376,1.1200016652996962,0.02053415321532432,-0.1003232340489166,3.9198175959968893,2.8536673215931625,-0.027592442886713236,-0.09797850203294803,6.658341270033572,5.7789314851984255,-0.034713830816943535,-0.039012482805141524,6.765367586028777,2.7393498887290813,-0.039802072556199004,0.040029043085266315,3.789784814099299,8.193702574689794,0.08217424393376146,0.025532662944122632,3.868647301662457,7.135419567080464,0.3475821486245329,0.03466304171748086,6.72825385352625,8.719992198577708,0.05336544220090214,0.03577039261668712,5.529694477345905,3.15485918658913,-0.009100036701081927,0.0914615525035007,3.793491284879444,4.822197492451131,0.04472226128220968,0.0029245787435117757,4.674111819668752,8.11324260389091,0.09985141948021718,0.04710962029190991,7.738795489783652,2.937176658789349,-0.10751544382336642,0.04659524668969722
313,1.9550455089653629,1.3370864044196122,0.30215610814438854,0.15765281798300684,6.00648705666233,6.513144170472359,-0.0461643071932917,-0.11255141885909409,7.4372398963272035,4.9346990326680364,0.06376276187658994,-0.06345647953048172,1.8449296023460655,8.017768604445985,-0.055638300047822865,-0.08546598311094701,7.2094147740183185,1.6015455327987818,0.11913398922701889,0.01219891205817726,1.7126906172140521,4.087230296672916,-0.07928324974365576,-0.17854040658904408,2.7557952239181263,5.7484865740449544,-0.21085533409172502,-0.1241438642042513,2.8491627467316905,4.1025306342897885,0.12247050215996023,-0.2535880360583361,5.223520803282026,1.8517622887428566,-0.21646820527468447,-0.02327883920689128,9.076311842117143,1.1149855035972505,0.01963831067804042,-0.10363603561861684,3.9184379738525537,2.848768396491515,-0.017679610805395332,-0.09554317284901191,6.656605578492725,5.776980861058169,-0.045197061467368495,-0.038285396151208594,6.763377482400967,2.7413513408833445,-0.03498290813106435,0.04227004641233798,3.7938935262959874,8.194979207837001,0.09052511841734683,0.031381518096848804,3.8860264090936836,7.137152719166338,0.35349349403189967,0.03852854337460919,6.730922125636296,8.721780718208542,0.054346067129972614,0.03369650916516573,5.529239475510851,3.159432264214305,0.00016306153881675417,0.08736196701506209,3.7957273979435544,4.8223437213883065,0.03830300495267324,-0.0001953990063723529,4.679104390642763,8.115598084905505,0.10226027302600213,0.04950192181410525,7.733419717592484,2.9395064211238338,-0.10049870755436922,0.04453503058322282
314,1.9701533143725822,1.3449690453187626,0.296314862269626,0.15171967143175544,6.004178841302665,6.507516599529405,-0.05187773761285595,-0.11222440791740239,7.440428034421033,4.931526208691512,0.043518777415759255,-0.06523735548898402,1.8421476873436744,8.013495305290437,-0.05877656021864024,-0.08117873090831697,7.21537147347967,1.6021554784016907,0.11882366136928611,0.007346497927012708,1.7087264547268692,4.078303276343465,-0.067126872010902,-0.16891177615953779,2.74525245721354,5.742279380834742,-0.20476320556158034,-0.12875917403873158,2.8552862718396885,4.089851232486872,0.11151029577053305,-0.23255157208242971,5.212697393018292,1.850598346782512,-0.26065217477236513,-0.02873593985159896,9.077293757651045,1.1098037018163196,0.01836206757250968,-0.10687226757152249,3.917553993312284,2.8439912378490644,-0.007917416052702155,-0.09244268600423385,6.654345725419356,5.775066591250608,-0.055604451167781246,-0.03790228233762206,6.761628336994415,2.7434648432039612,-0.029857658208788804,0.043646657313544716,3.798419782216855,8.196548283741844,0.09852666944941317,0.03677468381933816,3.9037010837952786,7.139079146335069,0.358268269760483,0.042338036782216266,6.733639428992794,8.723465543666801,0.055073466196063195,0.03150249702244789,5.529247628587791,3.163800362565058,0.009831228474260633,0.08324933108964991,3.797642548191188,4.8223339514379875,0.030829698594812674,-0.003999632304078004,4.684217404294063,8.11807318099621,0.10457616940296956,0.051843905095181206,7.728394782214766,2.9417331726529947,-0.0931444041049769,0.04218206030346961
315,1.9849690574860634,1.3525550288903503,0.2897475718443254,0.14563741119561138,6.0015849544220226,6.501905379133534,-0.05674213563038162,-0.11158238491467357,7.4426039732918206,4.928264340917063,0.023377946243292976,-0.06689161628082219,1.8392088593327425,8.009436368745021,-0.06178265454024879,-0.07728220279840886,7.221312656548134,1.6025228032980414,0.11810163324048334,0.002031862814131048,1.7053701111263242,4.069857687535488,-0.05472926384992941,-0.15880416131450031,2.735014296935461,5.735841422132806,-0.1980033779775521,-0.13329615182157709,2.8608617866282153,4.07822365388275,0.1008145879725289,-0.21164615189829428,5.1996647842796735,1.849161549789932,-0.3029817454234195,-0.034631613707738144,9.07821186102967,1.1044600884377436,0.016650141335760985,-0.11004873357458284,3.917158122509649,2.8393691035488526,0.0014390841556756826,-0.08902823951621104,6.651565502860967,5.773171477133727,-0.0659583158971857,-0.03784070391181046,6.760135454083975,2.7456471760696384,-0.02437651789325612,0.04456020997403976,3.8033461156893256,8.198387017932811,0.10613786072214877,0.04174572348706373,3.921614497283303,7.14119604817418,0.36188310333895035,0.045999065450500684,6.736393102302597,8.725040668517924,0.05554646891296211,0.029205802468059365,5.5297391900115045,3.1679628291195407,0.020018697897077865,0.07929355372766089,3.799184033120929,4.822133969822784,0.02259439304709844,-0.008342494895225427,4.689446212764212,8.12066537625097,0.10677803613401719,0.054129463639280534,7.723737562009517,2.9438422756681684,-0.0853940151250651,0.039730796004017306
316,1.9994564360782796,1.3598368994501309,0.28249549259589707,0.13942201355454864,5.998747847640503,6.496326259887801,-0.06078178343309215,-0.11056356225586653,7.443772870603985,4.9249197601030215,0.0034156205511161573,-0.06855285677656356,1.83611972660573,8.0055722586051,-0.06463409939558117,-0.07384947556583345,7.227217738210158,1.6026243964387479,0.11701433164348417,-0.003744109269079898,1.7026336479338278,4.061917479469763,-0.04210762865133627,-0.14826543501449918,2.7251141280365836,5.729176614541727,-0.19080130479091614,-0.13780651873823357,2.865902516026842,4.067641346287836,0.09042896141803977,-0.19106406008997517,5.184515697008503,1.8474299691045453,-0.3433536462203097,-0.040971067613558995,9.079044368096458,1.0989576517590145,0.014488936893379127,-0.11316365871323517,3.9172300767174324,2.8349176915730423,0.010333985133287225,-0.08543384064514685,6.648267587066107,5.771279441938137,-0.07620259450693836,-0.0380636676351645,6.758916628189312,2.7478751865683404,-0.018577655391277245,0.04538526445194003,3.808653008725433,8.200474304107164,0.11322300971230304,0.04641488649062761,3.9397086524502503,7.143496001446705,0.36437257216679403,0.04937540966935082,6.739170425748245,8.726500958641326,0.0557643019104034,0.026823332359490696,5.530740124906359,3.1719275068059236,0.030768806854368516,0.07559677642861437,3.8003137527732838,4.821716845078023,0.01481778994441442,-0.012839822923308274,4.694785114570912,8.123371849432935,0.10881456181563207,0.05634327905269597,7.719467861253264,2.9458288154683694,-0.07728059958580043,0.037123567210813474
317,2.0135812107080744,1.3668080001278582,0.2745642079894403,0.1330882250702137,5.995708758468849,6.490798081775008,-0.06389471759034446,-0.10932035195133805,7.443943651631542,4.921492117264194,-0.016276755704872917,-0.07025633014336052,1.832888021635951,8.001879784826809,-0.06633252294511406,-0.06956167053012312,7.233068454792333,1.602437190975294,0.11553662707378679,-0.009794943701324199,1.7005282665012609,4.054504207719038,-0.029390189417079528,-0.1373972857637534,2.715574062797038,5.722286288604815,-0.1832829373216054,-0.14202177896078777,2.870423964097744,4.058088143283337,0.08023643603122947,-0.1707948330620821,5.167348014697487,1.8453814157238673,-0.38187837523375273,-0.0472199168713858,9.079768814941128,1.0932994688233528,0.011875393546854887,-0.11621483109636477,3.9177467759740967,2.830645999540785,0.018806617004987515,-0.08165700350482512,6.644457457340761,5.769376258556378,-0.08617590146084537,-0.03845253939713472,6.757987745419748,2.7501444497909375,-0.012449070797742774,0.046142948777739376,3.814314159211048,8.202795048431696,0.11974769026716983,0.050821464211865744,3.95792728105859,7.145964771930172,0.3657633545379574,0.05246217161334677,6.741958640843765,8.7278421252593,0.05575913903057876,0.02437763960420877,5.532278565249078,3.1757073456273543,0.04202288202393181,0.07209809963682723,3.8010546422705045,4.821074853931858,0.007429138573412222,-0.017368973871236704,4.700225842661694,8.12618901338557,0.1106765040025837,0.05848089588823054,7.715603831273974,2.94768499382891,-0.06884796541097667,0.03478610009916634
318,2.0273094211075464,1.373462411381369,0.2658735855405191,0.12663767108676377,5.992514022589332,6.485332064177441,-0.06612411123646549,-0.1079535052222681,7.443129813846298,4.917979300757025,-0.035646596326821156,-0.07181847204983058,1.8295713954886954,7.998401701300303,-0.06679994443208782,-0.06439089607028425,7.238845286146022,1.6019474437902277,0.1137481461214047,-0.015978642102179263,1.699058757030407,4.04763434343085,-0.016771036751941283,-0.12632001808716153,2.7064099159309576,5.7151851996567755,-0.17551169714683504,-0.14582747555252265,2.8744357858993057,4.049548401630233,0.07020088394678352,-0.1508588228205736,5.148254095935799,1.843020419880298,-0.41858021539602996,-0.053478734633522255,9.08036258461847,1.0874887272685345,0.008836770735418234,-0.119198073928489,3.918687106824346,2.8265631493655436,0.026925092978593627,-0.07781275313873338,6.640148662267719,5.7674536315865215,-0.10127011166830768,-0.040917006497933804,6.757365291879861,2.7524515972298245,-0.006024827794612815,0.046789181917299,3.8203015437244066,8.20533612164229,0.1257102315940503,0.05504321090988763,3.9762154487854877,7.148587880510839,0.3661355494092638,0.055281606725525095,6.744746597795294,8.729061007239512,0.05568451736808124,0.021951741551456752,5.534379709350274,3.1793122506091955,0.0535511460100425,0.0689008468864305,3.8014260991991753,4.820206405238296,0.007043081896905226,-0.02018143039709892,4.705759667861823,8.129113058179982,0.11232040196813413,0.06052364001067612,7.712161433003425,2.9494242988338684,-0.060115718058376566,0.033048725100537246
319,2.040603100384572,1.3797942949357072,0.25634554763482603,0.11995308989641609,5.989207817027509,6.479934388916328,-0.06790748779608062,-0.1062073955354762,7.441347484029957,4.914388377154534,-0.05454741842984469,-0.07318458918079557,1.826231398267091,7.995182156496789,-0.06593862043470948,-0.058296720493120555,7.244532693452093,1.6011485116851187,0.11171860461404139,-0.02208960495501492,1.69822020519281,4.041318342526492,-0.004364018507674773,-0.11512901431752538,2.697634331073616,5.707893825879149,-0.16756043678873986,-0.14925448930736732,2.8779458300966447,4.042005460489204,0.0603909875968766,-0.1312600258568819,5.127325085165998,1.8403464831486218,-0.4534446291342807,-0.0598329704912474,9.080804423155241,1.08152882357211,0.0053849789572114086,-0.1221112645391958,3.920033361473276,2.822672511708607,0.03504932825100116,-0.07347729195435095,6.635085156684304,5.765407781261625,-0.11541858987828006,-0.043326760260119376,6.75706405049013,2.7547910563256894,0.0008332997695790038,0.0474536903997403,3.8265870553041093,8.208088282187784,0.13119872824033535,0.05901278823725828,3.9945222262559508,7.151351960847116,0.3654721448700363,0.057667272015582756,6.747530823663698,8.730158594317084,0.05558643457234207,0.019518047211168114,5.537057266650776,3.182757292953517,0.0653270717655433,0.06608817243108582,3.8017782532940205,4.819197333718441,0.006966358425621313,-0.022891521906023882,4.7113756879602295,8.132139240180516,0.11362661428905793,0.06243895238282416,7.7091556471005065,2.951076735088895,-0.051089011839657084,0.031785831293394275
320,2.0534203777663134,1.385791949430528,0.24593667377875839,0.11302823493239822,5.985812442637705,6.474624019139553,-0.06927107554806522,-0.10407560505396843,7.438620113108465,4.910729147695494,-0.07290512002944262,-0.07438905255466523,1.8229344672453556,7.992267320472132,-0.06385016346127599,-0.05126339997677267,7.250118623682795,1.600044031437368,0.10947049585451894,-0.02810982718676064,1.6980020042674262,4.035561891810616,0.007762340835853976,-0.10387361890508032,2.689256309234179,5.700431101413781,-0.15954371637457818,-0.1524509638446207,2.8809653794764887,4.03544245919636,0.05074544360435722,-0.11218428647318439,5.1046528537092835,1.8373548346240594,-0.4861305914536548,-0.06618689044435523,9.081073672103102,1.0754232603451503,0.0015959791165942286,-0.12495293590916565,3.921785827885826,2.8189986471108894,0.04191814665329151,-0.0687566938676362,6.62931422719039,5.763241443248619,-0.13550510333796253,-0.04211810369948977,6.757105715478609,2.7571637408456766,0.008048339201627803,0.04800057619376894,3.833146991716126,8.211038921599647,0.1362053690173272,0.06277309663705477,4.012795833499452,7.154235324447895,0.3660388334225351,0.057107952599521714,6.750310145392316,8.731134496677642,0.055494862838986546,0.01696481277555019,5.540323620239053,3.1860617015750714,0.07721598408568033,0.06375462805012297,3.8021265712153016,4.81805275762314,0.007252849268321318,-0.025150173795884512,4.717057018674683,8.135261187799657,0.11458865448988743,0.06423140170069669,7.706601196508523,2.952666026653565,-0.041762591115265146,0.030860690186103292
321,2.0657172114552513,1.391443361177148,0.23470168699668442,0.10584562415239754,5.982348888860302,6.469420238886855,-0.07002735977007202,-0.10154782068408251,7.434974857106993,4.907009695067761,-0.09066327936887057,-0.07527145117118778,1.8197419590722919,7.989704150473294,-0.060581526698180135,-0.043298627990764976,7.255592148475521,1.59863854007803,0.1069633296625834,-0.03401823855548832,1.698390121309219,4.030368210865362,0.019442900649830265,-0.09257913253141736,2.6812791234154503,5.692808553221551,-0.15178363642448395,-0.15535907204177332,2.8835026516567064,4.029833244872701,0.041289339564211346,-0.09359392410317019,5.080346324136601,1.8340454901018415,-0.5160795233861041,-0.07246367751677535,9.081153471058931,1.0691756135496921,-0.0024708044457083613,-0.12772484861059358,3.9238817352184907,2.8155608124175076,0.047574492959496305,-0.06451264869947482,6.6225389720234915,5.761135538063645,-0.15532217251082173,-0.04288589334088498,6.757508132438691,2.759563769655365,0.015155933810888363,0.048438264788452944,3.839957260166992,8.2141775764315,0.14075718612154758,0.06628840610496649,4.031097775170579,7.1570907220778714,0.3658553028981621,0.05541490035980566,6.753084888534265,8.73198273731642,0.055453277795913844,0.014317119879124466,5.5441844194433365,3.1892494329775776,0.08925277403938897,0.06194458120593857,3.802489213678718,4.816795248933346,0.007915265115503592,-0.026283907318031454,4.722786451399177,8.138472757884692,0.11513733573414155,0.06604107378067706,7.70451306695276,2.95420906116287,-0.03211925249460246,0.030262670591776678
322,2.0774522958050854,1.3967356423847679,0.22274644960807358,0.0984237811898941,5.978847520871798,6.464342847852651,-0.0703400543047314,-0.09865118489093304,7.430441693138549,4.903246122509202,-0.10788717694520267,-0.07616005761146369,1.8167128827373829,7.9875392190737555,-0.0561915607914409,-0.03465483020572126,7.26094031495865,1.5969376281502556,0.10442736995687299,-0.04019081510215733,1.6993622663417105,4.025739254238791,0.030433585874363345,-0.08136361039115285,2.673689941594226,5.685040599619462,-0.14488086721652954,-0.15816879643973064,2.885567118634917,4.025153548667542,0.032143190107710336,-0.07544109111824587,5.0545423479672955,1.8304223062260028,-0.5432191066161227,-0.07873896180708907,9.081029930836646,1.0627893711191625,-0.006738029487693873,-0.1304296349336045,3.9262604598664654,2.812335179982534,0.052355526430723,-0.061036312101078516,6.614772863397951,5.758991243396601,-0.17437951194067708,-0.04552897097515994,6.7582659291292355,2.761985682894788,0.02213690729302032,0.04871619968707528,3.8469951194730694,8.217491996736747,0.14484039001842774,0.06959211014322886,4.049390540315487,7.159861467095862,0.3641659169028933,0.05384209564804657,6.755857552424061,8.732698593310376,0.055443785383704335,0.011649703805742564,5.548647058145306,3.1923466620378744,0.10130413881886133,0.06065855669880342,3.802884976934493,4.815481053567444,0.008793825286034866,-0.02622240079032261,4.728543318185884,8.141774811573725,0.11530420378006764,0.06780935937555764,7.70290710432803,2.955722194692459,-0.02212209921243693,0.029909068760765205
323,2.0885896182854893,1.4016568314442626,0.2101730777804712,0.09083586478588523,5.975330518156562,6.459410288608104,-0.06999835913015655,-0.0953584212852192,7.425047334291289,4.899438119628629,-0.12460455872058185,-0.07722767468139352,1.8139033046978108,7.98580647756347,-0.0507484854921779,-0.025431774366182682,7.2661616834564935,1.5949280873951477,0.10195057009627634,-0.046941491138038374,1.7008839456354288,4.021671073719233,0.040521563224121496,-0.07030469647480343,2.6664458982333996,5.677132159797476,-0.13908462210351435,-0.1609295459362502,2.8871742781403027,4.02138149411163,0.02340407331979987,-0.057622957585244924,5.02738139263649,1.8264853581356484,-0.5684337548628878,-0.08493826246877216,9.080693029362262,1.0562678893724822,-0.011212671987975206,-0.13306591912849117,3.9288782361880017,2.80928336437748,0.056435085503575136,-0.05809706029076624,6.6060538878009165,5.756714794847842,-0.19255094902535191,-0.04921621860909396,6.759372774493887,2.7644214928791415,0.029061427725969386,0.04951308109829988,3.854237138973991,8.220971602243909,0.14832463578065672,0.07279147029034742,4.067598836160632,7.162553571878264,0.36109190532373736,0.05219395439058168,6.758629741693246,8.733281078500664,0.05546900224626365,0.008960631874797644,5.553712265086249,3.1953795898728146,0.11300883106339105,0.05975451451817584,3.803324668198795,4.8141699335279275,0.00950049013138227,-0.025063036339599675,4.734308528374887,8.145165279542503,0.11508076794601746,0.06952634623291228,7.701800999367409,2.9572176481304973,-0.011753512135772956,0.02981153668516823
324,2.099098272174513,1.4061986246835567,0.20098058720277345,0.0845652035808319,5.971830600200054,6.454642367543843,-0.06903403160108379,-0.09168462455696583,7.41881710635526,4.895576735894559,-0.14073224641322407,-0.07837056049674572,1.811365880423202,7.984534888845161,-0.04419610516876786,-0.01582845504908025,7.271259211961307,1.5925810128382458,0.0994997060792666,-0.054405783783492784,1.7029100237966348,4.018155838895493,0.04958442562036173,-0.05952573365403507,2.659491667128224,5.669085682500664,-0.13410188800448386,-0.16353449410673332,2.8883444818062927,4.018500346232368,0.015068865917093725,-0.04022211169996813,4.998959704893346,1.8222384450122098,-0.5926443822399211,-0.09290878853817486,9.080132395762863,1.0496145934160577,-0.015794413604105082,-0.1356390443791287,3.9316999904631804,2.806378511362942,0.05990618508886986,-0.055747329150927546,6.596426340349649,5.754253983917388,-0.20746920334120503,-0.047766532599657116,6.760825845880185,2.7668971469340566,0.03457679116588695,0.05120449514160719,3.861653370763024,8.224611175758426,0.1512093705751542,0.07586547311507115,4.0856534314268185,7.165163269597793,0.35669474066602536,0.05046590230345352,6.7614031918055595,8.733729110094403,0.05546980877161327,0.006301271369157138,5.559362706639418,3.1983673155987233,0.12365354559767373,0.059523393526655255,3.803799692705364,4.812916781710948,0.009977636861209198,-0.024094651131201572,4.740062566772188,8.14864159685415,0.11451334849156208,0.07105240292864178,7.70121332376062,2.958708224964756,-0.0008730999744227044,0.029664234737004573
325,2.1091473015346516,1.4104268848625983,0.19087056209491288,0.07829759636876525,5.968378898619999,6.450058136315995,-0.06717874725295356,-0.08751091845757485,7.411780494034599,4.891658207869721,-0.15628584749936375,-0.07943138710751953,1.8091560751647635,7.983743466092707,-0.03659105168432801,-0.005969729829115266,7.27623419726527,1.5898607236490712,0.0970441731559258,-0.06254630677014325,1.7053892450776529,4.015179552212791,0.057544949285313056,-0.04909704423381184,2.6527865727279996,5.6609089577953275,-0.12991689055019823,-0.16594803388144921,2.8890979251021474,4.01648924064737,0.007149983547098606,-0.02336260264912203,4.969327485781349,1.8175930055853011,-0.6156008057013583,-0.09871817163248561,9.079342675082659,1.0428326411971012,-0.02040780528661069,-0.13817129276437926,3.934695299717624,2.8035911449053956,0.06268792790007285,-0.053534657774162775,6.586052880182589,5.751865657287405,-0.2217870958330225,-0.046952009331166084,6.762554685438479,2.769457371691137,0.04012902268630131,0.0530678948483881,3.8692138392917816,8.22840444941418,0.1534736798771266,0.07885326378159174,4.10348816846012,7.167686564712965,0.35094112777518577,0.04862404259770735,6.76417668224414,8.734044173662861,0.05535930213272872,0.0036889597898700855,5.565545383919302,3.201343485275056,0.13224959037649758,0.058828254310396136,3.804298574548424,4.811712049154388,0.010653685780767723,-0.023882022992949968,4.745788234196766,8.152194217000583,0.11359901808358498,0.07237426454218361,7.701169668761899,2.960191436701606,0.010653021224708308,0.029121803924511608
326,2.118690829639397,1.4143417646810366,0.18093660463737046,0.07197514915821494,5.965019961257352,6.445682590393116,-0.06430287455154708,-0.08264011368579388,7.403966201659631,4.887686638514345,-0.1712626335763863,-0.08038912897527041,1.807326522580547,7.983444979601251,-0.028064274953313758,0.004047255408483153,7.281086405923067,1.586733408310564,0.09464572062065416,-0.07119311458974813,1.7082664925419184,4.0127247000011,0.06450482048802035,-0.039304079328311425,2.6462907282004897,5.652611556101255,-0.12641893720978703,-0.16825290693815897,2.889455424279502,4.015321110514914,-0.00039355198346856333,-0.007094347832589894,4.938547445496281,1.8126570970036768,-0.6366092733756137,-0.1035222985508015,9.078322284818329,1.0359240765588822,-0.025111025639141173,-0.1406813160677092,3.937829696112628,2.8009144120166876,0.06552937556636028,-0.05216821114127088,6.574963525390937,5.749518056820847,-0.23503373639603367,-0.046981165193450906,6.7645611365727945,2.7721107664335563,0.04573731870812042,0.055118652815323736,3.876887523285638,8.232347112603259,0.1550921974398736,0.08180715132616409,4.121035224848879,7.170117766842851,0.3439470546822483,0.04663384294986351,6.766944647350777,8.734228621652354,0.05514188860297504,0.001129235898552241,5.572157863438127,3.204284897990576,0.13560475781011708,0.05717103507926744,3.8048312588374626,4.81051794800474,0.011535211282376572,-0.024415424446817522,4.751468185100945,8.155812930227691,0.11233323335803815,0.07348421674238774,7.701702319823135,2.9616475268978317,0.02246270556089376,0.028789417621749875
327,2.127737659871266,1.4179405221389474,0.17115235318587815,0.06558367082831802,5.961804817529774,6.441550584708827,-0.0606479248119717,-0.07702610381371498,7.395403069980811,4.883667182065581,-0.18565419442891393,-0.08118241268738928,1.8059233088328814,7.983647342371675,-0.018741773234315803,0.0141076745507294,7.285818691954099,1.5831737525810765,0.09223547232618146,-0.08011104978233312,1.7114917335663193,4.010759496034685,0.07093784996084826,-0.030349523041976433,2.6399697813400005,5.644198910754347,-0.12364886089021172,-0.17041677403178165,2.889435746680329,4.014966393123284,-0.007555567123525174,0.008455171825498792,4.9067169818275005,1.8074809820761368,-0.6534007496849131,-0.10753319530804656,9.077066733536372,1.0288900107554968,-0.029894879155123802,-0.14318758465094733,3.941106164890946,2.798306001459624,0.0684550667611926,-0.05098370396126557,6.563211838571136,5.7471689985611745,-0.24690772371311895,-0.047551222758797265,6.7668480025082,2.7748666990743223,0.05138595291834934,0.05725335889528361,3.8846421331576315,8.236437470169568,0.1560478122599963,0.08477863714210637,4.138232577582992,7.172449458990344,0.3358821617941791,0.04440877734601124,6.769701741780926,8.734285083447283,0.0548172060841352,-0.0013801995539686066,5.5789381013286325,3.2071434497445392,0.13794274217832214,0.05520621955951732,3.8054080194015816,4.809297176782399,0.0125278130197566,-0.025602340213265306,4.757084846768847,8.15948714106481,0.11071380384422608,0.07437362579645845,7.70282545510118,2.963086997778919,0.03443485129711126,0.028778568582504944
328,2.13629527753056,1.4212197056803633,0.16151993115590607,0.05913523578998985,5.958772421289176,6.4376992795181405,-0.056356642590296775,-0.07072007172233581,7.3861203602593655,4.879608061431211,-0.1987361413979462,-0.08160330292366269,1.8049862201711657,7.984352726099212,-0.008750535713144231,0.02410719860764087,7.290430465570409,1.5791682000919598,0.08974057463278584,-0.08820504240303968,1.7150386260643617,4.009242019882586,0.07736878880076067,-0.022172609184516412,2.6337873382954897,5.635678072052758,-0.12160558721775021,-0.17241077533837507,2.8890579683241526,4.015389151714559,-0.013070374750130207,0.019307702424139234,4.874046944343255,1.8021043223107345,-0.6680068693772387,-0.10999745267500184,9.075571989578615,1.0217306315229495,-0.034575366296136945,-0.14565620321525502,3.9445289182290053,2.795756816261561,0.07056426130813055,-0.04826661449451495,6.55086645238548,5.744791437423235,-0.2575174220087122,-0.048995075522420266,6.769417300154117,2.7777293670190866,0.0570822999016629,0.05950152223030892,3.8924445237706315,8.240676402026674,0.15632206626912393,0.08782906931005366,4.1550266856727,7.174669897857644,0.32681024098204914,0.04196331090211494,6.772442602085133,8.734216073469584,0.054390306814911984,-0.0038720620670935494,5.585835238437548,3.209903760722515,0.13958610444712766,0.052986836699750836,3.8060344100525696,4.808017059771736,0.013387253510360046,-0.027006464245971327,4.762620536961058,8.163205822354634,0.10872162252820797,0.07503352870250377,7.704547197666035,2.9645259262080446,0.046899067648620354,0.027691285705089524
329,2.144371274088355,1.4241764674698627,0.15206517567084823,0.05264816800115051,5.955954589159661,6.434163275932024,-0.051450144694579154,-0.06369106881744384,7.376183553189468,4.875527896285028,-0.21034736759900363,-0.08166898376720781,1.8045486933855086,7.985558086029594,0.0017759127750912422,0.03394518662663044,7.294917494302048,1.574757947971808,0.0870465210573893,-0.09539481542616819,1.7189070655043999,4.00813338942336,0.08374478780440943,-0.014759313528073768,2.627707058934602,5.627057533285839,-0.1202578721826693,-0.17426656688477943,2.888404449586646,4.016354536835766,-0.01818668956362489,0.02922180482944891,4.840646600874393,1.7966044496769844,-0.6809315420404506,-0.10898462475334308,9.073843221263807,1.0144478213621868,-0.039034010909760566,-0.14802991963668036,3.9480571312944117,2.7933434855368353,0.07240621321481161,-0.04520040758479882,6.537990581285045,5.742341683647114,-0.2669552736165117,-0.05067861262565599,6.7722714151492,2.780704443130602,0.06285393649202449,0.0619305614478406,3.9002606270840876,8.245067855492177,0.15560037434777058,0.0906245336692775,4.1713671977218025,7.17676806340275,0.31680569672393144,0.039298991290029124,6.775162117425879,8.734022470366229,0.0538745474511415,-0.006345830100180803,5.592814543659904,3.2125531025575023,0.14023083410608894,0.050404889775422033,3.8067037727280875,4.806666736559438,0.014142682405714316,-0.028661306183096057,4.768056618087468,8.16695749878976,0.10632168732739754,0.07545614849793049,7.706892151048466,2.965910490493299,0.059703796395034536,0.026431264096766667
330,2.1519745328718978,1.4268088758699202,0.14276063134120498,0.04613475346920433,5.953382081924932,6.430978722491152,-0.04595431779457381,-0.05586205237037658,7.365666184809518,4.871444447096668,-0.2205500227951935,-0.08132383364199484,1.8046374890242631,7.987255345360926,0.012698468400529933,0.04351676721544803,7.299269820354917,1.5699882072004996,0.08417346840073876,-0.10166926897674536,1.7230943048946203,4.0073954237469565,0.09000365995578424,-0.008160235945714453,2.6216941653254686,5.6183442049416,-0.11883483103269543,-0.17596802859481522,2.887495115108465,4.017815627077238,-0.02288775520824674,0.038162433745474074,4.806600023772371,1.7911552184393174,-0.6898628569856715,-0.10443177946900031,9.071891520718319,1.0070463253803528,-0.043377653576696484,-0.15008462007833887,3.951677441955152,2.7910834651575955,0.07392939370703391,-0.04141238488782693,6.524642817604219,5.739807753015831,-0.2689490471216034,-0.046880665755328996,6.775414111973801,2.7838009712029943,0.06867563278835875,0.06440070644984808,3.908040645801476,8.24959908217564,0.15435428970238008,0.09308967504762061,4.187207482557999,7.1787330129672515,0.3060080083589488,0.0364356420832835,6.777855844798435,8.73370517886122,0.05926920179963412,-0.005935210209863482,5.599826085365208,3.2150733470462733,0.13969559594440586,0.04741306983491462,3.8074109068483732,4.805233671250283,0.014445983248357101,-0.03012476365944374,4.7733727024538375,8.170730306214656,0.10351087644852466,0.07563582869030791,7.709877340868218,2.967232053698137,0.07283706445333456,0.024972725493729073
331,2.159112564438958,1.4291156135433805,0.13353917141603028,0.03960675517079773,5.951084366035204,6.428185619872633,-0.0405102888209944,-0.04786254354245185,7.354638683669759,4.867378255414568,-0.22938995934962542,-0.08037264288349832,1.8052724124442896,7.989431183721698,0.02387949211745651,0.05270207096310199,7.303478493774954,1.5649047437516623,0.08113140565624051,-0.10705940454810595,1.7275944878924097,4.0069874119496705,0.09612841495089189,-0.0023703975869545724,2.615752423773834,5.6095458035118595,-0.1171647852545401,-0.17751571842383693,2.8863507273480526,4.019723748764512,-0.0272077132245231,0.04617287630042479,4.772106880923087,1.7859336294658674,-0.6952873635754419,-0.09944880695139072,9.069722638039485,0.9995420943764358,-0.04773741333957967,-0.15087006726978588,3.955373911640504,2.789012845913204,0.07483539045434884,-0.03694485247660924,6.511195365248139,5.737463719728065,-0.2790796566935371,-0.04681781365276435,6.77884789361322,2.7870210065254866,0.07451305018228156,0.06663297527502146,3.915758360286595,8.254253565928021,0.152262505299652,0.09472164332978375,4.202507882975946,7.180554795071416,0.29438759261178316,0.03337295855313166,6.780819304888417,8.733408418350727,0.06441088062465491,-0.005498659318836628,5.606810865162429,3.217444000538019,0.1379031550084365,0.043963714396562985,3.8081332060107913,4.803727433067311,0.014211513104442878,-0.03135612660950053,4.778548246276264,8.174512097649172,0.10607475198961563,0.07443540055088954,7.7135191940908845,2.9684806899728238,0.0862678610169599,0.02319550628018375
332,2.1657895230097597,1.4310959513019204,0.12440054704593216,0.03307566339132729,5.949058851594154,6.425792492695511,-0.03564692419899752,-0.03988055848009108,7.343169185702277,4.8633596232703935,-0.23708475954770358,-0.07892783327906217,1.8064663870501625,7.992066287269853,0.03528631014972122,0.061472885501104,7.307535064057767,1.559551773524257,0.07795288366546445,-0.11156466558187937,1.7324009086399543,4.006868892070322,0.10210640952698842,0.0026199770824780677,2.609894184511107,5.600670017590668,-0.11523706636184658,-0.1788999175551171,2.8849903416868266,4.022032392579533,-0.03145318704151395,0.05333181807598517,4.737342512744315,1.780961189118298,-0.6990750454083514,-0.09557141342257164,9.067335767372505,0.9919985910129465,-0.05179502523716745,-0.15093047384732644,3.959115681163221,2.7871656032893735,0.07477919724416426,-0.03201910190810014,6.4972413824134625,5.735122829045427,-0.2879673678608726,-0.04721357904114881,6.782573546122334,2.7903526552892375,0.08037883528929812,0.06853353624264565,3.9233714855515776,8.258989648094511,0.1495164563574437,0.09552968906350381,4.217227262606536,7.182223442999073,0.28227056586551014,0.03009808639913424,6.78403984891965,8.733133485384785,0.06930321571171584,-0.005026629508065281,5.613706022912851,3.2196421862578473,0.13487706854391224,0.04003453486224692,3.8088437816660132,4.802159626736836,0.01374987028778009,-0.03240668781032789,4.783851983875745,8.178233867676717,0.10797438517369098,0.073363593274432,7.717832587141732,2.969640465286833,0.09996004927989935,0.02104945277971025
333,2.1720095503620565,1.4327497344714868,0.11532252867864166,0.026526863071894075,5.947276505384204,6.423798464771506,-0.03150008042289069,-0.03196476884610175,7.331314947724892,4.859413231606441,-0.24358530618190083,-0.07691382753609503,1.8082307025576485,7.995139931544908,0.0468034578695813,0.06976957414718211,7.31143270824104,1.553973540245163,0.07467906167080217,-0.11520415909200644,1.7375062291163037,4.006999890924447,0.10791091919653073,0.006816166053878329,2.6041323311930147,5.591725021712912,-0.11304628311449494,-0.18011940940197657,2.883417682334751,4.024698983483332,-0.03559575269424203,0.05950342716476367,4.702388760473898,1.7761826184471694,-0.7000320661530328,-0.09229854584728382,9.064746016110647,0.9844520673205802,-0.05554871752139386,-0.15006748380699436,3.9628546410254293,2.7855646481939687,0.07390155163240127,-0.02675255954791356,6.4828430140204185,5.732762150093369,-0.29571334609707106,-0.0481918494936184,6.786592487886799,2.7937793321013698,0.08633631022137267,0.07037529182652798,3.93084730836945,8.263766132547687,0.14621236637910642,0.09564104892192356,4.231340790899812,7.183728347319029,0.2738452600817615,0.023803310644920906,6.787505009705236,8.732882153909381,0.07663666126072707,-0.005227831948140857,5.620449876340047,3.2216439130009595,0.1305827703272117,0.035616433327999526,3.8095312751804022,4.80053929234632,0.013071829828028007,-0.033272629584427955,4.789250703134429,8.181902047340438,0.10916950635768241,0.07247196040831762,7.722830589605727,2.9706929379258185,0.11390331763860678,0.018516817709326703
334,2.1777756767959886,1.4340760776250816,0.10620461096213853,0.019929526690220262,5.94570150136306,6.422200226329201,-0.027970774294269585,-0.024404724319047916,7.319135682415797,4.855567540229636,-0.2489410759502581,-0.07412401667742814,1.8105708754511276,7.998628410252267,0.05837030245213898,0.07759167273016514,7.3151666613245805,1.5482133322905627,0.07134551880230718,-0.11799810390531755,1.7429017750761302,4.00734069922714,0.1134111836623396,0.01024074533151295,2.59848001703729,5.582719051242813,-0.11058807170742954,-0.18121063084256003,2.881637894700039,4.02767415484157,-0.039594985567562614,0.06504923516711639,4.667387157166247,1.7715676911548053,-0.6982154877573681,-0.08985948895161054,9.061968580234577,0.9769486931302305,-0.05905446416910943,-0.14831771439501326,3.9665497186070495,2.784227020216573,0.07275232714247397,-0.021345044752252587,6.468057346715565,5.730352557618688,-0.3023616615863632,-0.0496755062390224,6.790909303397868,2.797298096692696,0.09241221138697726,0.07257612944613066,3.9381579266884055,8.268548184993783,0.1423849938132409,0.09506160735031537,4.245033053903899,7.184918512851275,0.26406500214146916,0.017565914419587693,6.791336842768272,8.732620762311974,0.08349889633000197,-0.005344710195495037,5.626979014856407,3.2234247346673595,0.12504378929185994,0.03069730409046691,3.8101848666718037,4.798875660867099,0.012266603487138077,-0.03396898119641471,4.794709178452313,8.185525645360855,0.10974378928698367,0.07108887830533343,7.728525755487658,2.9716187788112847,0.12806644070980047,0.015572444928705652
335,2.1830859073440956,1.4350725539595925,0.09705149074243104,0.013295047674154663,5.944302962648346,6.420979990113248,-0.02511858028305819,-0.01724694110877036,7.306688628618284,4.851861339395764,-0.2532111001753739,-0.07062681361048306,1.8134893905737346,8.002507993888775,0.06987562908082398,0.08488651682110371,7.318733937264696,1.5423134270952967,0.06797731173505597,-0.11993999585121608,1.7485723342592472,4.0078527364937155,0.11838811934702054,0.012891980606483482,2.5929506134519187,5.573658519700684,-0.1086890427654406,-0.18407321487467834,2.879658145421661,4.030926616599926,-0.04323665837251428,0.07050139905712055,4.632476382778378,1.7670747167072247,-0.6940460027844143,-0.08711493738983772,9.059015857026122,0.9695328074104798,-0.06246541931506452,-0.1458245387170581,3.9701873349641734,2.7831597679789604,0.07127824131977252,-0.016124431496155747,6.452939263636247,5.727868782306737,-0.3080304436566423,-0.05111077816897192,6.795529913967217,2.800926903165003,0.0985824529216872,0.07562437188844053,3.9452771763790677,8.2733012653613,0.14545825809916296,0.09436507990462652,4.258236304010973,7.185796808572254,0.25286978506850544,0.01131236272781714,6.795511787584773,8.7323535268022,0.08983488348067108,-0.005369770473625732,5.633231204321,3.224959599871883,0.11876606866169102,0.025450413009133747,3.8107981968461604,4.797177211807278,0.011345222594742105,-0.034487040414717084,4.800196367916662,8.189080089276121,0.10976484351016348,0.06967543508641678,7.734929077523148,2.97239740105772,0.14225747216579412,0.012464981919050176
336,2.187938481881217,1.4357373063433003,0.08786332448171173,0.006643897238945389,5.943047033634193,6.42011764305781,-0.02281806153191378,-0.010521657396621692,7.294028073609515,4.84832999871524,-0.2564634063833884,-0.06651093668251122,1.8169831720277758,8.00675231972983,0.08144616617112549,0.09173338208766521,7.322132802851449,1.5363164273027359,0.06458456916084104,-0.12104800028338766,1.7544917402265983,4.00849733552404,0.122781782604381,0.014755337099896931,2.587516161313647,5.5644548589569505,-0.10724592304581608,-0.18695514880966493,2.8774963125030353,4.0344516865527815,-0.04642347323202375,0.07571322360834526,4.597774082639158,1.7627189698377328,-0.6894062427521181,-0.08410562274103067,9.055892586060368,0.9622415804746268,-0.06578231460627373,-0.14259601252713483,3.973751247030162,2.7823535464041527,0.06948270839285545,-0.011656853636396416,6.437537741453415,5.725313243398288,-0.3127849880786727,-0.05238153755405107,6.800459036613301,2.804708121759425,0.10481343643230064,0.07937548552672234,3.952550089284026,8.27801951935653,0.14767152868887223,0.09348166055856219,4.270879793264398,7.186362426708645,0.24126520329522433,0.0049477169188819736,6.800003531758806,8.732085038278518,0.09569648434162441,-0.005295451927522418,5.639169507754085,3.2262321205223397,0.11139798834371693,0.019965880444255284,3.8113654579758975,4.7954528597865425,0.010242279993895815,-0.03482603240223605,4.80568461009217,8.192563861030441,0.11015848189748591,0.06846633000083524,7.742041951131438,2.9730206501536722,0.156248388477535,0.009471229670464952
337,2.1923316481053026,1.4360695012052476,0.07874961038278137,8.362600562515209e-05,5.941906130557597,6.419591560187979,-0.021010469840300583,-0.0042350757909488555,7.281204903290345,4.845004451881114,-0.2587984157347611,-0.062024479796577346,1.8210554803363321,8.011338988834215,0.09304737879186066,0.09810157586308063,7.325362031309491,1.5302640272885666,0.06118253608515077,-0.12137971826906985,1.7606308293568174,4.0092351023790345,0.12658489980511323,0.015867704778330587,2.582153865161356,5.555107101516467,-0.10585370792800393,-0.18986553464930603,2.875175138841434,4.038237347733199,-0.049123004474275145,0.08071498872539448,4.563303770501552,1.7585136887006814,-0.6844892902017069,-0.0817199224332442,9.052603470330055,0.9551117798482701,-0.06900721385356244,-0.138625758687046,3.977225382449805,2.7817707037223327,0.0670009885413616,-0.008204020639551172,6.421898492049482,5.7226941665205855,-0.31657930465360384,-0.05335711387657681,6.805699708434916,2.808676896035761,0.11110540108245474,0.08377899286369649,3.9599336657184696,8.282693602384457,0.1495470137961749,0.09249036872638336,4.282943053429159,7.18660981255459,0.2295402171592647,-0.0007497074183859028,6.804788355975887,8.731820265682142,0.10106700104415718,-0.005126594448520091,5.64473940717127,3.2272304145445525,0.10323017462539799,0.013998445203509739,3.811877571975592,4.7937115581664305,0.008817448469404503,-0.03497129140120003,4.811192534187044,8.195987177530483,0.11086680971242255,0.06742910980962473,7.7498543705553145,2.9734942116371954,0.1701244466387937,0.0063595086539983345
338,2.196269128624442,1.436073682505529,0.0697874530141214,-0.00631685039045868,5.940855607065582,6.419379806398432,-0.020017724679244064,0.0013527944641637925,7.268264982503608,4.841903227891286,-0.26030405774652277,-0.057350593124915014,1.825707849275925,8.016244067627369,0.10455775244384202,0.10387275945814194,7.328421158113748,1.524195041375113,0.05780228105654531,-0.12092523085031395,1.766960074347073,4.010028487617951,0.12975586206428663,0.01624396107753571,2.5768611797649554,5.5456138247840014,-0.10432301035875287,-0.19281149719756194,2.87271898861772,4.042273097169469,-0.05142262058758024,0.08541766518554139,4.529079305991466,1.7544276925790192,-0.6787912865817977,-0.08151806112901322,9.049153109637377,0.9481804919139178,-0.07214363671120462,-0.13390140699782652,3.980575431876873,2.781360502690355,0.06350525435638121,-0.005763991629374513,6.406069526816801,5.720026310826757,-0.3192024231137822,-0.05337853156439848,6.811254978489038,2.8128658456789455,0.11745297537606818,0.08883877267162171,3.9674110164082785,8.287318120820776,0.15113250740548412,0.09137483399240247,4.294420064287123,7.18657232718367,0.21798780137109103,-0.0052780917015709085,6.809841706028095,8.731563935959716,0.10593654517770115,-0.004870760393386927,5.64990091590254,3.227930336804728,0.09438764824915058,0.008135857885685376,3.8123184443990623,4.79196299359637,0.007160513477925583,-0.03494943984220507,4.816735874672665,8.199358633020964,0.11187259301699465,0.066557106243151,7.7583605928872545,2.9738121870698953,0.18384493816730474,0.00302927570593353
339,2.1997585012751477,1.435757839986006,0.06089427163051163,-0.012600062843585587,5.93985472083162,6.41944744612164,-0.020631151096356416,0.005796097587280286,7.255249779616282,4.8390356982350395,-0.26103624157547267,-0.052543287416387446,1.8309357368981172,8.021437705600276,0.11587953997998628,0.10910402071149887,7.331311272166576,1.5181487798325974,0.054379909385941554,-0.11972736924964672,1.7734478674502874,4.010840685671828,0.13225983344726222,0.015896749609502218,2.571645029247018,5.535973249924123,-0.1026857933288237,-0.19578334920954057,2.870147857588341,4.046543980428746,-0.0533886086424518,0.08976974116465497,4.495139741662376,1.7503517895225686,-0.6715706048250628,-0.08526161689833753,9.045545927801816,0.9414854215640265,-0.07519237890120802,-0.12843404429593366,3.983750694594692,2.7810723031088864,0.060130733667132175,-0.0051931127306496,6.3901094056611125,5.717357384248537,-0.32071869188864927,-0.05220510712303109,6.817127627257841,2.8173077843125265,0.123266864954053,0.09403478113035527,3.974967641778553,8.291886862520396,0.15249923706730645,0.09011709300680033,4.305319454355677,7.186308422598592,0.20673655742215458,-0.008198807026151578,6.81513853328698,8.731320397940047,0.1102994885736734,-0.004533519804535654,5.654620298314998,3.228337129699012,0.08505806102800495,0.0021575898732809334,3.8126764700729585,4.79021552160426,0.005432604255680366,-0.0347614462919976,4.822329504323515,8.202686488333121,0.11317068346000975,0.0658561620932843,7.76755283979562,2.973963650855192,0.19737710286018345,-0.0004883646761179379
340,2.202803214856673,1.4351278368438267,0.052090558308825835,-0.018775846120143512,5.938823163276802,6.419737251001004,-0.022160545931590104,0.009489569808774008,7.242197967537508,4.83640853386422,-0.2610365518921545,-0.047638721828747635,1.8367297138971166,8.026892906635851,0.1269177092447797,0.11379524674685539,7.334030267635873,1.512162411370115,0.05076329511871152,-0.11805730316865927,1.7800608591226506,4.011635523152303,0.13415073008052963,0.014902607930245063,2.566510739580577,5.526184082463646,-0.10094884059184994,-0.19878616639327357,2.8674784271562186,4.051032467486979,-0.054988239728443654,0.09369655141434122,4.461561211421123,1.7460887086776518,-0.6636181240618658,-0.09083009627238862,9.041786308856755,0.9350637193492298,-0.07814759767826852,-0.12222198935785573,3.9867572312780486,2.780812647472354,0.05695969988238505,-0.005775991627616176,6.37407347106668,5.714747128892386,-0.3205675784679244,-0.04969340334124751,6.8232909705055445,2.822009523369044,0.1276654478297816,0.09976041634599533,3.982592603631918,8.296392717170736,0.1536373501338605,0.08875840559480659,4.315656282226785,7.185898482247285,0.19531281018065755,-0.00996318963438646,6.820653507715663,8.73109372194982,0.1141544975781471,-0.004121557319594768,5.658873201366398,3.228445009192676,0.07525579109239704,-0.003907037818822453,3.8129481002857424,4.78847744928966,0.0036254253262322385,-0.03431396688935118,4.827988038496516,8.205979296437786,0.11476454854167764,0.06533608376764018,7.777421694938629,2.973939232621386,0.2098714642607877,-0.0041330620442629265
341,2.2054077427721146,1.4341890445378196,0.04342432608054672,-0.024830798860812762,5.9377151359802225,6.4202117294914425,-0.02395740655196955,0.012710052351884856,7.2291461399429,4.834026597772783,-0.2603445974731377,-0.04266515343396748,1.8430755993593555,8.032582668973193,0.1375743864312688,0.1179108550813967,7.336568432391808,1.5062595462116821,0.046350831438801816,-0.11572487153190857,1.786768395626677,4.012380653548815,0.1354500982981171,0.013280669247152469,2.5614632975509846,5.516244774143983,-0.09911063818985429,-0.20181809727948258,2.8647290151697966,4.055717295057696,-0.0562609169861007,0.09761297182938505,4.428380305218029,1.7415472038640323,-0.6544506316721869,-0.0959172826685106,9.037878928972843,0.928952619881337,-0.08098878308411893,-0.1152679728213815,3.989605216272168,2.780523847890973,0.05404926431011847,-0.007355677323085556,6.358045092143284,5.7122624587253235,-0.3186022512795518,-0.046244565718247366,6.829674242897034,2.826997544186344,0.1305258136377917,0.10582431052843895,3.990274471138611,8.300830637450476,0.15455299184402269,0.08731867821766011,4.325421922735818,7.185400322765565,0.1837576048951084,-0.010818908653114002,6.826361232594571,8.730887644083841,0.11751043316662614,-0.0036411239989681513,5.662635990921018,3.228249657301735,0.06502699925947314,-0.010045937368664333,3.813129371552054,4.7867617509451925,0.0017304651463072736,-0.03362610791479008,4.8337262659236,8.209246100626167,0.11581066928960149,0.06448534862853843,7.787915268151668,2.9737325795191727,0.22095237154600117,-0.007881553078174631
342,2.207578959076142,1.432947504594779,0.03490716208861862,-0.03075334919633923,5.936517265652624,6.420847232109037,-0.02609790210558226,0.015532693448894038,7.216128910069243,4.831893340101084,-0.2591450446838072,-0.0376157701662072,1.8499543186809189,8.038478211727263,0.14775296433120166,0.12142303232522547,7.338885973963748,1.5004733026350867,0.04070896012058072,-0.11253853872496372,1.793540900541583,4.013044687011173,0.13618517518751283,0.01088422631973233,2.556507765641492,5.506153869280009,-0.09717620632404293,-0.20485786207866022,2.8619159693204916,4.0605979436491655,-0.05724420177244428,0.10148553142151286,4.39565777363442,1.7367513397306067,-0.6438142111242247,-0.10067462031320684,9.033829489818636,0.9231892212402679,-0.0837123424487954,-0.10760177465715688,3.9923076794876735,2.7801560640248186,0.051219339711782254,-0.00938330682520319,6.342114979579306,5.709950230439411,-0.31497449504156805,-0.04273858959264941,6.836200533578923,2.8322887597127657,0.13133509179067476,0.1107469750664648,3.998002120730812,8.305196571361359,0.15524125077506346,0.08582086760429612,4.334609802980573,7.184859377332909,0.17220259332465476,-0.010812239887259446,6.832236754252902,8.730705587883893,0.12036375929355923,-0.003092274976952222,5.665887340883992,3.227747360433302,0.05443482621955996,-0.016239507043752262,3.8132158948093693,4.785080445549453,-0.0002504210895258943,-0.03271780716855781,4.83951679938808,8.212470368057595,0.11633793905533615,0.06379065253556031,7.798962886728968,2.973338501865264,0.23066811341878865,-0.011793140301585237
343,2.209324317180573,1.4314098371349622,0.026546175677047115,-0.0365366720223671,5.935212370547345,6.421623866781482,-0.028522251368892693,0.017977660145096795,7.203171657835053,4.830012551592774,-0.2571959456050328,-0.032483833720374944,1.8573419668974789,8.044549363343524,0.15735319091229832,0.12431568578304589,7.340921421969777,1.4948463756988386,0.03387777460088544,-0.10853556230742221,1.8003501593009585,4.01358889832716,0.13638309278301855,0.00773762075358834,2.5516489553252897,5.495910976176076,-0.09514994530731644,-0.2078701103935773,2.859053759231869,4.065672220220241,-0.057947398372523815,0.10522554965516974,4.363467063078208,1.7317176087149464,-0.631758536928935,-0.10507233035341852,9.029643872696196,0.91780913250741,-0.08631541400429066,-0.0992489078883199,3.994868646473263,2.7796868986835586,0.048446081249233997,-0.011821131953639279,6.326366254827228,5.707813300959779,-0.3097480807634184,-0.03869383441693969,6.8427672881684565,2.837826108466089,0.1304658692465411,0.11480127816120948,4.005764183269565,8.309487614741574,0.15570220739325327,0.08428329324228635,4.3432199326468055,7.1843187653385465,0.16107728504943197,-0.010608989049747131,6.83825494221758,8.730550974135046,0.12271397527993028,-0.0024793390408737927,5.66860908219497,3.226935385081114,0.0436345197205556,-0.022448860028776715,3.813203373754893,4.783444555191025,-0.0022343665337521594,-0.03160359025602,4.845333696340846,8.215659900684372,0.11635983444906536,0.06323532104276376,7.8104962923999075,2.9727488448501846,0.239012921639652,-0.01586938721883301
344,2.2106516259644255,1.4295830035338437,0.018412874538169248,-0.042132985275412184,5.9337862579789,6.422522749788737,-0.031139783756268524,0.020082459408276097,7.190311860554802,4.828388359906755,-0.2543570326262644,-0.02727377272157753,1.8652096264430937,8.050765147632676,0.16629208160787023,0.12658018414350092,7.342615310699822,1.4894195975834674,0.025906779889963198,-0.10375694952983146,1.8071693139401095,4.013975779364839,0.13601755426041742,0.004015184400024078,2.546891458059924,5.485517470656397,-0.09303951657170262,-0.21085697644304582,2.856156389313243,4.070933497703,-0.05837436916732076,0.10878675022921015,4.331879136231762,1.7264639921972755,-0.6172855561316443,-0.10944615420476549,9.025328101995981,0.912846687112994,-0.08878313160713966,-0.09018880146184247,3.9972909505357244,2.7790958420858765,0.045720830975291046,-0.014634556309921037,6.310878850789057,5.7058786092389315,-0.3029000345798323,-0.03386334920711703,6.849290581630783,2.8435661723741497,0.12837580667298898,0.11800214444319572,4.013549293639228,8.313701779403688,0.15590612196108145,0.08270511181903949,4.351273796899277,7.183788315886059,0.15082585090207404,-0.011129922329514763,6.844390640981576,8.730427007183001,0.12455290932894056,-0.0017970650215281517,5.670790808180998,3.2258129420796755,0.032815488422395046,-0.028618476832303594,3.8130916554282055,4.781864375678224,-0.004085268450375275,-0.030285027759566475,4.851151688063299,8.21882166673651,0.11580128044046227,0.06260553738817828,7.82244693848189,2.971955375489243,0.24593475688335392,-0.020102545598626176
345,2.211572269691334,1.427476354270073,0.010569673675761563,-0.0475284446591383,5.932229268791087,6.42352687275915,-0.03376525846256068,0.021955333273344056,7.177594008923489,4.827024671270676,-0.25012859754204064,-0.022378930141616706,1.8735242305234872,8.05709415683985,0.17448617650418677,0.1282254058909589,7.34391064969432,1.484231750106976,0.024241443251274156,-0.10565453585315232,1.8139701916531303,4.01417653858484,0.13511532136015555,-0.00027723627036605174,2.5422394822313388,5.474974621834245,-0.09084878324324097,-0.21381351713936875,2.853237670854877,4.07637283521446,-0.05854026416742089,0.11210646407505918,4.301014858425179,1.7209916844870372,-0.6042662864268256,-0.10344706479982488,9.020888945415624,0.9083372470399018,-0.09107714041348751,-0.08027089180984776,3.999576992084489,2.7783641142703805,0.04311168905925444,-0.01779830640707661,6.295733849060065,5.704185441778575,-0.29339189121444914,-0.029470704444124175,6.855709371964433,2.8494662795963093,0.12527096645396812,0.12019101903806295,4.021344599737282,8.31783703499464,0.155807948268259,0.08106195537252298,4.358815089444381,7.183231819769584,0.14132867181109732,-0.012376659552633307,6.850618286448023,8.730337153931925,0.12587930974304978,-0.0010505759381337434,5.672431582602117,3.2243820182380603,0.021856797481061275,-0.034741610953602384,3.812887392005687,4.780350124290246,-0.005843982843156533,-0.02883272436116593,4.856941752085323,8.22195194360592,0.11468204043961827,0.06192787928290921,7.834743676326058,2.970950248209312,0.25156833794054484,-0.02494058867740635
346,2.2121007533751222,1.425099932037116,0.0029160468761781277,-0.05273468052985726,5.930541005867958,6.4246246394228175,-0.035854406849873566,0.02374170142733337,7.165087579046387,4.8259057247635955,-0.24464237220525056,-0.017912244116354826,1.8822485393486965,8.063505427134398,0.18200120015292562,0.12930431934492528,7.3451227218568835,1.4789490233143183,0.02248965082039647,-0.10707358637902623,1.820725957721138,4.014162676771321,0.13370605186335704,-0.005112580748854021,2.5376970430691768,5.464283945977277,-0.08841229027861561,-0.21655662682753155,2.850310657646506,4.081978158418213,-0.058447732054226424,0.11503554118624378,4.270801544103838,1.715819331247046,-0.5883866926372481,-0.10021269511953942,9.01633508839495,0.9043237024494094,-0.09295788116034324,-0.07033388557472507,4.001732576537452,2.777474198950027,0.04055790868234328,-0.021188745261770975,6.281064254499343,5.702711906556369,-0.28278331348617763,-0.026474683493747188,6.861972920287131,2.8554758305482126,0.12143536360424621,0.12119604769195284,4.029134997150695,8.321890132763267,0.15540114768525404,0.0793671753431665,4.365881523034935,7.182612986791952,0.13279046290921515,-0.013994468751430057,6.856912251935176,8.730284625135019,0.12669264976620975,-0.00024599025404289064,5.67352442247617,3.2226449376903803,0.010947122419358546,-0.04078659071961362,3.812595192863529,4.7789084880721875,-0.007416316491957383,-0.027258290952488353,4.862675854107303,8.225048337570065,0.11301043972529237,0.06122923587233084,7.847322093223085,2.9697032187754417,0.2561748762064884,-0.031043180057883302
347,2.2122465557189313,1.4224631980106233,-0.004517838459744114,-0.05773776588978825,5.928748285525464,6.425811724494184,-0.03715680000318339,0.025599771733813302,7.152855460436124,4.825010112557778,-0.2380743009591034,-0.013860460062909963,1.8913485993563428,8.069970643101644,0.18854233084469235,0.1296533016762683,7.346247204397903,1.473595343995367,0.020708687503836677,-0.10804724268693214,1.827411260314306,4.013907047733879,0.13182758726887367,-0.010424224453626016,2.533276428555246,5.4534561146359,-0.08538798971826042,-0.21841689095746825,2.8473882710437945,4.087729935477525,-0.05807819555007699,0.11762401351532388,4.2413822094719755,1.710808696491069,-0.5706433986962272,-0.09840839714334361,9.011687194336933,0.9008070081706732,-0.09445424533661659,-0.060298505598690905,4.003760471971569,2.7764147616869383,0.037988947374936854,-0.025051879496914637,6.266925088825034,5.701388172381682,-0.2729286644788572,-0.02371143768019862,6.868044688467343,2.86153563293281,0.11686676630240543,0.12100566127137136,4.036905054534958,8.325858491530425,0.15469179094513696,0.07762149443728796,4.372521046180396,7.181913263354381,0.12493155622290915,-0.01576238181728079,6.863246884423487,8.730272325622316,0.1269945096665651,0.0006072432509975165,5.674071778597138,3.2206056081543997,0.00028262063312655024,-0.04712013035455663,3.8122243770389312,4.777545573524563,-0.008700104055400566,-0.025521637542590073,4.868326376093568,8.228109799363683,0.11071933813549345,0.0601649164293732,7.8601308370334095,2.9681510597725476,0.2589529909574697,-0.03639541378068928
348,2.212020663795944,1.4195763097161338,-0.011791457336678166,-0.06246438628079949,5.926890445525305,6.427091713080875,-0.03791641239954283,0.02748051937245609,7.140951745388168,4.824317089554633,-0.23031548984288483,-0.010102355544854048,1.9007757158985774,8.076453308185458,0.19392759969680703,0.1292970172637129,7.347282638773095,1.4681929818610204,0.018912276153467224,-0.10857551814134901,1.8340026396777498,4.013385836511198,0.12953097373954914,-0.016157090457735397,2.5290070290693327,5.442535270088027,-0.08115789613479579,-0.2202724791030223,2.8444843612662907,4.093611136153291,-0.05748076143168691,0.11954121833494354,4.212850039537164,1.7058882766339016,-0.551817121142192,-0.09753180457801573,9.006964482070101,0.8977920828907386,-0.09557584717150981,-0.0501907953862218,4.005659919340316,2.7751621677120926,0.03539446149599246,-0.0291504084930246,6.2532786556010915,5.700202600497672,-0.26354232022484037,-0.020944522641970588,6.873888026782463,2.867585915996379,0.11173898579043014,0.11983177210003923,4.044639644082214,8.32973956625229,0.15368484013458533,0.07581837626052966,4.378767623991542,7.1811251442635164,0.11767632090853995,-0.01770942192810728,6.869596609906815,8.730302687784866,0.12678379569888415,0.0015006994604484767,5.674085909628794,3.2182496016366717,-0.010127901291369147,-0.053841197038087436,3.811789371836161,4.776269491647433,-0.009699905288811402,-0.023617259642526083,4.873862343000343,8.231118045185152,0.1076532807961828,0.05877388455689209,7.873078486581283,2.966331289083513,0.25962843116459344,-0.04101632235395912
349,2.21143109092911,1.4164530904020938,-0.019007295470966953,-0.06694630799832402,5.924994624905327,6.428465739049498,-0.03836647403372576,0.029300051550798432,7.129435970896024,4.82381197177739,-0.22156976737021714,-0.00668963759152973,1.9104720958834178,8.082918159048644,0.19814810438304342,0.1285994620104307,7.3482282525807685,1.462764205953953,0.017173356835744905,-0.10874540577953419,1.8404791883647273,4.0125779819883105,0.12685627751760148,-0.022279573398290016,2.524949134262593,5.431521646132876,-0.07643622590953315,-0.221297257569694,2.8416103231947063,4.099588197070038,-0.05675339961849931,0.12047525338655758,4.1852591834800545,1.7010116864050009,-0.5320521985829306,-0.09740666636089809,9.002185689711526,0.8952825431214275,-0.09633119038518721,-0.04004531147518436,4.007429642415116,2.7737046472874414,0.032779864637371814,-0.033172365637165795,6.240101539589849,5.699155374365573,-0.2544866968127081,-0.01808260655440278,6.879474976071985,2.8735775046013807,0.106707627712308,0.11810950985909294,4.052323886088944,8.333530485065316,0.152616234279478,0.07396667955322137,4.3846514400369685,7.180239673167111,0.1109477984290058,-0.019868693689882297,6.875935799691759,8.730377722757888,0.12606214624584022,0.0024269829280094833,5.673579514564226,3.2155575417847673,-0.02023394033861036,-0.06099007382431943,3.8113043765717203,4.775088628665307,-0.010445974019761757,-0.02156952363108056,4.879245007040152,8.234056739412997,0.1038588487372524,0.057117838605942904,7.886059908139513,2.964280472965815,0.2584366836034963,-0.0450003851001263
350,2.210480726155562,1.4131057750021776,-0.026165463131203312,-0.07118844693543969,5.923076301203641,6.429930741627038,-0.03843892310692122,0.031001433167092817,7.1183574825275135,4.823477489897813,-0.21286611683606416,-0.003607331839788797,1.92037950110257,8.089348132149166,0.20110988265126145,0.1275145283010775,7.349086920422556,1.4573269356649763,0.015485669945381211,-0.10856486728027201,1.8468220022406074,4.011464003318396,0.12378743813149594,-0.028809438067136147,2.521127322967116,5.420456783254392,-0.07189096233600582,-0.2216946997112418,2.8387726532137814,4.105611959739366,-0.05590082707309011,0.12047234964646121,4.158656573550908,1.696141353086956,-0.5115044315994216,-0.09789118232029505,8.997369130192267,0.8932802775476683,-0.096733857386077,-0.029893931919720566,4.009068635646985,2.7720460290055833,0.03022370491754702,-0.037161954106432686,6.227377204749214,5.698251244037853,-0.24592456111629696,-0.01494141085483022,6.8848103574576,2.8794829800943353,0.10184210763734443,0.11593166324109624,4.059954697802918,8.337228819042977,0.15138930954715055,0.07203320303810706,4.390198829958419,7.179246238482617,0.10466606491612739,-0.02225518990594103,6.8822389070040515,8.730499071904289,0.12483645532965962,0.003378926195146296,5.6725678175472956,3.212508038093551,-0.029833426331995677,-0.06858380615154225,3.810782077870732,4.774010152483752,-0.010953102630968764,-0.01939852223400729,4.8844379494770145,8.236912631343294,0.09938067242659394,0.05523998067498463,7.898981742319688,2.962030453710809,0.25496493470010256,-0.0485759630595446
351,2.2091724529990016,1.4095463526554055,-0.033237129550709385,-0.07518594754877148,5.921154355048294,6.4314808132853925,-0.03813864645494273,0.03259797840886595,7.10771417668571,4.823297123305824,-0.20426695622443466,-0.0008438282361515784,1.930434995235133,8.09572385856422,0.20278749598412907,0.1260350265582079,7.349861203919825,1.4518986923009627,0.013841265712879228,-0.10803830741516984,1.8530113741471823,4.010023531415039,0.12035809867791794,-0.03569443689530883,2.5175327748503156,5.409372048268829,-0.06758875830823387,-0.22157915560675884,2.8359776118601268,4.111635577221689,-0.054923262097470796,0.11963990270249268,4.133081351970937,1.6912467939709412,-0.48912491255406865,-0.09867602005424923,8.992532437322962,0.8917855809516823,-0.09679988368626888,-0.019765744531538877,4.010579820892862,2.7701879313002618,0.02775768977236441,-0.0400989347935145,6.2150809766933985,5.697504173495111,-0.23748443463762492,-0.011580945313348247,6.889902462839467,2.88527956325639,0.09705925473433596,0.11327152638495754,4.067524163280275,8.340830479194883,0.1498700091310386,0.07003021484119763,4.395432133204226,7.17813347898732,0.09873175756441897,-0.024883529546737213,6.888480729770534,8.730668018214047,0.12311417800128761,0.004349302198679897,5.671076146230695,3.209078847785974,-0.038807497179030134,-0.07661917909422833,3.8102344227391836,4.773040226372052,-0.011222235856052115,-0.01711673666392224,4.889406983098344,8.239674630377044,0.09425568886257474,0.053178715526762184,7.9117299890546935,2.9596016555578317,0.24962362948891614,-0.05180003007698063
352,2.207510596521466,1.405787055277967,-0.04021140049053635,-0.07894704794528541,5.919247422725547,6.433110712205836,-0.03742457051707556,0.03404611916788699,7.097500828874488,4.8232549318940166,-0.19577039010762481,0.0016160589927545765,1.9405743700343394,8.10202560989213,0.2031663099512378,0.12416234603570642,7.350553267205469,1.4464967769302042,0.012230765719912575,-0.1071763239482764,1.8590292790810783,4.008238809570274,0.11660790667645596,-0.04274727495258842,2.514153336934904,5.398293090488491,-0.06361110827678645,-0.2211404969464811,2.833231448755253,4.117617572356814,-0.05381618218921903,0.11810058788485547,4.108625106343233,1.6863129929682288,-0.47135682606105334,-0.08732893705192035,8.987692443138648,0.8907972937251053,-0.09654486223336513,-0.009690150791790876,4.011967705381481,2.768182984560586,0.025369576780316146,-0.04181512443874527,6.203206754961517,5.696925126229444,-0.2288330767484495,-0.00838996259905286,6.894755425576184,2.890943139575638,0.1023500122265206,0.1113996738082249,4.075017663736827,8.344331989936943,0.14805681907316487,0.06796684192372432,4.4003687210824465,7.176889302509983,0.09278600463079757,-0.027406753229975243,6.894636438670599,8.73088548332398,0.12090367008686367,0.005331189349235746,5.669135771371744,3.2052478888312628,-0.047542744135378553,-0.08447734891811329,3.8096733109463807,4.772184389538856,-0.011251271141167358,-0.014731978109523227,4.894119767541473,8.242333566153382,0.08849616468108956,0.050935398421886144,7.924211170529139,2.9570116540539826,0.2427485317372987,-0.05455654764372114
353,2.205500026496939,1.4018397028807028,-0.04718123535467591,-0.08251631042006073,5.917376194199694,6.43481301816423,-0.03630353418124964,0.03517642337404968,7.087712309369107,4.8233357348436545,-0.18725451804637222,0.003740445087265132,1.9507326855319014,8.108233727193916,0.20225655717997945,0.12190268757240715,7.3511648054914644,1.4411379607327903,0.010638767381213235,-0.10597431684456504,1.864859674414901,4.006101445822645,0.11256187298111581,-0.04985194669908081,2.5109727815210645,5.387236065641167,-0.05995898752266372,-0.22038529291896247,2.830540639645792,4.1235226017510564,-0.052585782506101166,0.11585805458105823,4.08505726504018,1.6819465461156327,-0.4532707413375807,-0.07632746785703129,8.98286520002698,0.8903127861855158,-0.09600786796983535,0.0003127409275504034,4.013236184220497,2.7660922283386484,0.022938389001604827,-0.04263510358114291,6.191765101124094,5.696505628099492,-0.2198655385704824,-0.005573206529392673,6.89987292618751,2.8965131232660495,0.10647757129233938,0.10942847761125157,4.082420504690486,8.34773033203313,0.14594239906152529,0.06586351675791612,4.405008021313987,7.175518964848485,0.0865693470965559,-0.029589556719243067,6.900681622174942,8.731152042791443,0.11821478125393692,0.0063174499906019895,5.666758634164975,3.201024021385357,-0.05615741536569471,-0.09214732005635219,3.8091107473893224,4.771447790633379,-0.011034018543954567,-0.012220601408227852,4.898544575775527,8.244880336074477,0.08212891936458414,0.04853304643899459,7.9363485971160035,2.9542838266717966,0.2345983758949945,-0.05650785414326195
354,2.2031409647292053,1.3977138873596997,-0.05412788550211396,-0.0859021161312109,5.9155610174906315,6.436571839332933,-0.0348211607052212,0.03602540259756924,7.078349583466788,4.823522757098018,-0.17829750604867248,0.005697684856664298,1.9608455133909004,8.114328861572536,0.2006985599383632,0.11947428761469069,7.351696743860525,1.4358392448905621,0.009045836974881219,-0.10439812733404077,1.870487768063957,4.003608848487691,0.10823064745180272,-0.05695363076275383,2.507974832144931,5.376216800995219,-0.05678776002282108,-0.21926684184147144,2.8279113505204867,4.129315504480109,-0.0512553438773084,0.11301330127842447,4.062393727973301,1.678130172722781,-0.43498209022883894,-0.0657429547590298,8.978064806628488,0.8903284232318933,-0.09520140296992118,0.010210408842179386,4.014383103670577,2.7639604731595915,0.021261327384230408,-0.04398710661162187,6.1807718241955705,5.696226967773022,-0.21046392211635795,-0.003190811857952548,6.905196804752127,2.901984547146612,0.10919850302350384,0.10748360692323039,4.089717624643562,8.351023507871027,0.1435146553136949,0.06374744215859046,4.4093364886688144,7.174039487012522,0.08005872131692714,-0.031466088074326055,6.906592361237639,8.731467915290974,0.11505914409399334,0.007301837556006167,5.663950763396691,3.1964166553825395,-0.06470365897369261,-0.09960446834007221,3.8085590464621246,4.770836760562968,-0.010566357893343642,-0.00958188534383433,4.902651021743757,8.247306988396426,0.07534554571069543,0.046167729057076154,7.948078515910753,2.9514584339646333,0.2259383961939523,-0.05789933305057887
355,2.2004345704540995,1.3934187815531391,-0.061025838654770515,-0.08908845564367829,5.91381995945537,6.438373109462812,-0.03330222760273268,0.036600429979570526,7.069434708164354,4.823807641340851,-0.16912836410044937,0.0076734035560599555,1.9708804413878185,8.120302575953271,0.19847476018815433,0.11687536193476858,7.352149035709269,1.4306193385238601,0.0074517573164921275,-0.10246362599156536,1.875899300436547,4.000761166949553,0.1035737034004178,-0.06394030915444886,2.50513544414379,5.365253458903146,-0.05395241810733283,-0.21783707719443465,2.825348583326621,4.134966169544031,-0.04987621421419862,0.109553038935137,4.040644623461859,1.6748430249848296,-0.4164545898974371,-0.05553945615711635,8.973304736479992,0.8908389436740023,-0.0941355597900992,0.019969202404830067,4.015446170039788,2.7617611178290105,0.0202807881368368,-0.04594331782836963,6.170248628089753,5.696067427180124,-0.20067835638244835,-0.0012051144096989165,6.910656729903303,2.9073587274927735,0.10958032087844473,0.10517224552840779,4.096893357409247,8.354210879978956,0.1406035208769683,0.06167650094134679,4.4133394247346605,7.172466182608806,0.07329359264480419,-0.03314398210781767,6.9123453184423385,8.731833007168774,0.11145120230257813,0.00827654532709882,5.660715580448006,3.1914364319655357,-0.07301676050376768,-0.10683115228453594,3.8080307285674575,4.7703576662957765,-0.009862765667434409,-0.006822344704016616,4.9064182990292915,8.249615374849279,0.06820965677655999,0.04377127793401736,7.9593754357204505,2.948563467312104,0.21707082245585416,-0.05884664261537794
356,2.197383278521361,1.3889643587709553,-0.06788150380207505,-0.09206678947451172,5.912154848075234,6.44020313096179,-0.03180879932774355,0.0369184801079783,7.060978289959332,4.824191311518654,-0.15975468285321504,0.009590254473101257,1.9808041793972262,8.12614634405001,0.19555826133339796,0.11411403669463338,7.352521623575094,1.425496157224282,0.005872993071578072,-0.10021188861302771,1.8810779856065678,3.9975641514918303,0.09843682423941755,-0.07053450884169137,2.5024378232384232,5.354361605043424,-0.051413923714103346,-0.2161107003703537,2.8228547726159112,4.140443821490788,-0.0484610483279157,0.10542247840292475,4.019821893966988,1.672066052176974,-0.39779623650912765,-0.04573983192267841,8.968597958490488,0.8918374037942438,-0.09281702718910033,0.029555596983048528,4.01646020944663,2.759463951937592,0.019849163709399018,-0.04870825715888787,6.160214710270631,5.696007171459639,-0.19057630637605874,0.0004634015779953471,6.916135745947225,2.9126173397691937,0.10783304312687975,0.10261245234669039,4.103923533453095,8.357294705026023,0.13751122408291142,0.0597843013877975,4.4170041043669,7.170808983503416,0.06624983461009808,-0.034686391151576776,6.917917878557468,8.732246834435129,0.10739987794995609,0.009236958414258215,5.6570647424228175,3.186094874351309,-0.08088348880958433,-0.11361024110952335,3.8075375902840856,4.770016549060576,-0.008936620128746704,-0.003954264006062915,4.90982878186812,8.25180393874598,0.06075173586763207,0.04133347608864564,7.970228976843243,2.945621135181335,0.2080140382432649,-0.059186041404597496
357,2.1939892033312574,1.3843610192972298,-0.07468617270542588,-0.09481581883522329,5.910564408108847,6.442049054967189,-0.030349409030211473,0.03699796227896431,7.052990555816671,4.824670824242309,-0.14996453054188996,0.011411746154140591,1.9905820924638962,8.131852045884742,0.19194891287236604,0.11122716339724006,7.352815273228673,1.4204855627936306,0.004323495824835824,-0.09770322541318574,1.8859998268185387,3.9940374260497458,0.09287285991720819,-0.0767622208023647,2.499867127052718,5.343556070024906,-0.04916012494617904,-0.21408964488802576,2.8204317201995153,4.145714945410934,-0.04701937029563669,0.10071124793119451,3.9999320821415316,1.66977906058084,-0.37921222799424653,-0.036381939945845064,8.963957107131034,0.8933151836433962,-0.09125095277305896,0.03892812562546453,4.0174526676321,2.7570285390796476,0.019749762905952248,-0.05207655177046109,6.1506858949518275,5.696030341538539,-0.1799634505244085,0.0021889856603007785,6.921527398103569,2.917747962386528,0.10415140540760617,0.09990585665018151,4.11079909465724,8.360283920095412,0.13436088130554,0.05810838250322213,4.420316596097405,7.169074663945837,0.05892512710201092,-0.036092099177717704,6.923287872454965,8.732708682355842,0.10292078968823257,0.010185298580618354,5.653020567982338,3.1804143622958327,-0.08839535639238234,-0.11973653800228554,3.8070907592776484,4.769818835860272,-0.007770099488492683,-0.0008274099290813703,4.9128663686615015,8.253870612550411,0.05296833187497918,0.03887306322127837,7.980629678755406,2.942661833111105,0.19875035438773128,-0.05888192311684791
358,2.190254894695986,1.3796202283554686,-0.0813723371441504,-0.09732669075968323,5.909046937657337,6.4438989530811375,-0.028951050163639094,0.03685692999437296,7.045492329289576,4.825241411550016,-0.13987854696749955,0.013196854414950967,2.0001795381075143,8.137413404054604,0.18761572113483344,0.10820321171032132,7.353031448019915,1.4156004015229713,0.002795999397538232,-0.09497763408891596,1.8906434698143992,3.9901993150096273,0.08692177832834386,-0.08264561014121567,2.4974091208054094,5.332851587780505,-0.047716424826326015,-0.20981732513902807,2.8180807516847333,4.150750507807494,-0.04549406545662168,0.0952662827921631,3.980971470741819,1.6679599635835478,-0.3605666687429381,-0.02772031143131679,8.959394559492381,0.8952615899246694,-0.0894322440701371,0.047986694252106755,4.018440155777398,2.7544247114911244,0.02255536359381369,-0.06034940973449994,6.1416877224256075,5.6961397908215545,-0.16880531052072734,0.003835498220847177,6.92673496837395,2.922743255219037,0.0987729627774344,0.09710209606946299,4.117517138722517,8.363189339220574,0.1309912888028268,0.056691140978317164,4.423262852452505,7.167270058986952,0.051309413326852994,-0.037369353978961246,6.928433911939377,8.733217947284873,0.0980412565612823,0.011109741754771921,5.648600800162719,3.1744275353957185,-0.09545322135639067,-0.1251584741417499,3.806702254303224,4.769777465363818,-0.006315303964014724,0.002601720163181852,4.91551478525525,8.255814265711475,0.04487510442889993,0.036390345550778094,7.990567196474792,2.939717736955263,0.18929024640557263,-0.057910054016962684
359,2.1861862778387784,1.3747538938174844,-0.08784491280867067,-0.09956713901850042,5.907599385149155,6.445741799580856,-0.02762557734681418,0.03650172405335897,7.038498401941202,4.8259012542707636,-0.12972485698699265,0.0149093053588382,2.009560324164256,8.14282356464012,0.1825924312904397,0.1051412175451392,7.353171247989792,1.4108515198185254,0.0012919048713665475,-0.09204803543708959,1.8949895587308165,3.9860670345025664,0.0806201472949233,-0.08826423266774212,2.4950232995640933,5.3223607215235536,-0.04618179186040366,-0.20519668925700807,2.8158060484119023,4.155513821947102,-0.043879419215552835,0.08923367248005888,3.962943137304672,1.6665739480119819,-0.3418871288836432,-0.019772283880142627,8.954922947288875,0.8976609246372748,-0.08736849303569849,0.05669405890068731,4.019567923957089,2.7514072410043995,0.025378607070264136,-0.06834901840020467,6.133247456899571,5.696331565732597,-0.15694877693374842,0.005476277000830697,6.931673616512821,2.92759836002251,0.0916599918292151,0.09404545030356237,4.124066703162659,8.366023896269489,0.12731584698637763,0.055596451478730345,4.425828323118848,7.165401591288004,0.04336690963613339,-0.03853764254885866,6.9333359747674415,8.733773434372612,0.09283939418137374,0.011995850201638195,5.6438281390949,3.168169611688631,-0.10203653798055526,-0.1298820695970388,3.806386489105023,4.769907551371977,-0.0045950844860035926,0.006352226579145024,4.9177585404766955,8.257633782989014,0.036503384710920496,0.03388107587367553,8.00003170879507,2.936822234254415,0.17926930043932887,-0.056657777845963875
360,2.181794032198345,1.3697755368665594,-0.0944677830751082,-0.10185500258597192,5.9062181062818135,6.447566885783524,-0.026245806933773066,0.03582609213348323,7.0320121590918525,4.826646719538705,-0.11953007407426149,0.016537849354158998,2.0186899457287777,8.148080625517377,0.17681255510299596,0.10203224579291285,7.35323584323336,1.406249118046671,-0.00015338930020518415,-0.0889556013660852,1.8990205660955628,3.981653822869179,0.07404274941198491,-0.09363003911322151,2.4927142099710733,5.312100887060703,-0.04458438030237162,-0.20022806357739592,2.8136120774511246,4.159975505571105,-0.042192207299702196,0.08270558328456899,3.94584878086049,1.6655853338179747,-0.32320835494403366,-0.011976784614948686,8.95055452263709,0.9004956275823092,-0.08506499591496046,0.06502514687738141,4.020836854310602,2.747989790084389,0.02821139101516894,-0.07595618710447599,6.125400018052884,5.696605379582638,-0.144061017427046,0.007318806886301565,6.936256616104282,2.932300632537688,0.08381928989153963,0.09101473944992611,4.130432495511978,8.368803718843425,0.12323192261835375,0.0547194038691925,4.427996668600655,7.16347470916056,0.03539913357602902,-0.03942434015038563,6.93797794447651,8.734373226882694,0.08734150235295596,0.012852214440645429,5.638726312195872,3.1616755082087793,-0.10778855868232128,-0.13327828004399256,3.8061567348807226,4.770225162700934,-0.0026381734734732655,0.010390674093321393,4.919583709712241,8.259327836782697,0.02787174701846902,0.031309782348277755,8.008995173817038,2.9339893453621166,0.16871566776272745,-0.05489480898539726
361,2.1770706430445896,1.3646827867372608,-0.10119778523994889,-0.10424221759679374,5.904905815935125,6.449358190390198,-0.02481062282754233,0.0348480895293861,7.02603565538814,4.827473612006413,-0.10929466910599976,0.01809002182499683,2.0275305734839275,8.153182237807023,0.17014519741981418,0.09884087974624575,7.35322817376835,1.4018013379783667,-0.0015274209035415186,-0.08573635412923732,1.902722703566162,3.976972320913518,0.06725844890586995,-0.09875638389831577,2.4904849909559545,5.302089483881834,-0.04289758561903441,-0.1949232080966058,2.8115024670861395,4.164110784735334,-0.04042346368037942,0.07630298719830533,3.929688363113288,1.6649864945872273,-0.3044225131810141,-0.004632399378446992,8.94630127284134,0.9037468849261783,-0.08253836359109934,0.07296224666199407,4.02224742386136,2.7441919807291653,0.03104648762029103,-0.08309575439025213,6.1181969671815315,5.696971319926953,-0.13114976921995372,0.00909616244547181,6.940447580598859,2.9368513695101846,0.07577194014054399,0.0881113780176718,4.136594091642896,8.371539689036885,0.1188408257134799,0.054047391813899774,4.4297666252794565,7.161503492153041,0.027731224013441285,-0.03988025556604518,6.942345019594158,8.735015837604726,0.08156803813517394,0.013677229616733047,5.633336884261756,3.1550115942065795,-0.11269459948491928,-0.13537115130016522,3.806024826207049,4.7707446964056,-0.000532979515786841,0.01466416060324056,4.920977297063165,8.260893325900112,0.019006783963812036,0.028632893979253955,8.017430957205175,2.931244604912847,0.15767207894560786,-0.05292821873734895
362,2.172010753782592,1.359470675857421,-0.1080158279354712,-0.10673920983465966,5.903665284793748,6.451100594866667,-0.023338619442117715,0.03361854191329175,7.02057092193284,4.828378113097663,-0.09903623439311295,0.01955694177241242,2.0360378333549183,8.158124281794336,0.1628094034477988,0.09555832716123999,7.353151802723173,1.3975145202719048,-0.0028268077475804817,-0.08241185030512252,1.9060856260114556,3.972034501718602,0.06024860144369267,-0.10361537651961837,2.488340111675003,5.292343323477003,-0.04106915986889803,-0.18913076277969504,2.8094812939021203,4.167925934095249,-0.038579816394083526,0.07021615007050058,3.9144672374542373,1.664754874618305,-0.2855799158752394,0.002238663883777205,8.942174354661786,0.907394997259278,-0.07979010834571179,0.08049982694349012,4.023799748242375,2.7400371930096528,0.033900793498572626,-0.08973117217947293,6.111639478720534,5.697426128049226,-0.11858731696327418,0.010667694970593975,6.944236177605886,2.941256938411068,0.06720956304532151,0.08453025719881842,4.142536132928569,8.37424205862758,0.11435258217831888,0.053681409353110394,4.431153186480128,7.159509479374738,0.020346965504759035,-0.03995726203715569,6.946423421500916,8.735699699085563,0.0755411453986198,0.014463811717869493,5.62770215428751,3.1482430366415715,-0.1171053994501817,-0.13673196063751297,3.8059981772312597,4.771477904435763,0.0015741858655255294,0.019052672156647278,4.921927636261356,8.262324970599074,0.009900478722227258,0.025762435801031776,8.025314561152456,2.9285981939759793,0.14621922377583477,-0.050859427385136526
363,2.1666099623858184,1.354133715365688,-0.11490146527840103,-0.10935754148306903,5.902498353821642,6.452781521962332,-0.021835260288250946,0.03222672102432543,7.0156191102131835,4.829355960186283,-0.0887233344459465,0.020914233876924874,2.0441783035273082,8.162902198152398,0.1552662434264937,0.09215723136858882,7.353010462335794,1.3933939277566487,-0.004048113252021743,-0.07899857728354373,1.9090980560836401,3.966853732892621,0.05297433287613057,-0.1081676346982101,2.486286653681558,5.282886785338018,-0.03908266558104956,-0.18286509793399,2.8075523030824163,4.171436741598773,-0.03672551626765015,0.06432057307190917,3.900188241660475,1.6648668078124937,-0.26682875209455015,0.008716893793912474,8.9381848492445,0.9114199886064525,-0.0768355750220662,0.08762612623533925,4.025494787917304,2.735550634400679,0.036769841840681355,-0.09584871352244664,6.10571011287237,5.697959512797756,-0.10652348289211482,0.011975214216486738,6.947596655758152,2.945483451271009,0.057834957926093146,0.0801768065875847,4.148253762037485,8.376926129095235,0.109782635576332,0.05366496790806941,4.432170534755366,7.15751161627288,0.013227934254282196,-0.03970153452532506,6.950200478770848,8.736422889671456,0.06926593859434428,0.015184715507494066,5.621846884315001,3.1414064386096956,-0.1210724286789882,-0.13747359836848394,3.806076886524536,4.772430538043595,0.003607590498928354,0.023489150547936988,4.922422660197467,8.263613092389127,0.0006009039298421563,0.02277302426070232,8.032625522341247,2.9260552226067227,0.1343978986525247,-0.048686855405673427
364,2.1608648891218984,1.3486658382915346,-0.121782823007836,-0.11209732392820176,5.9014065908072295,6.454392858013549,-0.020296438605917,0.030710000837406458,7.011182943490886,4.8304016718801295,-0.07838100917577057,0.022176943840991618,2.0519416156986328,8.167510059720827,0.14747968187778382,0.08862749981181563,7.352808056673193,1.3894439988924716,-0.0051908181113976964,-0.07551920122079292,1.9117467727274466,3.961445351157711,0.045477935678884016,-0.11240068020170722,2.4843325204025053,5.273743530441319,-0.03693909964317286,-0.1761469533681693,2.805716027269034,4.174652770252369,-0.03488382252358677,0.05857863449580691,3.8868468040557476,1.6653026525021895,-0.24819080584649564,0.014859251158209387,8.934343070493396,0.9158012949182194,-0.07369025766130742,0.09433098492583951,4.027333280009338,2.7307581987245566,0.03964871191066198,-0.10146932349134732,6.100383938727765,5.6985582735085805,-0.09510045984705179,0.012965194932745025,6.9504884036544565,2.949492291600388,0.047515926151095435,0.0752320376670439,4.153742893816301,8.379609377490638,0.1051279609717969,0.053998255218855956,4.432831931468081,7.155526539546614,0.006342547250860413,-0.039142008076255674,6.953663775700565,8.73718212544683,0.06278855283499064,0.015827730927558396,5.615793262881052,3.1345327586912712,-0.12446424328338979,-0.13756630693820246,3.8062572660494824,4.7736049955709925,0.005492621290091798,0.02790555111463411,4.92245270539396,8.264751743602162,-0.008866550324785073,0.019691161073448843,8.039345417273873,2.923620879836439,0.12216347608801816,-0.046373229034349366
365,2.154775747971507,1.3430609720951245,-0.12837457815958464,-0.11473138300719318,5.900391768876934,6.455928358055419,-0.018718665288222337,0.029086901353856862,7.007263893032097,4.831510519072179,-0.06790254689692764,0.023329158714573743,2.059315599792522,8.171941434711417,0.13958001902549652,0.08508959645824374,7.352548515767623,1.385668038831432,-0.006261670316554976,-0.0719850246476356,1.9140206695113908,3.9558253171476254,0.03781516403667592,-0.1163092752719501,2.4824855654203466,5.26493618277291,-0.03469869850927794,-0.1690012333929362,2.8039718361428547,4.177581701977159,-0.033043292560212635,0.05298130945391676,3.8744372637634226,1.6660456150601,-0.22959721588496687,0.02074201390323216,8.93065855761033,0.9205178441645113,-0.07036962255116758,0.10059598965010365,4.029315715604871,2.7256847325499893,0.042523084996458814,-0.10667388633419324,6.095628915735412,5.699206533255218,-0.08396747449358194,0.013856722186879441,6.952864199962011,2.9532538934837405,0.037030201046286626,0.0695110702401478,4.158999291864891,8.38230929025158,0.10013477370818892,0.05447552204272888,4.433149058830623,7.153569439142801,-0.0003316426147287298,-0.03833519317845022,6.956803203342314,8.737973511993209,0.05614808131695094,0.016377867409901475,5.609570050716883,3.127654443344361,-0.126043433701514,-0.13647799420428403,3.806531897113987,4.775000273126724,0.007281229647402094,0.032264710360721184,4.92200937787772,8.265736301655833,-0.018390327988492806,0.016599816277327723,8.045453591078275,2.9213022183847213,0.10958258811470958,-0.04397396270941202
366,2.1483570190635275,1.3373244029447648,-0.13466129760099851,-0.11725310185941515,5.899455835612523,6.457382703123112,-0.017099234284294152,0.027376136848887744,7.003868765687251,4.832676977007908,-0.05714456416606216,0.024399740556787612,2.066294600743797,8.176195914534329,0.13166097274272828,0.08164486373262347,7.3522354322517955,1.3820687875990503,-0.007319670642711593,-0.06838639906219879,1.9159114277132245,3.950009853384028,0.0300624370645728,-0.11991961466020142,2.4807506304948825,5.256486121103263,-0.032304585937204006,-0.16150142010448598,2.802319671514844,4.180230767449855,-0.031266010575525784,0.04752869033343813,3.8629574029691742,1.6670827157552615,-0.21108246200685027,0.02633985676047379,8.927140076482772,0.9255476436470165,-0.0668402095067149,0.10639730711838921,4.031441869854694,2.7203510382332796,0.045382348677334115,-0.11149706140686322,6.091430542010733,5.699899369364562,-0.0731790919037649,0.01465790481828265,6.954715710014326,2.9567294469957477,0.026323469369231266,0.06327660395563432,4.164006030550301,8.385033066353717,0.094758975289071,0.0550283288131579,4.433132476699887,7.151652679483878,-0.006809181856042665,-0.037326249989514705,6.959610607408162,8.738792405363704,0.04937255014419856,0.016826123163046096,5.603267879031807,3.120830543634147,-0.12493683361065268,-0.1339746626399172,3.8068959585963573,4.77661350864476,0.009022038059834765,0.03656259901221139,4.921089861478296,8.2665662924697,-0.027725468872415386,0.013565967239144034,8.05093272048401,2.9191035202492506,0.09676066491839382,-0.041502673111960334
367,2.1416239541834776,1.331461747851794,-0.14061916294349633,-0.11965569263341484,5.8986008738983084,6.458751509965556,-0.015427068815959,0.025613179164192024,7.001011537478948,4.833896964035747,-0.04613936521052627,0.025359405605655076,2.0728776493809336,8.18027815772096,0.12367564013450533,0.07826863946812095,7.35186944871966,1.3786494676459404,-0.008433694119550658,-0.06469784347884097,1.9174145495664532,3.944013872651018,0.022369746870919693,-0.1233489153707603,2.4791354011980222,5.2484110500980385,-0.02975056900435889,-0.15368329566119338,2.800756370986068,4.182607201966526,-0.029643435426585697,0.042247406999540535,3.852403279868832,1.6683997085932851,-0.19231281035546782,0.031698617191882675,8.923798066007436,0.9308675090029359,-0.0630900484251624,0.11171938312611301,4.03371098728856,2.7147761851629366,0.048243112346348094,-0.11592563398708153,6.087771587415545,5.700632264605477,-0.06275078842361659,0.015379292895646022,6.956031883482788,2.9598932771935296,0.014466062574206393,0.05719557045758554,4.168743979314754,8.387784482794375,0.08903256744822304,0.05566440029210589,4.432792017607085,7.149786366984403,-0.013104587184316438,-0.03615771536419308,6.962079234915372,8.739633711521856,0.04248705883264842,0.01716868942690805,5.597021037351275,3.114131810502151,-0.12247178704094767,-0.13085710521113997,3.807347060499349,4.778441638595371,0.01068762988090925,0.04083256586785657,4.919703588034675,8.267244590831657,-0.03668538212619957,0.010671576305928417,8.055770753729929,2.9170283865936524,0.08377351168629618,-0.03892305803309385
368,2.134592996036303,1.3254789632201234,-0.14623642126871547,-0.12194200741144476,5.897829520457511,6.460032168923766,-0.013682616324556375,0.023830764660796467,6.998704569218422,4.835164934316031,-0.03493678398370056,0.026286538439404133,2.0790614313876588,8.184191589694365,0.11555874964445025,0.07494047740893306,7.351447764013683,1.3754145754719984,-0.009594963963128996,-0.06091494044832625,1.918533036909999,3.93784642688248,0.007727061219140519,-0.11711625324433837,2.4776478727478044,5.240726885314979,-0.027028672609271647,-0.14558387305734777,2.7992741992147385,4.184719572316503,-0.02815256717108967,0.03707265430219194,3.8427876393510587,1.6699846394528792,-0.17263281547431472,0.03601410858509118,8.920643563586177,0.9364534781592415,-0.05913557640489396,0.11655303185245712,4.036123142905878,2.7089799034635824,0.051197068063732906,-0.12004833415676402,6.0846340479943635,5.701401229250259,-0.05240162054022044,0.01603011354394369,6.956755186611498,2.962753055716409,0.002282160906611482,0.05127232051254102,4.173195607687165,8.39056770280898,0.08281237982889454,0.05638818000584087,4.432136788247869,7.147978481216193,-0.019232471050745766,-0.034861284817402714,6.964203587857004,8.740492145993201,0.03552479524851145,0.01740429515572057,5.590897447999227,3.107588955241594,-0.11922157072079062,-0.12741852778267984,3.8078814419933944,4.780483266888764,0.012208540367488193,0.04505739710624559,4.917869318928365,8.267778169646954,-0.045273839233743514,0.007898762829306311,8.059959429314244,2.9150822336919977,0.07066622529265376,-0.036225062169238965
369,2.127281174972867,1.319381862849551,-0.15143864425672493,-0.12410074925067482,5.897145389641283,6.4612237071568055,-0.011767586515677476,0.02206276293303663,6.996957730019237,4.836479261238001,-0.023521904423229975,0.02713497898594654,2.0848393688698814,8.18793861356481,0.10731409361808687,0.07165335836307944,7.350968015815527,1.372368828449582,-0.010801534081794692,-0.05704740552775302,1.9189193899709562,3.931990614220263,-0.007083791487291824,-0.11222559789067302,2.4762964391173408,5.2334476916621115,-0.024237214613499286,-0.13719863724110745,2.797866570856184,4.186573205031612,-0.026857190229527973,0.03202213854618093,3.834155998577343,1.6717853448821338,-0.15271059625749114,0.039874821754069874,8.917686784765932,0.9422811297518644,-0.05499559945639428,0.1208897417541476,4.038682996309065,2.7029774867557443,0.05479130413961105,-0.12365801416863251,6.082013966967352,5.702202734927456,-0.04215555826147288,0.016631522686780618,6.956869294656829,2.9653166717420363,-0.01013105473059555,0.04497835314632245,4.17733622667861,8.393387111809272,0.07610418849369328,0.05716348048440358,4.431175164695332,7.1462354169753235,-0.025205633180267136,-0.03346417382994806,6.96597982761943,8.741362360750987,0.02853240002632441,0.01753205970249862,5.584936369463188,3.1012180288524602,-0.11563389823388934,-0.12387795041573171,3.808491869011769,4.782736136744076,0.01357619539142065,0.04920104979868276,4.915605626966678,8.268173107788419,-0.0536811310037249,0.005139956444206423,8.063492740578877,2.913270980583536,0.05746102932927104,-0.03341855902980272
370,2.1197092427600306,1.3131768253870173,-0.15621871585799657,-0.12612821260484514,5.896557010315499,6.4623268453034575,-0.009666243018043542,0.020325589472612683,6.9957816347980755,4.837836010187298,-0.011792522444718165,0.028081642026614312,2.0902050735507856,8.191521281482965,0.09886399230211168,0.06825610408978404,7.350427939111436,1.3695164581731945,-0.01205227422247119,-0.053100376637500904,1.9185652003965916,3.926379334325729,-0.0217394992638383,-0.10828179659193549,2.475084578386666,5.226587759800056,-0.02128267085904086,-0.12878871914146564,2.7965237113447077,4.188174311958921,-0.02574710922741177,0.027088129009080142,3.8265204687644685,1.6737790859698374,-0.13271910005216125,0.043595691250534606,8.914937004793112,0.9483256168395717,-0.05068875036414918,0.12476538588664253,4.041422561516046,2.6967945860473126,0.05894751292299919,-0.126641609785748,6.079906189054278,5.703034311061796,-0.03208997288664073,0.01720996243469529,6.956362741920299,2.9675655893993524,-0.022611929090203247,0.03842893144846746,4.181141436103294,8.396245285833492,0.06895038389345448,0.057917028247855516,4.429914883036318,7.144562208283826,-0.031006034227139274,-0.0319944733258537,6.967406447620746,8.742238963736112,0.021531226530078072,0.017548163883621123,5.579154674551494,3.0950241313316735,-0.11177171208512664,-0.12026139947843675,3.80917067878134,4.785196189234011,0.014660229163770008,0.053200882443741396,4.912921570416492,8.26843010561063,-0.061908839939462515,0.0023138914328839242,8.06636579204534,2.911600052632046,0.044189280309648235,-0.030502958528801843
371,2.111898306967131,1.3068704147567751,-0.16050316887749635,-0.12803155189397392,5.896073698164597,6.463343124777088,-0.007241727606785799,0.018663932489415946,6.99519200867584,4.839240092288629,0.00018771909237595176,0.029246188356142407,2.0951482731658913,8.194934086687454,0.09028773328512102,0.06473426046268882,7.349825325400313,1.3668614393413194,-0.013329836453296615,-0.04906999363176265,1.9174782254333997,3.9209652444961325,-0.035905998938158525,-0.10512932369357142,2.4740204448437138,5.220148323842983,-0.018215715724768284,-0.12024620156882426,2.795236355883337,4.189528718409375,-0.024829084821574712,0.02223750786013624,3.8198845137618602,1.675958870532364,-0.11262172066573624,0.04720186650929029,8.912402567274905,0.9545638861339039,-0.04596917859491166,0.1282244449611636,4.0443699371621955,2.6904625055580254,0.06309068617057495,-0.12893092565764236,6.078301690409946,5.70389480918353,-0.02233639845569819,0.017829565895349904,6.955232145465788,2.9694870359717758,-0.03449531754988571,0.03201468265415021,4.184588955297967,8.399141137245886,0.06132231407543461,0.05866466919101021,4.428364581324961,7.1429624846175335,-0.03663925318611316,-0.030470981119965667,6.96848300894725,8.743116371930293,0.014544246389868874,0.01744057353003907,5.573566088947238,3.0890110613577515,-0.10766612366390109,-0.11659863706004743,3.8099036902395285,4.787856233356198,0.015524423124794292,0.05704936697478635,4.909826128419518,8.268545800182274,-0.07016845673166451,-0.0006842439922664706,8.068575256060823,2.910074904705606,0.03087643239733668,-0.02744383004318182
372,2.103873148523256,1.3004688371620765,-0.1642622710282942,-0.12981255749257858,5.895711611784257,6.4642763214015595,-0.0045023812068825005,0.017065003248116318,6.995201394630459,4.840702401706436,0.012173882350928504,0.030505327256929046,2.0996626598301473,8.198170799710589,0.08159107288568407,0.06109127859072627,7.349158833577648,1.3644079396597313,-0.014538437972762061,-0.04490469029716888,1.9156829254864918,3.915708778311454,-0.049363206319883834,-0.10267044825351032,2.4731096590574753,5.214136013764541,-0.01515241584533656,-0.11131533887384555,2.7939949016422583,4.190640593802382,-0.02411103399895909,0.017472194368910995,3.8142534277285733,1.6783189638578286,-0.09267321580056671,0.05103698916909273,8.910104108345159,0.960975108381962,-0.04118883765515145,0.13110788279584368,4.047524471470724,2.6840159592751434,0.06719265025686913,-0.1308852932282214,6.0771848704871605,5.7047862874782975,-0.012663101050455271,0.01883934056908004,6.953507379588294,2.971087770104483,-0.04491377732294937,0.0261950740104992,4.187655071001738,8.402074370705437,0.05297384463926594,0.05910670817970476,4.4265326186656555,7.141438935561535,-0.0408391413707798,-0.02041104552040016,6.969210221266743,8.743988400606796,0.009781007885339874,0.018701122825732705,5.568182782764042,3.0831811295047493,-0.10334527753841757,-0.11290265250277642,3.810679911395768,4.790708701704937,0.01621744148672037,0.06073227278287752,4.906317705582935,8.26851158798266,-0.07835535287700829,-0.0037854015755627696,8.07011907768069,2.908702713203447,0.017564001717538552,-0.02421774317334597
373,2.0956600349718415,1.2939782092874477,-0.16748701232327423,-0.13147195843997056,5.895486492723913,6.465129571563965,-0.0014948317868833778,0.015576172074487749,6.995810088748005,4.842227668069283,0.024103093371398168,0.03180716618017471,2.1037422134744315,8.201225363640125,0.07213935574739366,0.05719997147517146,7.348431911679009,1.3621627051448728,-0.015685565496780348,-0.04062542958728709,1.9132147651704976,3.9105752558987783,-0.06202929466255046,-0.1008220376247743,2.472352038265208,5.208570246820849,-0.011094050694050435,-0.10546114612517975,2.79278934994231,4.1915142035208275,-0.023567438521020438,0.012775803963613715,3.809619766938545,1.6808708133162833,-0.07335274719600204,0.05492963925180014,8.908044666462402,0.9675305025217542,-0.03640717423733529,0.1333234043922158,4.0508841039835675,2.6774716946137325,0.07123628188502484,-0.13259996388633297,6.076551715434638,5.705728254506751,-0.0026428450079748027,0.02037262656316273,6.951261690722147,2.972397523805008,-0.053838246674717864,0.020992704618581017,4.190303763233701,8.405029706114423,0.04380333476444523,0.05930591707724324,4.424490661597116,7.140418383285515,-0.04467555596125774,-0.010896149693822018,6.96969927166101,8.744923456748083,0.005088779374364036,0.019803049260517833,5.563015518887122,3.0775359968796105,-0.09874034226488948,-0.10917778204453114,3.811490783470104,4.793745315344081,0.016690004619364072,0.06416002004738194,4.902399937939085,8.268322317903882,-0.0864692318423861,-0.006776178807315642,8.070997277766567,2.9074918260447795,0.0043154344343850175,-0.020825848102673933
374,2.087285684355678,1.2874046113654491,-0.17008975381804906,-0.13192459038476104,5.895411751134569,6.46590838016769,0.001950272350179649,0.01432293049450809,6.997015243416575,4.843818026378291,0.03588845752239914,0.033112581382106904,2.1073491812618013,8.204085362213883,0.06251301339118867,0.05320245745079459,7.34764763340417,1.3601314336655084,-0.01677928092608638,-0.036253564121050026,1.91011330043737,3.9055341540175394,-0.07403472363241054,-0.09955115735402498,2.4717973357305056,5.20329718951459,-0.0071753153836151395,-0.09966706019042156,2.791610978016259,4.1921529937190085,-0.02317513751291516,0.008243516321253981,3.805952129578745,1.6836172952788733,-0.05479784362916473,0.05851168208000239,8.906224307750536,0.974196672741365,-0.031162407689059344,0.13510237635484654,4.0544459180778185,2.6708416964194157,0.07522743199598485,-0.13399213271741317,6.076419573184239,5.706746885834909,0.007865555193822683,0.022398523432762548,6.948569778388411,2.9734471590359375,-0.06067306956786057,0.016613243657954413,4.192493929971923,8.407995001968285,0.033911158672774236,0.059267542611585844,4.4222568837990535,7.139873575800824,-0.0481092398483818,-0.0017882984567633778,6.969953710629729,8.745913609211108,0.0004601020807057793,0.02071631879895019,5.558078501773878,3.072077107777384,-0.09384140782606483,-0.10544523152780656,3.812325283701072,4.79695331634645,0.016951617973450947,0.06732724435026986,4.898076476346965,8.267983508963516,-0.09435200869880853,-0.00949225909292441,8.071213049488286,2.906450533639646,-0.008639679811029716,-0.017364006981357975
375,2.0787811966647753,1.280808381846211,-0.17173055457724534,-0.13074433338845723,5.895509264752078,6.466624526692415,0.005952738030421234,0.013583911083823385,6.998809666292695,4.845473655447397,0.04745344094992371,0.034409590093951586,2.1104748319313607,8.206745485086422,0.0528258981391707,0.04911901811556758,7.346808669357866,1.3583187554594558,-0.01783327246735282,-0.031818195121211194,1.9064115642557495,3.9005565961498383,-0.08536371140964366,-0.09875346271192822,2.471438569961325,5.1983138365050685,-0.003567831057848576,-0.09390568975506446,2.790452221140613,4.192565169535071,-0.02287049109541657,0.004142289469909873,3.803212237397287,1.6865428793828734,-0.037075372570796045,0.06161293316808518,8.904666187366082,0.9809517915591074,-0.025345210798347558,0.13654277298039513,4.058207289677617,2.664142089783545,0.07920185927879506,-0.13495422591049716,6.076812850943931,5.707866812006547,0.018398101237218682,0.02464106381461136,6.945536124910017,2.974277821218835,-0.06532692907887837,0.01308384365201779,4.194189487905562,8.410958379098863,0.023488221100771825,0.05905047714036136,4.4198514218066345,7.139784160877985,-0.05129429339063816,0.006779063821936498,6.969976715733764,8.746949425151056,-0.004105037406679971,0.02143783577135789,5.553386431382575,3.0668048462009936,-0.08866144903552413,-0.10171629752290372,3.8131728645997445,4.800319678563963,0.01708891093969755,0.0702145684077893,4.893358875912025,8.26750889600887,-0.10164926081739602,-0.011753921017346198,8.070781065497734,2.9055823332905777,-0.021267712078123377,-0.013842513531550808
376,2.070194668935913,1.2742711651767882,-0.1723973275239607,-0.12799488232488387,5.895806901653598,6.467303722246607,0.010503889052736259,0.013363918279482367,7.001182338340191,4.847194134952095,0.058763557896620945,0.03565335546673453,2.113116126838319,8.2092014359922,0.04311696013658434,0.044966529779600514,7.345917005734498,1.3567278457033953,-0.018798335368730497,-0.02730576700143256,1.9021433786852673,3.8956189230142417,-0.09602130054719783,-0.09837962561624292,2.4712601784084325,5.193618552017315,-0.00030696711296046087,-0.08815982844827792,2.7893086965858425,4.192772284008567,-0.022616605483524822,0.00041743316776772944,3.8013584687687474,1.6896235260412777,-0.01994947099093917,0.06369566604671058,8.903398926826165,0.9877789302081271,-0.019091320105159845,0.1376224028076859,4.062167382641557,2.65739437848802,0.0832351576967209,-0.13545794322681173,6.077732756005791,5.709098865197278,0.028900366630952662,0.027064586994798107,6.942269778456073,2.974932013401436,-0.06804207748311898,0.010347458671637255,4.195363898960601,8.413910902955882,0.012581365338766972,0.05871473137080847,4.4172867071371025,7.140123114069082,-0.05449371463251762,0.014751861573363195,6.96977146386343,8.748021316939624,-0.00860507670104204,0.02197042837156939,5.548953358930799,3.0617190313248486,-0.08325850368094324,-0.09799829053950433,3.8140273101467295,4.8038304069843525,0.017154219376448916,0.07273083865042072,4.888276412871155,8.266921199958002,-0.10797202914797005,-0.013288516637233311,8.069717679893827,2.904890207614,-0.03359667953017263,-0.01027870674441759
377,2.0615748025597154,1.267871421060544,-0.17717709365142786,-0.12536239978874678,5.896332096106235,6.467971918160581,0.015470952345597245,0.013542102395275923,7.004120516235022,4.848976802725431,0.06983123146057815,0.03679591215268886,2.1152719748451485,8.21144976248118,0.03338808736055284,0.04075786332087458,7.344977088966061,1.3553625573533237,-0.019727392594315482,-0.02276509075037875,1.8973423136579073,3.8906999417334296,-0.10626169293411114,-0.09839636880979807,2.4712448300527843,5.189210560594901,0.0026330793017724724,-0.08246039617953918,2.788177866311666,4.192793155666955,-0.02849219182931664,-0.0022711276533482413,3.8003609952192003,1.6928083093436133,-0.0034103175342512435,0.06482952865016636,8.902444360820907,0.9946600503485115,-0.012378001280391779,0.1382478572092833,4.066329140526393,2.6506214813266795,0.08741963547300988,-0.13566429411121203,6.079177774337339,5.710452094547018,0.03930320998708517,0.029564647009224815,6.9388676745819176,2.9754493863350175,-0.0692613541944637,0.008246664281793313,4.195992967227539,8.416846639524422,0.0011255686797742043,0.05827573026322006,4.414562021405477,7.14086070714775,-0.057734722035056876,0.022168146402741323,6.969341210028378,8.749119838358203,-0.013035710856911523,0.02230908308061796,5.544790433746751,3.0568191167978735,-0.07764030919027208,-0.09428739737045888,3.814885021115552,4.807466948916874,0.01714636460185461,0.0748698710962687,4.882877811413757,8.266256774126141,-0.11365686274908718,-0.014304867752191835,8.068037845917319,2.9043762722767794,-0.045543505213289544,-0.00674457710991804
378,2.052715947877144,1.2616033010711065,-0.18151035765959228,-0.12151201424206251,5.897105643723515,6.468649023280345,0.02080917078124235,0.014068890620673392,7.0076120778080515,4.850816598333066,0.08067354135275573,0.03781651177496827,2.116941379213176,8.213487655647224,0.0236461119934836,0.03650326440529765,7.343990719336346,1.3542243028158047,-0.020622813056208562,-0.018227162273449084,1.8920292290112017,3.88578012329294,-0.11634022890813686,-0.09873444214072943,2.4713764840178727,5.185087540785925,0.005231214102564213,-0.0768804563224139,2.7867532567202002,4.192679599284287,-0.03435098158621075,-0.004708508540916239,3.8001904793424877,1.6960497857761216,0.012740052705960243,0.06508619120986191,8.901825460756887,1.0015724432089756,-0.005286629565322961,0.1388742630500229,4.070700122300043,2.643838266621119,0.09166088369321518,-0.1356754855046354,6.081142934836693,5.7119303268974795,0.049522050824563804,0.03211423550322763,6.935404606872194,2.975861719549107,-0.07016576862472436,0.006037808347352224,4.196049245661528,8.419760426037584,-0.010870246060883602,0.0577655969725567,4.4116752853037235,7.141969114467887,-0.061030042680031586,0.02907643798103417,6.968689424485532,8.750235292512233,-0.01739518302738367,0.02245683455490532,5.540908418287238,3.0521047469293507,-0.07195444815409063,-0.09062169048261766,3.8157423393456447,4.811210442471687,0.017075528579358384,0.07665892890985351,4.877194968276303,8.265541530738531,-0.11871821686469253,-0.01497150644875806,8.065760670656655,2.9040390434212835,-0.057059556207685755,-0.0032367271632999595
379,2.043640429994164,1.2555277003590033,-0.18542159470571484,-0.11654560883546823,5.898146102262578,6.469352467811379,0.02644269111620138,0.014902243368977997,7.01164575487569,4.852707423921814,0.09125189356566162,0.038725745333891275,2.11812368481285,8.215312818867488,0.013908218054465349,0.0322207563598627,7.342959578683535,1.3533129447021324,-0.02148855115006156,-0.013750643716973446,1.886212217565795,3.880843401185903,-0.12624656259305814,-0.09939135261421025,2.471638044723001,5.181243517969804,0.0060919278973916744,-0.07339938860533855,2.7850357076408896,4.1924441738572416,-0.04017559702002289,-0.006852166679727828,3.8008274819777856,1.6993040953366148,0.028631634479718178,0.06430119403348294,8.90156112927862,1.0085161563614768,0.0022146507424468144,0.13935559416561144,4.075283166484704,2.637054492345887,0.08807028536331349,-0.12643868259883745,6.083619037377922,5.713536038672641,0.05954052766839773,0.03473087102696411,6.931896318440958,2.9761636099664748,-0.07084876968103787,0.003584909017987924,4.195505733358484,8.422648705886212,-0.02331038362601956,0.05723370426126002,4.408623783169722,7.143422936366939,-0.06441559879673175,0.03544196891894425,6.967819665334163,8.751358134239979,-0.021681688681837903,0.02241769789485286,5.537310695879533,3.04757366240522,-0.06624958366703868,-0.08699394728315,3.8165961157746127,4.8150433889171795,0.01697686314821653,0.07829842376853567,4.871259057433068,8.264792955416093,-0.12310075305246052,-0.01541365319147449,8.06290769284627,2.9038772070631187,-0.06809824254277258,0.000237747162476141
380,2.034369350258878,1.24970041991723,-0.18891289020730462,-0.11060924437845701,5.899468236818388,6.470097579979828,0.03230485784875105,0.015985130217576714,7.016208349553973,4.854643711188508,0.10149773977757187,0.039477775414075614,2.1188190957155735,8.216923856685481,0.004196040539435441,0.027921590306329146,7.341885151126032,1.3526254125162838,-0.022266740824081373,-0.009317727448267123,1.879899889436142,3.8758738335551928,-0.13593308179862837,-0.10028379684855164,2.4719426411178707,5.177573548539537,0.006760812338648198,-0.07002743501363419,2.7830269277898885,4.192101565523255,-0.04598073365592244,-0.008779825036453998,3.8022590637017717,1.702519155038289,0.044146730965332955,0.06250151057437983,8.901671861815743,1.0154839360697574,0.01026539497796241,0.1393822073892107,4.07968668075287,2.630732558215945,0.08463963386249237,-0.11749281443453653,6.086596063761341,5.715272582223989,0.06928316166679174,0.03737304341569654,6.928353879956906,2.976342855417374,-0.07144628277558228,0.0008287483340580037,4.194340214177183,8.425510391099275,-0.03621565795758923,0.05669721230656086,4.405403003229885,7.145195034812886,-0.06791477924776726,0.04128056909253682,6.966735580900071,8.752479019134721,-0.02588244113385378,0.022203147739637892,5.533998216696181,3.0432239650410624,-0.06054892726790785,-0.08333616036248331,3.8174449589320236,4.818958310105606,0.016959118472937868,0.07971276198844653,4.865104019780445,8.264022272756518,-0.12683544635616478,-0.01567373160954308,8.059502780719132,2.9038890944212423,-0.0786105513191512,0.0036736334412246535
381,2.0249237057485128,1.244169957698307,-0.1919882652427098,-0.10381733831966872,5.901083479710826,6.470896836490707,0.038358483268486954,0.017288752809817287,7.0212832365428515,4.856617599959212,0.11143768899203034,0.03987370350451386,2.1190288977425453,8.218319936200798,-0.005455139072247452,0.023573668025898352,7.340771814084828,1.3521595261438704,-0.022967111418940495,-0.004937181310576578,1.8731032353462107,3.870859643712765,-0.1453202828694139,-0.10133271892164768,2.472280681734803,5.174072176788855,0.007238774161992428,-0.06677092444298886,2.7807278911070923,4.191662574271432,-0.05163643250667336,-0.010424519282805716,3.804466400250038,1.705644230567008,0.05895704126949784,0.060236697054365546,8.902185131564641,1.0224530464392179,0.01877182566348258,0.1389837441455921,4.083918662445995,2.6248579174942184,0.08140924577247792,-0.10884919024802073,6.090060221844681,5.717141234394774,0.07848966976682455,0.03963972963914386,6.924781565818127,2.976384292834077,-0.07183921261268994,-0.0021288518348257968,4.192529431279303,8.428345251714603,-0.04949977047065457,0.05620042524092077,4.402007264267497,7.147259063267513,-0.07154225050104313,0.04668960008134927,6.965441458843379,8.753589176521704,-0.029967542693611966,0.021823052389081818,5.530970770332786,3.0390571570229383,-0.05484998450231432,-0.0796321649409545,3.8182929148556704,4.822943948205029,0.017025414856676385,0.08090866110618454,4.8587622474626375,8.26323858617604,-0.1299735448493832,-0.015790648599916364,8.055572253153175,2.9040727760933036,-0.08859471227887182,0.007077950119867881
382,2.0153242924863775,1.2389790907823235,-0.19465126405312028,-0.09628128689731116,5.90300140387425,6.471761274131198,0.0445768279867048,0.018773168583119604,7.026855120992453,4.858611285134438,0.12104120276928636,0.040124058030147014,2.118756140788933,8.219498619602092,-0.015037105770417161,0.019188154958652868,7.3396234585138815,1.3519126670783415,-0.023593444476820897,-0.0006205514686528643,1.86583722120274,3.865793007766683,-0.15439329295642715,-0.10249745579977454,2.4726426204429024,5.170733630566706,0.007556403961239216,-0.06363426055906438,2.7781460694817586,4.1911413483072915,-0.05710451977752926,-0.011786124342161215,3.807414252313513,1.7086560654197265,0.07302406377192018,0.05751051750675765,8.903123722847816,1.0294022336464974,0.027631066672241127,0.13818881981562578,4.0879891247346185,2.6194154579818174,0.07835774165224725,-0.10051567114687784,6.093984705333022,5.719123220876731,0.08760684540550023,0.04164160658195726,6.921189605187492,2.9762778502423357,-0.07193179091948411,-0.005253409084073825,4.190054442755771,8.43115527297665,-0.06308214164594372,0.055801243761332615,4.398430151742445,7.149593543271581,-0.07530267960024528,0.0517145387392291,6.963943081708698,8.754680329141157,-0.03391312915146052,0.021270122963469727,5.52822827110767,3.0350755487758905,-0.04916428663384794,-0.0758799732036603,3.819144185598504,4.826989381260338,0.017170010882024096,0.08188875266681653,4.852263570220169,8.262449053746044,-0.1325823719783896,-0.015804509163838572,8.051142517539231,2.904426673599297,-0.09798830743792562,0.01038104619075354
383,2.0055917292837213,1.234165026437458,-0.19682966294540372,-0.08835440632904525,5.905230245273586,6.472699932560354,0.050930040879713985,0.02035823769559929,7.032907181130917,4.860617488035945,0.1303567933297226,0.040306141779825,2.1180042855004118,8.220458027350025,-0.024541702659436174,0.014776028790044202,7.338443786290041,1.351881639504909,-0.024145451660253475,0.003617769790964941,1.8581175565549188,3.8606681349766943,-0.163136745982245,-0.10373510182444871,2.473020440640964,5.167551917538753,0.00794776992147958,-0.06063790824411534,2.7752908434928822,4.190552042090183,-0.06236993337475541,-0.012856694822239674,3.8110654555021086,1.7115315912950644,0.08620835489626405,0.05443072744355527,8.904505276181428,1.0363116746372787,0.0367301686925048,0.13703313837315642,4.091907011817231,2.6143896744244737,0.07544420142304593,-0.09248838506437167,6.098365047603297,5.721205301205829,0.09657398870269567,0.043387442832441246,6.9175930156415175,2.9760151797881322,-0.07173036857086561,-0.008522477235786242,4.1869003356734735,8.433945335164717,-0.07687326020816525,0.055550155958870334,4.394665017762432,7.152179270208542,-0.07930932431114368,0.05632189321627702,6.962247425251125,8.755743835289332,-0.03771512392222582,0.020550795251038177,5.525770056775977,3.0312815501157075,-0.043421640252588975,-0.07210879887712127,3.8200026861426055,4.831083818893679,0.01737965047598295,0.08265157044264715,4.845634451621249,8.261658828287853,-0.13482978559874234,-0.01580069248023652,8.046243102167335,2.904945725908835,-0.10688938941720037,0.013621375590458472
384,1.9957502461364511,1.2297473061210058,-0.19851221303297487,-0.0802226631065702,5.9077767473175715,6.473717844445134,0.05748490075634668,0.02185899594491193,7.039425020797403,4.862632795124937,0.13937381081343386,0.04039141975745736,2.11677720036744,8.221196828789527,-0.03395926037580581,0.010351507090496434,7.337236513707028,1.3520625279944571,-0.024624319846727322,0.0077680900079783,1.8499607192558065,3.8554813798854717,-0.17153357713706832,-0.10502321137656391,2.473417829137038,5.164520022126547,0.008444764252958653,-0.05778137594608687,2.7721723468241444,4.189909207349071,-0.06742929818534138,-0.013619878142180837,3.815375873246922,1.7142531276672421,0.0984242761790323,0.051036228767493634,8.906341784616053,1.0431633315559365,0.04595549844924155,0.13548996638994418,4.095679221888383,2.609765255171255,0.0726434711797207,-0.08479523516989573,6.103193747038431,5.72337467334745,0.10531242152730733,0.04492260041236988,6.9140064972129744,2.975589055926343,-0.07135238348084828,-0.01193223954378776,4.183056672663065,8.436722842962661,-0.0907765338502284,0.055494517007853746,4.390699551546875,7.154995364869356,-0.08355959630203895,0.060515402958894626,6.960361669055013,8.756771375051883,-0.04137283782720266,0.01967061690753351,5.523598974763348,3.0276761101718517,-0.03760812357616304,-0.06833980757069713,3.820871668666405,4.835216397415811,0.01756353639305048,0.08316057375963073,4.838892962341312,8.26086879366384,-0.13694091692410645,-0.015778267226535587,8.040898632696475,2.905626794688358,-0.11542492505076436,0.016844723626866898
385,1.9858246354848024,1.2257361729656773,-0.1990196575487992,-0.07191437837685104,5.9106509923553885,6.474810794242379,0.06429820041226099,0.02319815706154177,7.046393711338075,4.86465236611281,0.14807184659004902,0.04036290390004581,2.1150792373486498,8.221714404144052,-0.04327432492525191,0.005947904386090649,7.336005297714691,1.3524509324948562,-0.025037009368636082,0.011825852407294134,1.8413840403989532,3.8502302193166433,-0.17960388063676697,-0.10626485985313476,2.473840067349686,5.161630953329243,0.009020579766688701,-0.05505870171038531,2.7688008819148773,4.189228213441963,-0.0722932923813987,-0.01405461006708721,3.8202970870558737,1.7168049391056168,0.10967418945427415,0.04733373128519383,8.908639559538516,1.0499378298754338,0.05514073067132178,0.13369790636490783,4.099311395447369,2.6055254934127605,0.06988365803491765,-0.07735745392537936,6.108459368114796,5.725620803368069,0.11374543717185764,0.046326977206022656,6.910438878038932,2.9749924439491537,-0.07057584150272748,-0.015168980371348185,4.178517845970554,8.439497568813053,-0.1047327304563876,0.05572809021827942,4.386521571731773,7.1580211350173,-0.08807017146242313,0.06429506945719804,6.958293027163653,8.75775490589726,-0.044891221404668676,0.018648713619914156,5.52171856858454,3.024259119793317,-0.031797056650637374,-0.06458046774637824,3.8217498454860572,4.8393744261037925,0.017719385775331782,0.08341449003531826,4.832045916495106,8.260079880302515,-0.13884008742712675,-0.015773136260516237,8.035127386443937,2.9064690308697014,-0.12368458207610158,0.020040936648741327
386,1.9758736526073624,1.2221404540468348,-0.19823422218514886,-0.06360752713883873,5.913865902376002,6.475970702095457,0.07136142532395075,0.02441614081775615,7.053797303667578,4.866670511307812,0.15642727188826297,0.040036672149386165,2.112915521102387,8.222011799363356,-0.05249480435402007,0.0015753340949291117,7.33475344724626,1.3530422251152208,-0.025388879056074093,0.015786065844970564,1.8324038463671148,3.8449169763239865,-0.187382805340365,-0.1074164807291788,2.4742910963380202,5.1588780182437235,0.009476496812162753,-0.05219438132045887,2.7651862172958075,4.1885254829386085,-0.07695424037479641,-0.01412630501929017,3.8257807965285875,1.7191716256698766,0.12009046769733903,0.043367758176186946,8.911396596072082,1.0566227251936793,0.06394354396287147,0.13198527399938306,4.102805578349115,2.6016576207164914,0.0671136785728901,-0.0701710589954935,6.114146639973389,5.72793715222837,0.12201354315559178,0.047662086696923886,6.906910085963796,2.9742339949305863,-0.0691164785860791,-0.01803326406716518,4.173281209447735,8.442283973323967,-0.1185988406024333,0.05672582326364881,4.382118063158652,7.16123588849016,-0.09287768727732353,0.06765000741293516,6.95604846609342,8.758687341578256,-0.04827330629586874,0.017496690412517887,5.5201287157520085,3.021030096405998,-0.026112652575491654,-0.060856467515946686,3.8226358147748236,4.843545150605558,0.017838496344689654,0.08340192885265216,4.82510391212375,8.25929122348949,-0.14039388254128635,-0.01607239430171181,8.028943157340132,2.9074710777021386,-0.13167828466656714,0.0232710915355831
387,1.9659619414981049,1.2189600776898928,-0.1965180200601956,-0.055386724891314465,5.9174339736422,6.477191509136344,0.07866666595505427,0.025556532364989018,7.061618667261991,4.868672344915281,0.16442353375316357,0.03939040632040417,2.1102907808846862,8.222090566068102,-0.06162912377864928,-0.002756516538096058,7.333484003293456,1.3538315284074693,-0.025711194525458288,0.019626171453076224,1.8230347061000967,3.839546152287528,-0.19479880332239013,-0.10851071574334921,2.4747649211786285,5.1562682991777,0.009887415331063625,-0.04902497772274635,2.7613385052770676,4.187819167687644,-0.08165015245281937,-0.013976330291752688,3.8317853199134544,1.7213400135786858,0.12881125754709719,0.039419542035916716,8.914593773270227,1.0632219888936485,0.07227589481297675,0.13036511973034343,4.10616126227776,2.598149067766717,0.06433227364551718,-0.06323427565193995,6.120247317131168,5.730320256563217,0.13016426002661496,0.04893455468639842,6.903454262034492,2.973332331727228,-0.06704631930726908,-0.020617516759924216,4.167351267417613,8.44512026448715,-0.13222916371444426,0.05860476339143879,4.3774741787947855,7.164618388860807,-0.09801422445667438,0.07061452581843224,6.953634800778627,8.759562176098882,-0.0515219088202685,0.01621770111611138,5.518823083123234,3.0179872730302004,-0.020546840881823288,-0.05716935361993438,3.823527739592058,4.847715247048191,0.017927423121933267,0.08317707975987806,4.818084217996686,8.258487603774403,-0.1416372566654557,-0.016077619642722182,8.022359243106804,2.908634632278918,-0.1394041180229476,0.026553588241234383
388,1.9561360404950952,1.216190741445327,-0.19410399953676666,-0.047322629215369186,5.921367306939953,6.4784693357545935,0.08599287699030589,0.026934280411059355,7.069839843949649,4.870641865231302,0.172041537836797,0.03840816731617963,2.107209324695754,8.221952740241198,-0.07066768536121458,-0.007045560232830632,7.332198443567183,1.3548128369801231,-0.02601166004965491,0.023336851535516602,1.813294765933977,3.8341206165003605,-0.20183717309720856,-0.10945064625312509,2.4752592919451817,5.153817050291563,0.010124718185720798,-0.04572916273174904,2.7572559976544264,4.187120351173057,-0.08631471248769047,-0.013779178499517016,3.8382258827908093,1.7233109906804818,0.13557962126131531,0.03553174153611985,8.918207568010875,1.0697402448801656,0.0800793587488288,0.1288508738812407,4.1093778759600355,2.59498735398412,0.06147449542414839,-0.056508004737862196,6.126755530132499,5.732766984297537,0.1381925392715147,0.05013324851691834,6.900101946069128,2.972301455889232,-0.06437884139406823,-0.02289200113355331,4.160739809231891,8.448050502656722,-0.1457122156701442,0.061340760196570226,4.372573467571952,7.168149115151728,-0.10355480885697059,0.07319204020609942,6.951058705337613,8.760373061154688,-0.054637898460623606,0.014815024731215338,5.5177957410791425,3.0151288053492036,-0.01509390436661123,-0.053520072282077134,3.8244241107481547,4.851874101036184,0.017941502856616304,0.08278208029117896,4.811002355163414,8.257683722792267,-0.14262814998470486,-0.01567608052003639,8.015389037205656,2.9099623116909794,-0.1468661948657325,0.029889812573686204
389,1.9464308405182569,1.2138246099845587,-0.19110344397677387,-0.03946587425673958,5.925666950789468,6.479816049775146,0.09331751669810961,0.02854119648849437,7.078441920841489,4.872562273597111,0.17906309016109204,0.03691854340077555,2.103675940427693,8.221600462229556,-0.07953881153614134,-0.011301858998370756,7.330897860564701,1.355979679556899,-0.026275197143651913,0.02691811801322065,1.8032029072791167,3.828648084187704,-0.20846526622064454,-0.11026836935971798,2.4757655278544677,5.151530592154976,0.01007796616500413,-0.04232221823332928,2.752940262030042,4.186431392248081,-0.09093476871454002,-0.013543691979994051,3.845004863853875,1.7250875777572878,0.14063285871441839,0.03166342765734521,8.922211535948316,1.0761827885742277,0.08743393190923872,0.12736254487674437,4.112451600731243,2.592161953747227,0.05837996345591242,-0.04978824041581973,6.1336651570960745,5.735273646723383,0.14609768575112134,0.05125201922431699,6.896883003999425,2.9711568558325543,-0.06111629026520394,-0.02482733768611364,4.153454198448384,8.45111754066655,-0.15869054145435058,0.06481398878527052,4.367395727129104,7.171808717162032,-0.10957422791612796,0.07535023032983627,6.9483268104145814,8.76111381239125,-0.05762053909957109,0.013291625843849282,5.517041045860812,3.0124528017350998,-0.009734858577965484,-0.04990694712174064,3.8253211858909855,4.856013205050743,0.017884317787889764,0.08222567442466035,4.803870947664178,8.256899918766266,-0.1434366255237931,-0.015055187363880448,8.00804572746237,2.911456802319664,-0.153939202389746,0.03325843799103793
390,1.9368756683194182,1.2118513162717217,-0.18758102255715337,-0.03185403403843399,5.930332826624373,6.481243109599571,0.10072585250304888,0.02990687384893963,7.087395075349543,4.874408200767149,0.18416155785382485,0.03531332270295536,2.099698999850886,8.221035369279639,-0.0882078913763246,-0.015519179306460011,7.329584100707518,1.35732558545756,-0.026502428675987195,0.030365869341569766,1.7927796439680845,3.8231346657197185,-0.21465565151758534,-0.11096114022266985,2.476269426162718,5.149414481243309,0.009834451016245242,-0.03875463325677536,2.7483935235943147,4.185754207649081,-0.08985698746942761,-0.017539487155427212,3.852036506789596,1.7266707491401552,0.1450326962679195,0.027559664628365906,8.926583232543777,1.0825509158180648,0.09404840313616934,0.12583269378658138,4.115370598904038,2.589672541726436,0.05506560247969324,-0.04308807782626971,6.140970041383631,5.737836247684599,0.15374449526945858,0.052404728071392695,6.8938271894861645,2.9699154889482484,-0.057370683723570334,-0.02651237906157188,4.145519671375666,8.454358240105813,-0.17090346313337051,0.06886419778597719,4.361917015733297,7.1755762286785245,-0.11651782630575351,0.07774202670266714,6.945445783459603,8.761778393683441,-0.06048112656235395,0.011609622815158467,5.5165543029319135,3.0099574543790126,-0.007278672983764395,-0.04552743586969501,3.82621540178038,4.860124488771977,0.017774863916043566,0.08152613694441034,4.796699116387988,8.256147159398072,-0.1442480634137267,-0.01445428262534993,8.000348767342883,2.9131197242192157,-0.16049509640696555,0.03657470966865119
391,1.9274966171915604,1.2102586145698,-0.183616566386356,-0.024514756174931485,5.9353691192495255,6.4827384532920185,0.10853316838906954,0.030979111210162138,7.096603153242235,4.876173866902297,0.18737573534310556,0.03366977733613169,2.09528860528207,8.220259410314316,-0.09665840247423262,-0.01969437030656396,7.328258979273719,1.3588438789246386,-0.026659536461331318,0.03364892186053358,1.7820468613922054,3.817586608708585,-0.2201044417846952,-0.11180018689093114,2.47676114871353,5.147476749580471,0.009630042474923488,-0.03485167604087017,2.743900674220843,4.18487723329131,-0.08884795273148301,-0.021054712431778186,3.8592881416029923,1.7280487323715734,0.14833508267100332,0.02330598772213784,8.931285652700586,1.088842550507394,0.10018993758383933,0.12416335972513758,4.118123879028023,2.5875181378351226,0.051471529199001144,-0.036391953451403225,6.1486572661471035,5.740456484088169,0.1611405674187353,0.05365821719691269,6.890958655299986,2.96858986999517,-0.05341104211795472,-0.0281173430868905,4.136974498218998,8.457801449995113,-0.18169092185119354,0.07315782321524984,4.356091124418009,7.179463330013657,-0.1240120732654398,0.0804627088393816,6.942421727131485,8.7623588748242,-0.06322137150227723,0.00977852323791037,5.516190369282725,3.007681082585528,-0.005400349950312361,-0.0413113605536235,3.827104144976182,4.8642007956191975,0.017594498398308085,0.08066756230440451,4.789486713217302,8.255424445266804,-0.1456017918124074,-0.0145167537587739,7.992324012522535,2.9149484597026483,-0.16638963851991206,0.0396879085077792
392,1.9183157888722426,1.2090328767610534,-0.179264497485294,-0.017477612020621258,5.940795777668979,6.484287408852526,0.11664803008602809,0.031577105379382464,7.105971940009391,4.877857355769104,0.1886705112090776,0.03204250552744782,2.090455685158358,8.219274691798988,-0.10487004646808713,-0.023819859228563892,7.326926002450652,1.3605263250176654,-0.02677026624510474,0.03672339183666073,1.7710416393029706,3.811996599364038,-0.22472122646160467,-0.11279683420044305,2.4772426508372765,5.1457341657784275,0.009604788359461184,-0.03081854526100777,2.739458276584269,4.183824497669721,-0.08792123796843769,-0.024146319860865347,3.8667048957365426,1.7292140317576803,0.15061949922736165,0.018902696824530035,8.936295149579777,1.0950507184936509,0.10601641156498137,0.12231020419414841,4.1206974554879725,2.5856985401625523,0.04758275937866862,-0.029706296397217356,6.15671429451804,5.743139394948014,0.16853518670479564,0.055137355351449174,6.888288103194088,2.9671840028408254,-0.04935709776866578,-0.029704525184027476,4.127889952126439,8.461459341155875,-0.19077775872567856,0.07694601764810449,4.349890520754737,7.183486465455626,-0.132011675225622,0.08353136326482381,6.939260658556371,8.762847800986096,-0.0658521286702126,0.007810093068983653,5.515920351785209,3.0056155145578467,-0.0036504570449578614,-0.03731246966195232,3.8279838698960975,4.868234173734418,0.017302614080313968,0.07962318806570484,4.782206623626682,8.254698607578865,-0.14727607920609656,-0.015158298899889684,7.98400453059654,2.9169328551280373,-0.17161960225465805,0.0425824328063875
393,1.909352563997978,1.2081589961600223,-0.1745785229916712,-0.010767666073689418,5.94662817917328,6.485866264121495,0.12390202711390208,0.0320326381145961,7.115405465569845,4.879459481045476,0.18866470459908938,0.030407292144905687,2.0852121828349537,8.21808369883756,-0.11260797658712476,-0.02783440080983697,7.325587489138397,1.3623624946094983,-0.026858267287709185,0.03958762430973612,1.7598055779798905,3.806356757654016,-0.22829184754975182,-0.1139276321938348,2.4777228902552495,5.144193238515377,0.009731435191092845,-0.026464283281547055,2.7350622146858474,4.182617181676678,-0.08708076814615014,-0.02681427088593411,3.8742358706979108,1.730159166598907,0.15208801965262173,0.014396537995794684,8.941595970158026,1.1011662287033583,0.11149941117290202,0.12027507531013094,4.123076593456906,2.5842132253426913,0.043449416799661474,-0.022933119607933605,6.16514105385328,5.745896262715586,0.17591542935053614,0.056841475801170986,6.885820248305655,2.965698776581624,-0.045348213785768976,-0.03136777882664613,4.118351064190155,8.46530664203828,-0.19807387835601534,0.0798435177086032,4.343289936993457,7.187663033618867,-0.1405500182379549,0.08698092359414186,6.935968052122861,8.763238305639545,-0.06838034983038602,0.005723422185983755,5.515737828932961,3.003749891074749,-0.001957076048372969,-0.03352770845663673,3.8288490006001132,4.872215333137703,0.01696131453156881,0.07837383941408707,4.774842819666377,8.25394069263387,-0.14865970231436434,-0.015880307331220006,7.975423550483807,2.9190619767683565,-0.1761824112004331,0.04525158300240334
394,1.9006236378483945,1.2076206128563378,-0.16962050582124197,-0.00440094378794189,5.952823280528976,6.4874678960272245,0.13031756560372065,0.03257833256078729,7.124838700799799,4.880979845652721,0.1877222560724685,0.028837928856324316,2.0795817840055975,8.21669197879707,-0.11981409022361844,-0.03171990913851319,7.324244575774012,1.3643418758249852,-0.026948411862351366,0.042256275316851964,1.748390985602403,3.8006603760443243,-0.22979572377391203,-0.11505695497226835,2.4782094620148043,5.142870024351299,0.009911472138224001,-0.021646933445316777,2.73070817627854,4.181276468132381,-0.08633751349949124,-0.02903869480853247,3.881840271680542,1.7308789934986966,0.1527588555872011,0.009769987842896849,8.94717094071667,1.1071799824688648,0.11660990037742797,0.11806093207116924,4.125249064296889,2.5830665693622947,0.0390291374607056,-0.016025414390333736,6.173936825320807,5.748738336505645,0.1832600351242235,0.05874841670096032,6.883552837616366,2.964130387640292,-0.041499734842659466,-0.03311304100989513,4.108447370272354,8.469298817923711,-0.203751541518366,0.08188773257565862,4.336262436081559,7.192012079798574,-0.1497166836131876,0.09087201725056257,6.932549034631341,8.763524476748845,-0.07080010692834554,0.003544682243373491,5.515639975130543,3.0020735056519174,-0.00027263351333020624,-0.029971036345483128,3.8296970663266916,4.876134025108407,0.016607156770829485,0.07690495195460034,4.767409834550659,8.25314667726731,-0.14969600841246786,-0.016810207869396306,7.966614429923785,2.921324555918477,-0.18006696101191552,0.0476870949118286
395,1.8921426125573324,1.2074005656669407,-0.16445375653757058,0.0016246354112530188,5.959339158809161,6.489096812655264,0.13594624604152392,0.0332428734532542,7.1342248136034225,4.882421742095537,0.18595029603750204,0.02737154218421495,2.0735910794944163,8.215105983340143,-0.12650426456482022,-0.03546129231853543,7.322897155180894,1.3664546895908278,-0.027048882569171855,0.04475243867762648,1.7369011994137074,3.794907528295711,-0.22933556362278804,-0.11614801007864,2.4787050356217155,5.141787677679033,0.01014941648787057,-0.016346319207531438,2.7263913006035656,4.179824533391955,-0.0856697108825374,-0.030813373374094243,3.8894782144599023,1.7313674928908414,0.15251654091324088,0.004958625665763288,8.953001435735542,1.1130830290724234,0.12126479179385843,0.11571390549208724,4.127200521169924,2.582265298642778,0.034302652670261224,-0.008949630034931742,6.183099827077018,5.751675757340693,0.1905850801436117,0.060821797610820454,6.881477850874234,2.962474735589797,-0.037901203507067195,-0.03496025209515504,4.098259793196436,8.473393204552494,-0.2082300516150352,0.08334985583928592,4.328776601900899,7.196555680661102,-0.1586667576302355,0.093742815547789,6.929009029284924,8.763701710861014,-0.07311021941959558,0.0012793948664332404,5.515626343454876,3.000574953834643,0.0013861909453880938,-0.026645010367752377,3.830527424165233,4.879979272706137,0.01620031595468931,0.07519741653126193,4.759925034130035,8.25230616687384,-0.15037487365149202,-0.017936270273760654,7.957611081873189,2.923708910664068,-0.18328659418883833,0.049883392520144544
396,1.8839199247304539,1.2074817974375034,-0.1588303756977459,0.007390216914763494,5.966136471111238,6.490758956327927,0.1406730903224821,0.03382189434645543,7.1435223284052976,4.883790319204747,0.18348751593441462,0.026051570969235063,2.067265866266175,8.213332918724216,-0.1327062496706924,-0.03902114471001683,7.321544711052436,1.3686923115247092,-0.027159479732610653,0.04707677302338444,1.7254344212325678,3.789100127791779,-0.2271440464932476,-0.11718567283433796,2.479212506446109,5.140970361718656,0.010452578377185221,-0.01063429396746777,2.722107815059439,4.17828386472325,-0.08504536005162482,-0.03215221094926166,3.8971040415055644,1.7316154241741295,0.15142416174556492,7.243518623401696e-07,8.959064675325235,1.1188687243470277,0.12545296245042029,0.11323544731851422,4.128915653803437,2.5818178171410313,0.029317890523192246,-0.0016877502927862033,6.192629081084198,5.754716847221234,0.19787066018263605,0.06321241008639447,6.87958279069888,2.960726722985039,-0.034783100509525766,-0.037150717388979716,4.0878482906156846,8.477560697344458,-0.21176026969472136,0.08441219584924348,4.320843264019388,7.201242821438491,-0.16726170568359547,0.09532453264405813,6.925353518313944,8.763765680604335,-0.075308413759467,-0.0010639567137693392,5.515695653002146,2.9992427033162556,0.002998941013695017,-0.023551488511980835,3.831337439962968,4.883739143532701,0.015726865457896515,0.07323624844324303,4.75240629044746,8.251409353360152,-0.15040273845039548,-0.019210363793656923,7.948446752163747,2.926203080290075,-0.18584532808425935,0.05183212521661814
397,1.8759784059455666,1.2078513082832416,-0.1527990062798401,0.0128948217162991,5.9731701256273615,6.49245005104525,0.1446905581192846,0.0344089164181597,7.152696704202018,4.885092897753209,0.18045104820341562,0.024858612036865117,2.0606305537826404,8.211381861488714,-0.13844309279472441,-0.0423959641675478,7.320186737065805,1.3710461501758784,-0.02727838503847308,0.049224857924657694,1.7140772189079054,3.783240844150062,-0.22355813681371556,-0.1181763268968177,2.4797351353649684,5.140438647020283,0.010821281906423922,-0.004592276924830899,2.7178555470568577,4.176676254175787,-0.08443981076084857,-0.033065799186279055,3.9046752495928425,1.7316154603917226,0.14967296014572856,-0.005015660294434161,8.965337323447756,1.1245304967129535,0.129146647013461,0.11060854303207003,4.130381548329597,2.581733429626392,0.02410862897169288,0.005766986983052649,6.20252261409333,5.757877467725553,0.20509655213038233,0.06585744796842448,6.877843635673403,2.95886918711559,-0.03212317711252116,-0.039657870728663724,4.077260277130948,8.48178130713692,-0.21453278458932604,0.0852233663564659,4.312480178735208,7.206009048070694,-0.1755138987172907,0.0956288278830969,6.921588097625971,8.763712482768646,-0.07739509153425395,-0.0034464976028536786,5.51584560005283,2.998065128890657,0.004562917346240297,-0.020689505369187657,3.8321237832358626,4.887400955954863,0.015183412286047264,0.07103193214755965,4.7448861535249405,8.25044883517047,-0.1495181082918519,-0.020643342434898713,7.939154485759534,2.9287946865509062,-0.18775500912132773,0.05355056344707306
398,1.8683384556315747,1.2084960493690566,-0.14650473418487514,0.018154179481616066,5.980404653533325,6.4941704968661575,0.14769745002554605,0.034946485261151884,7.161719256612189,4.886335828355052,0.17690759938270545,0.023770898888420225,2.0537083991429044,8.209262063280336,-0.14377267675251573,-0.04559543644590436,7.318822817813881,1.3735073930721113,-0.027388910676338148,0.05118648608602845,1.7028993120672196,3.777332027805221,-0.21088230907209263,-0.11496229506638767,2.4802761994602895,5.140209033174042,0.011229581546244975,0.0016615102052865184,2.713633556518815,4.175022964216473,-0.08383278998040443,-0.033564585242693304,3.912158897600129,1.7313646773770008,0.1479203477784562,-0.0042446617811081125,8.971794655798428,1.130060923864557,0.13233980119947136,0.10780643312748277,4.131586979778182,2.5820217789755446,0.018980619726893265,0.013134335654012123,6.212777441699849,5.761170340123974,0.2121224257914236,0.06860595206320397,6.876237476817777,2.956886293579157,-0.02992424106735133,-0.042466131460062784,4.066533637901482,8.486042475454743,-0.21676597877660955,0.08586757833977408,4.3037044837993434,7.2107904894648485,-0.18241613148344213,0.09609383254142341,6.917718343049258,8.763540157888503,-0.07936785812735259,-0.005845107904169464,5.516073745920142,2.9970306536221973,0.006194216380001322,-0.01804483927112943,3.8328829538501648,4.890952552562241,0.014561643081311509,0.06859484183263494,4.737410248110348,8.249416668048726,-0.14762104555808248,-0.022376838661269046,7.929766735303468,2.93147221472326,-0.18903312679293666,0.055058457117423375
399,1.861013218922331,1.2094037583431374,-0.13989787968648876,0.023273388100614592,5.987789526034603,6.495917821129215,0.14904133061932276,0.03510117769632334,7.170564636581324,4.887524373299473,0.17269490514010882,0.022733848942976358,2.0465197653052787,8.206982291458042,-0.1486844723835668,-0.048608708470595466,7.317453372280064,1.3760667173764127,-0.027499794687129927,0.05299698965080344,1.692355196613615,3.7715839130519018,-0.19795817583091602,-0.11129444390145064,2.480837678537602,5.1402921086843065,0.011691722434220668,0.007912803626078144,2.709441917019795,4.173344734954338,-0.08318618724548106,-0.03370212842039111,3.919554914989052,1.7311524442879453,0.14612065630997895,-0.003445069476133318,8.978411645858401,1.1354512455209311,0.1350310902369374,0.10483329402770603,4.132536010764526,2.582678495758245,0.014053986264583427,0.020246794747344414,6.2233835629894205,5.764600637727135,0.21885306274573116,0.07148716664463392,6.87474126476441,2.954762987006154,-0.028156497502209176,-0.04553012871383838,4.055695338962651,8.490335854371732,-0.21840943864802087,0.08631284939033158,4.294583677225171,7.21559518109192,-0.18762502423120195,0.0971029288397902,6.913749950142891,8.763247902493294,-0.08128592777311502,-0.008264776526484394,5.516383456739142,2.996128411658641,0.007745132589818255,-0.015662222013593973,3.83361103600423,4.894382294653872,0.013807946445946023,0.06596228106540157,4.730029195832444,8.248297826115662,-0.1448449536397332,-0.024300330653325417,7.920315078963821,2.9342251375791313,-0.18966966602864777,0.05633673879493769
400,1.8540183249380064,1.2105674277481682,-0.13303683372987712,0.028237166432490392,5.995241592565569,6.497672880014031,0.14862817059324931,0.03496199837112644,7.1791993818383295,4.888661065746622,0.167848079316921,0.021764116110812786,2.0390855416861005,8.204551856034511,-0.15317700521797747,-0.051425695321989644,7.316078382545707,1.378716566858953,-0.027611523593761397,0.054671041792410245,1.6824572878220692,3.7660191908568295,-0.1848709911037241,-0.10720385871437312,2.481422264659313,5.14068774886561,0.012227282833514567,0.014124344474094882,2.705282607657521,4.171659628533319,-0.0824878432085443,-0.0334799292663047,3.926860947804551,1.7309801908141387,0.14432669359292266,-0.0026143128826377105,8.985163200370248,1.1406929102223164,0.13719705112997235,0.10169016490246856,4.133238710077755,2.5836908354956125,0.009366854695793944,0.027131880747310082,6.234326216126707,5.768174996059367,0.22527422046343593,0.07443298595547787,6.873333439889299,2.952486480570462,-0.026796707683683862,-0.04885366358994655,4.04477486703025,8.494651496841248,-0.21943391918460095,0.08654620951415219,4.285202426013611,7.220450327533909,-0.19158206074131184,0.09721811457134646,6.909685653754235,8.76283466366697,-0.08314795489668547,-0.010689220225903892,5.516770713368633,2.9953453005579616,0.009363750735403315,-0.01356650426310426,3.8343014333265275,4.897680408707142,0.012939720975760743,0.06312880496155931,4.722786948150457,8.247082809582995,-0.14136152595125379,-0.026325743607715467,7.910831595662389,2.9370419745188783,-0.18955295603635822,0.05717573722068962
401,1.8473664832515126,1.2119792860697927,-0.12580311122192347,0.0330662218758965,6.002673001095231,6.499420979932587,0.14648406486080837,0.035103863886742234,7.187591785804176,4.889749271552163,0.16239767525405382,0.020885857409398915,2.0314266914252017,8.201980571268411,-0.15720961631984323,-0.054043044238818276,7.314697806366019,1.3814501189485735,-0.027733554790713263,0.05616868197374307,1.673213738266883,3.760658997921111,-0.17163713722713336,-0.10275736823287726,2.4820336288009885,5.141393966089315,0.012830004628954287,0.020226767471450344,2.701158215497094,4.169985632070003,-0.08172740826808696,-0.03290885367225203,3.934077282484197,1.7308494751700068,0.14263048510100124,-0.0017724787659105967,8.992023052926747,1.1457774184674399,0.138763091273343,0.09837008374299609,4.133707052812545,2.585047429532978,0.00485304747354682,0.033742179649106425,6.2455899271498785,5.771896645357141,0.23139154834727554,0.07739684684723727,6.871993604505115,2.950043797390965,-0.0258503811298623,-0.05240261727213077,4.033803171071019,8.498978807316956,-0.21979163534263338,0.08654377367051731,4.2756233229765455,7.2253112332624765,-0.1944187020380562,0.09652956483483177,6.905528256009401,8.762300202655675,-0.08494045655488669,-0.013098941578063869,5.517238900905403,2.9946669753448063,0.011022833729268329,-0.011755570054770768,3.8349484193753156,4.90083684895522,0.011961100252870843,0.06009848153811409,4.715718871852895,8.24576652240261,-0.13713707916282358,-0.028482572882906298,7.901353947860571,2.9399007613799126,-0.18875704813662086,0.05765962910082933
402,1.8410763276904165,1.2136325971635875,-0.11828185441745723,0.037723782090296795,6.009997204338272,6.501176173126924,0.14268067720400046,0.03554065617658043,7.195711669566879,4.8907935644226335,0.15637831356436704,0.020129032414939168,2.0235662106092094,8.199278419056471,-0.1607589861169538,-0.056449386007619486,7.313311128626483,1.3842585530472606,-0.027873182023860885,0.05748275027998053,1.6646318814055263,3.755521129509467,-0.1581223875213419,-0.09776527173426867,2.4826751290324363,5.142405304462888,0.013490228887853976,0.026153736746328846,2.6970718450836895,4.168340189386391,-0.08080188038253074,-0.032011724326566786,3.9412088067392474,1.7307608512317112,0.1408055112048554,-0.0010037862072792957,8.998961207490414,1.1506959226545896,0.13969379675362054,0.09486850718524062,4.133949705186222,2.5867345385154334,0.0004942972643345164,0.04003814824127333,6.257159504567242,5.775766487699503,0.23722231833318977,0.08039003918469063,6.870701085448622,2.9474236665273583,-0.025358965793134205,-0.05606739395498447,4.022813589303888,8.503305996000481,-0.21923494472423757,0.08657237545407791,4.265902387874642,7.230137711504218,-0.19620563736749344,0.09512406169965726,6.901281233181656,8.761645255576772,-0.0866487122631043,-0.015474506488535308,5.517790042591866,2.9940791968420677,0.012681616464735286,-0.010222730350465834,3.835546474387959,4.903841773032125,0.010861905294064805,0.05689275337975933,4.708862017894753,8.244342393758464,-0.13216108187876882,-0.030761552936867574,7.891916095453739,2.942783742834954,-0.18730922635558162,0.057809463757451586
403,1.8351622349695436,1.2155187862681023,-0.11054370376123393,0.04220959375595098,6.017131238198472,6.5029532059357535,0.13765865842865657,0.03625036323368394,7.203530585245097,4.891800016043381,0.14981200661570523,0.019511872279059057,2.015528261303362,8.19645594975609,-0.16380504945070357,-0.05853234948171435,7.31191746952529,1.3871326905612598,-0.02802885743508525,0.05859321955047809,1.6567257620294593,3.7506328659227535,-0.1444158211279665,-0.092233069237144,2.483349640476829,5.143712991300204,0.0143188444638828,0.031878215631860274,2.693031751064563,4.166739603170062,-0.07957077140414004,-0.030783693834946484,3.94824908229949,1.7307106619213473,0.13917635160531278,-0.00025197964451286294,9.005945897328095,1.1554393480138516,0.1399685743522996,0.09119149031605327,4.133974420049438,2.588736445927497,-0.003538045989158793,0.04592897176944392,6.269020620483901,5.779785989658738,0.24266724845449236,0.08334827190786712,6.869433137158965,2.944620296829609,-0.02534669580447816,-0.059827653180949014,4.011851842067676,8.507634614773185,-0.21766662321308816,0.08670562809852365,4.2560921060062675,7.234893914589201,-0.19700817106855564,0.0930809945945428,6.896948797568501,8.760871530252345,-0.08825619551598726,-0.017796812413725757,5.518424123415103,2.9935680603245443,0.01428060978102805,-0.00895881190222627,3.8360895696526622,4.906686410701114,0.00963370949268751,0.05353249719959213,4.702253963800815,8.24280431611162,-0.126646314485299,-0.03300559572829376,7.88255063413596,2.9456742160228266,-0.18518719557586227,0.05767206959136572
404,1.829635049781482,1.2176292659558998,-0.10265956940902675,0.04652073028480058,6.024014171119904,6.504765724097438,0.13232087883220864,0.03688762531541133,7.2110211855758815,4.892775609657334,0.1426646720996568,0.01905489254796124,2.0073380088308266,8.193529332282003,-0.16635234446973413,-0.060198684684467894,7.310516026653536,1.3900623515387838,-0.028176351736285164,0.059462290009635314,1.649504970973061,3.7460212124608963,-0.13061870335824832,-0.08621439151075602,2.484065582700023,5.145306902081797,0.015654667254743928,0.03748049754502155,2.689053212494356,4.165200418478315,-0.07804894747637992,-0.02915528395007643,3.9552078998797557,1.7306980629391215,0.13788652758146996,0.0005081484717222741,9.01294432604571,1.1599989225296543,0.13931397025260867,0.08718784334625804,4.13379751774998,2.591032894515969,-0.007400240333560152,0.05139985747837203,6.281153982906625,5.783953403254131,0.24771579539458063,0.08623258295059316,6.868165802368741,2.9416289141705616,-0.025802628123642438,-0.06364811607836894,4.000968510907022,8.51196989617811,-0.21467447488824093,0.08679595496209752,4.24624169745284,7.239547964318929,-0.19690616963995153,0.090470327544658,6.8925359877927015,8.759981689631658,-0.08974741394877134,-0.02004880124935856,5.519138153904154,2.993120119729433,0.015708256879926937,-0.007952360187442362,3.836571255127297,4.9093630355610935,0.008266235517863558,0.050039465712723274,4.69592164807655,8.241154036325206,-0.1207355986519927,-0.0351279645781077,7.873291274357166,2.948557819502395,-0.18242687206628833,0.05726055367559936
405,1.8245020713110307,1.21995530247014,-0.09475921514286006,0.05054116155003553,6.030630215061515,6.506610105363208,0.12722265700863553,0.03758365310653889,7.218154419180864,4.893728354284732,0.13501468863398527,0.018786448617998424,1.99902039160734,8.19051939804778,-0.16840899863988965,-0.0614633412989801,7.309107209066722,1.3930354660392656,-0.028306944395400956,0.06009630512833856,1.6429740358051486,3.7417104928853586,-0.1167888581682001,-0.07973168529179812,2.4848483160627604,5.147180926959049,0.017384144824204795,0.04289404470326282,2.685150765120537,4.163742654280811,-0.07623336727225069,-0.027136046409414142,3.9621022262588292,1.7307234703627077,0.13669532316769833,0.0017355903674754194,9.01991002455834,1.1643583146969672,0.13807293337557258,0.08291656965877615,4.1334275057333025,2.5936028873898875,-0.011234844432953044,0.056568466054431374,6.293539772676354,5.788265032401661,0.2523057400999477,0.08898953972905986,6.866875670962559,2.9384465083666433,-0.026702709296227926,-0.06750303791104964,3.99023478716261,8.516309693926216,-0.21052294171670638,0.08661725477718231,4.236396388970842,7.244071480696162,-0.19597846916509323,0.08732023659691077,6.888048617095263,8.75897924956919,-0.09111232380628285,-0.022210895104799178,5.51992356674815,2.9927225017200607,0.016991867119551914,-0.007179972885893047,3.83698456690319,4.911865008846729,0.006757586451772974,0.04642734712582543,4.689884868143951,8.2393976380963,-0.11446121886216344,-0.03712455868674885,7.864169930753852,2.9514208471861747,-0.17907826561394247,0.05659143244557824
406,1.8197641105538878,1.2224823605476418,-0.08689297261489834,0.05424664634262567,6.036991347911947,6.508489288018535,0.12223554494844628,0.03861121976673448,7.224905153612563,4.894667676715631,0.12712915059239363,0.01880370354129412,1.9905999416753455,8.18744623098283,-0.17000775428266138,-0.06239148648036776,7.307691861846952,1.3960402812956825,-0.028404038499094918,0.060484348246048016,1.6371345928967385,3.7377239086207688,-0.1030041217733179,-0.07284071258810283,2.4857175233039706,5.1493256291942116,0.01947662213092839,0.04806425962449886,2.681339096756924,4.16238585196034,-0.0741208233168054,-0.024856974340782493,3.968936992417214,1.7308102498810816,0.1357190922185349,0.003430591306546598,9.026813671227119,1.168504143179906,0.13637819674584808,0.07842210339870058,4.132865763511655,2.596431310692609,-0.0151451978402168,0.06155550137364047,6.306155059681352,5.792714509388114,0.25633749736527706,0.09164194772541635,6.865540535497748,2.935071356471091,-0.028049535849572652,-0.07138462425409964,3.9797086400767747,8.520640556665075,-0.20534604474226198,0.0862315834121075,4.2265974655125875,7.2484374925260076,-0.19437647661758117,0.08339459869608146,6.8834930009049495,8.75786870481395,-0.09234566050827203,-0.02426803263137093,5.520773160104127,2.992363503075766,0.018094949791313427,-0.006632542454422772,3.8373224462257784,4.914186376203021,0.005096258597974108,0.04270796103995755,4.684161807200843,8.237541410161962,-0.10815502360306921,-0.03900785926683317,7.855216017473155,2.9542504188084537,-0.17526929076674494,0.05572343431123342
407,1.8154194619231427,1.225194692864773,-0.07946979450835194,0.05752636845206266,6.043103125159369,6.510419849006872,0.11721585745977116,0.03972728293314421,7.231261611142183,4.895607861892696,0.11911206360966659,0.018974322710078588,1.9820995539612125,8.184326656658813,-0.17128697799295992,-0.06325930654583631,7.306271659921998,1.3990644987079848,-0.02846277105341144,0.06063880524287261,1.6319843868080726,3.7340818729913634,-0.08934777825363024,-0.06563657112029316,2.486691354410517,5.151728842175436,0.021896918650923126,0.05293748248221256,2.677633055591084,4.161143003243301,-0.0717119042059112,-0.022339275076792568,3.9757229470281406,1.7309817794464089,0.13513085211660142,0.005399690910139948,9.033632581064412,1.172425248349841,0.1343011667278761,0.07372913206483923,4.132108503619643,2.599509085761291,-0.01905987705457513,0.06617341108822006,6.318971934549616,5.797296606774385,0.2598057851014545,0.09430606356412284,6.864138058705269,2.931502125258386,-0.029877440804125303,-0.0752795691156309,3.969441337839662,8.524952135835681,-0.1994610565088149,0.08531905613776711,4.216878641681708,7.252607222460812,-0.19210835895133666,0.07878773483976584,6.878875717879536,8.75665530318238,-0.09315111837595401,-0.02614955177763453,5.521677907593693,2.992031875953045,0.019000299269439,-0.0062952020277915,3.837577259155677,4.916321774255018,0.003271821143631266,0.03887977263551667,4.678754056020689,8.23559101719862,-0.10186991199694814,-0.040765340402261124,7.846452552934817,2.9570365905240155,-0.1710253897673181,0.05467014619790759
408,1.8114459721977252,1.228071011287376,-0.07251380878342595,0.060375567143609574,6.048963918032358,6.512406213153529,0.11205754521356774,0.040604480485616566,7.2372172143226665,4.8965565780282,0.11102917756945586,0.019267523662079504,1.9735352050615644,8.181163691331522,-0.17229297140390484,-0.064088660008741,7.304848521369327,1.4020964389701285,-0.028478748078443483,0.060572207977914065,1.627516997895391,3.7308000444353486,-0.07587743847854479,-0.058219587426455034,2.487786200343063,5.154375716299547,0.0246090760195831,0.05746456291379311,2.6740474603807884,4.160026039489461,-0.06904835777782682,-0.019634300999150603,3.982479489633971,1.7312517639919158,0.13548310662652727,0.007709606892326743,9.040347639400805,1.176111704953083,0.13187338460955564,0.06884442786242567,4.131155509766915,2.602817756315702,-0.023179020317080662,0.07032012745939868,6.331962223804688,5.802011909952591,0.2627273991523197,0.09702448593974225,6.8626441866650625,2.9277381468026045,-0.03217081631112241,-0.07914637164413145,3.959468285014221,8.529218088642569,-0.1930885033986922,0.08412858197402623,4.207273223734141,7.2565466092028,-0.18924065879178695,0.0735732064728425,6.874218161960738,8.7553478255935,-0.09352171509772239,-0.02784221956739178,5.522627922557165,2.9917171158516553,0.01968892774927737,-0.006155190216628224,3.8377408502128585,4.9182657628867945,0.0013801764720719322,0.03492563067596867,4.673660560420841,8.233552750178507,-0.09556443050347509,-0.04245539676351916,7.837901283446452,2.959770097833911,-0.1663747407114795,0.05344415064611282
409,1.8078202817585538,1.2310897896445565,-0.06607821780098881,0.06278604286705498,6.054566795293036,6.514436437177809,0.10674989576505375,0.041281890765948535,7.242768673201139,4.897519954211304,0.1030981611839006,0.019767354569290213,1.9649205564913692,8.177959258331084,-0.17303407916576474,-0.06489213238982616,7.303424583965405,1.4051250493690242,-0.0284540970874805,0.06028363853964284,1.6237231259714637,3.727889065064026,-0.06266920714862688,-0.050661887597115055,2.489016654144042,5.157248944445237,0.02757119217163121,0.06158665399851181,2.670595042491897,4.1590443244395034,-0.06616674701177362,-0.016789706021354524,3.9892536449652973,1.7316372443365322,0.13700123320366617,0.01035944890872565,9.046941308631283,1.1795539263462043,0.12910732266280595,0.06376548367108904,4.129996558751061,2.606333762688672,-0.027715955631616756,0.0740254360457577,6.345098593762304,5.806863134249578,0.2654284609300902,0.10000282032936923,6.8610356458495065,2.923780828220398,-0.03491293544459485,-0.08296846472858599,3.9498138598442862,8.53342451774127,-0.1862547712705489,0.0827531456568506,4.197811190794552,7.260225269526442,-0.1858289015908306,0.06779238219901781,6.869542076205852,8.753955714615131,-0.0935191439023584,-0.02939893447095504,5.523612368944629,2.991409356340824,0.02015097662258269,-0.006197996287624672,3.837809859036462,4.920012044420593,-0.0005463369166810051,0.030848113062200092,4.668882338895667,8.231429980340332,-0.08914024785004797,-0.044174233227506986,7.829582546410878,2.9624423053662166,-0.16137730289164098,0.05208859843843426
410,1.8045163708685044,1.2342290917879093,-0.060258603196873324,0.06474791540746931,6.059904290081289,6.516500531716106,0.10109344589577866,0.041698177567867874,7.247923581260334,4.898508321939768,0.09553292658240295,0.020508823824007445,1.956268852533081,8.174714651711593,-0.17342834526450246,-0.06551781524485109,7.302001879111031,1.4081392312960064,-0.028386990453102067,0.059810419895604996,1.6205896656140324,3.7253559706841703,-0.049796347313002184,-0.043035858493120686,2.4903952137526235,5.160328277145163,0.030710981946645136,0.0651919031500993,2.6672867051413083,4.158204839138436,-0.06308650451206449,-0.013824259646044102,3.9961037066254805,1.7321552167819685,0.13923649716223951,0.013288318148711594,9.053396674764423,1.1827422005297588,0.12602549020919743,0.05850893626477324,4.1286107609694795,2.6100350344909597,-0.03266495350170438,0.07716643728517669,6.358370016808808,5.811863275266046,0.27012785764465835,0.09718052605688683,6.859289999077276,2.9196324049839686,-0.03807187581944608,-0.08675243281959703,3.9405011212807586,8.537562175024114,-0.17892877779225072,0.08127196622949508,4.188519745715011,7.263614888636393,-0.18191938972664526,0.0616837975715087,6.864866119010735,8.752485767891583,-0.09840445495456157,-0.034417677971068525,5.524619917775758,2.9910994565264426,0.020383143792034406,-0.0064141237307520065,3.8377825421906278,4.921554450073703,-0.00247457585990019,0.02664999141019299,4.6644253265031645,8.229221268678957,-0.08261708125315848,-0.04596659500105749,7.821513681266295,2.9650467352881384,-0.15596222575667412,0.05054856389471139
411,1.8015034407086608,1.2374664875582828,-0.05505526932729687,0.06626568072458151,6.064958962376078,6.518585440594499,0.0949751673178549,0.0417833590604815,7.252700227589455,4.899533763130968,0.08827685829312301,0.02137221135281437,1.9475974352698557,8.17143876094935,-0.17358845153600783,-0.06604401273233948,7.300582529588375,1.4111297522907866,-0.028282247210838274,0.059189809395850446,1.6180998482483824,3.723204177759514,-0.03728460817821367,-0.035397117208511845,2.4919307628499556,5.163587872302668,0.03393369407599961,0.06812901310475447,2.664132379915705,4.157513626156134,-0.05990030656062845,-0.010903223201439705,4.003065531483593,1.732819632689404,0.1417549323573279,0.016418783522108467,9.059697949274883,1.1856676473429975,0.12265109282705727,0.05307882423069083,4.126977513294395,2.6138933563552187,-0.03800188596713846,0.0796381627415933,6.371876409691041,5.81672230156889,0.2754532208485415,0.09471733188778274,6.857386405286304,2.9152947833429885,-0.04159571210432195,-0.09051010296880414,3.931554682391146,8.54162577333559,-0.17119033507326803,0.07982072621521023,4.1794237762286786,7.266699078514969,-0.17750478735757522,0.05559483963593703,6.859945896263007,8.75076488399303,-0.10310689448624549,-0.038722760158125064,5.52563907496536,2.990778750339905,0.02043918221640708,-0.006751011674310401,3.8376588133976326,4.922886949644213,-0.004284113643165304,0.022298635157165073,4.660294472440507,8.226922938928904,-0.07605838432751837,-0.0477618625010408,7.813715569978462,2.967574163482874,-0.15017992366018804,0.048879336376570125
412,1.7987506772422959,1.240779771594512,-0.05020992877735103,0.06744198556040767,6.069707720741971,6.520674608547523,0.08843170831965162,0.04161869725952701,7.257114070504111,4.900602373698609,0.08138106282860733,0.022346340586323673,1.9389180126930554,8.168136560312734,-0.1735206423118791,-0.06647853008052466,7.2991684172278335,1.4140892427605791,-0.028136899049379306,0.0584347367779471,1.6162356178394717,3.7214343218990886,-0.025200675420836045,-0.02782048843410732,2.4936274475537554,5.166994322957906,0.03723296129351651,0.0704327274099169,2.6611373645876735,4.156968464996062,-0.05667020606302503,-0.00813932546208891,4.010153278101459,1.7336405718655095,0.14454940578933234,0.019700976244071397,9.065830503916235,1.188321588554532,0.11900231701109353,0.047494143569131723,4.125077418996038,2.6178752644922985,-0.04377046558428114,0.08143979471378701,6.385649070733469,5.8214581681632795,0.28121556805501485,0.0925347578763973,6.855306619681088,2.9107692781945484,-0.045473411479474535,-0.094225107740752,3.9229951656374826,8.545616809646349,-0.1631400661847945,0.07841667519819406,4.1705485368607995,7.269478820496766,-0.1726129067559307,0.049599335450379665,6.854790551538694,8.748828745985124,-0.10758500970214305,-0.042325620653573176,5.526661034076181,2.9904411997561895,0.020306615153433103,-0.007213716059009865,3.8374446077154745,4.924001881402071,-0.005899694932099058,0.0177608713380666,4.65649155322413,8.224534845803852,-0.06952958658181371,-0.049546109102205145,7.8062065737954525,2.9700181303017024,-0.14406045820477517,0.04709904156335439
413,1.7962401808034283,1.2441518708725323,-0.045598126303686745,0.0684206309633458,6.074129306157953,6.5227555434105,0.08149137626455977,0.041652337125687236,7.261183123645541,4.9017196907279255,0.07490053739459014,0.023459332623411353,1.9302419805774615,8.164812633808708,-0.1732314890042028,-0.06682759301783649,7.297761572275364,1.4170109795994765,-0.02794751534888931,0.05755709461207762,1.61497558406843,3.720043297477383,-0.013640481226519181,-0.020382863651783482,2.4954890956184315,5.170515959328402,0.04059552193826234,0.07209123354257921,2.6583038542845223,4.156561498722958,-0.05341446588241342,-0.005566372692392197,4.017380748390925,1.734625620677713,0.14760945237274642,0.02308488429234353,9.07178061976679,1.1906962957329885,0.11509799931917133,0.04176639723147951,4.122888895716824,2.621947254227988,-0.05001044716108149,0.08264937542580741,6.39970984913622,5.826084906057099,0.2865010475559046,0.09008994875997417,6.8530329491071145,2.906058022807511,-0.049700336331011286,-0.09788962253569772,3.914838162328243,8.549537643406259,-0.15448207727888782,0.07698023352709082,4.161917891523003,7.271958787269285,-0.16725230603111438,0.04369324642762404,6.849411301053587,8.746712464952445,-0.11180027215987143,-0.04524168495321622,5.5276763648338525,2.990080513953239,0.019865193212510367,-0.007756193810160592,3.8371496229688695,4.924889924968975,-0.00730645432829447,0.013042225303468248,4.653015073895039,8.222057540348741,-0.06307229876362028,-0.05131424307777058,7.799003550885214,2.97237308237987,-0.13801035839977774,0.04525158721663799
414,1.793960274488244,1.2475729024206996,-0.04126016321433986,0.06918106716108863,6.078203874971181,6.524838160266784,0.07434311936663343,0.041406742636299065,7.264928150515271,4.902892657359096,0.06886979270786739,0.024701381382424767,1.9215804061272515,8.161471254157817,-0.1727280514106235,-0.06709749800665436,7.29636419650792,1.4198888343300804,-0.027680574084617573,0.05649367221902385,1.614293560007104,3.719024154294794,-0.0026697620678697367,-0.013156631212503926,2.4975188717153447,5.1741205210055305,0.04403630064075982,0.07301289914028625,2.6556331309904015,4.156283180088338,-0.05014533551835302,-0.0031363786829570204,4.0247612210095625,1.7357798648923302,0.15092745258505816,0.02652458526835767,9.077535519732749,1.1927846155945625,0.11107624259564819,0.03589819664623343,4.12038837335877,2.6260797229992785,-0.0564494952129156,0.08353546943717378,6.414034901514015,5.8305894034950985,0.2910546349180748,0.08780800337493531,6.850547932290564,2.901163541680726,-0.054276765683175555,-0.1015183432513397,3.9071140584642987,8.553386655082614,-0.14434271625498493,0.07554501375120548,4.153555276221447,7.2741434495906665,-0.1614308865238493,0.0378695071820901,6.843821287445594,8.744450380704784,-0.11570170126169618,-0.047544837670866154,5.528669624494478,2.989692704262731,0.019119067857147475,-0.008329713660310344,3.8367843002524546,4.925542036234148,-0.008556992930765821,0.008150493340906641,4.649861458956858,8.219491828194853,-0.056709781585561655,-0.053069307244852884,7.792103032965225,2.974635661740702,-0.13177628662350688,0.04329713359185304
415,1.791897266327527,1.2510319557787541,-0.037210714545383106,0.06971751394664291,6.081921030939513,6.5269084973985985,0.06709939072893811,0.04084101162310534,7.268371640150664,4.904127726428217,0.06283235888988471,0.02615288905881756,1.9129440035567202,8.158116379257484,-0.17201872447282882,-0.06729801573837309,7.294980167803689,1.4227135179410315,-0.027331016312338786,0.05524724419500008,1.6141600719037106,3.718366322734169,0.0076696857880796665,-0.00620386935380222,2.499720686747383,5.177771165962545,0.047552615564523094,0.07324114821238349,2.6531258642144837,4.1561263611541905,-0.04686472529970888,-0.0008312981275776297,4.032307593638816,1.7371060941557481,0.15439502022262092,0.029888773864963924,9.083089331862531,1.194579525426874,0.10696168032262268,0.029901930638810026,4.117565898598124,2.6302564964711372,-0.0629703789519102,0.084239596661336,6.4285876332599186,5.834979803663845,0.29442979337702296,0.08609558484107367,6.847834094006405,2.896087624518159,-0.05913573818791055,-0.10515686520575693,3.8998969226515494,8.557163905770174,-0.13293672374705037,0.07400719650026825,4.145483731895255,7.276036924949771,-0.1552018446345394,0.032112483415453245,6.838036202382509,8.74207313882124,-0.11905190958887037,-0.04984887104714265,5.5296255778873356,2.9892762185797155,0.01807689964223029,-0.008927935165371135,3.8363564506059165,4.925949560901193,-0.009664091465469076,0.00309315285306885,4.64702596987758,8.21683836283261,-0.050465911550747776,-0.054791556074754104,7.78551421863405,2.9768005184202946,-0.12515695985320124,0.041320825924061194
416,1.7900367306002578,1.2545178314760863,-0.033187076550259244,0.07016953112540189,6.085276000475959,6.528950547979754,0.059777907832133305,0.03994459101389938,7.271513258095158,4.9054353708811576,0.056726464667029144,0.027815131657649213,1.9043430673330788,8.154751478470565,-0.1711545163557014,-0.06761283282702922,7.293613616988072,1.4254758801507814,-0.026869820530511814,0.05379792047004476,1.6145435561931145,3.7180561292664787,0.017346891767903733,0.0004232425281691394,2.502098317525609,5.181433223373164,0.05114296467250382,0.07281911184398364,2.650782627949498,4.156084796247812,-0.04350890072488073,0.0014054993467470735,4.040027344649947,1.7386005328489964,0.15789817667599196,0.033041335425237094,9.088437415878662,1.1960746219588145,0.10275872547898235,0.0237949922170838,4.114417379650528,2.634468476304204,-0.06942438329923457,0.08492249941655176,6.44330912292877,5.839284582905899,0.2961279207659771,0.08459202684983723,6.8448773070970095,2.8908297812578714,-0.06424394602465772,-0.10880136699616125,3.893250086464197,8.560864265595187,-0.12063157431105337,0.07238579276886252,4.137723639663528,7.277642549120544,-0.14861779189301183,0.02639922324165564,6.8320836069030655,8.739580695268883,-0.12189332596271928,-0.05217438146704783,5.5305294228694475,2.988829821821447,0.01674652657854678,-0.009545535630564525,3.835873246032643,4.926104218543847,-0.010612510514851285,-0.0021215677388338834,4.644502674300043,8.214098785028872,-0.044345449207651044,-0.056460130922035084,7.77925637064139,2.9788665597164976,-0.11818739768031153,0.03934994227894391
417,1.7883773767727449,1.2580263080323564,-0.029029459234609256,0.07057479106803778,6.088264895867566,6.530947777530449,0.05244466344879819,0.0387390264442175,7.27434958132851,4.90682612746404,0.05070547577054,0.029678237811554604,1.8957853415152937,8.151370836829214,-0.17017903418988795,-0.06812495989306032,7.292270125961546,1.4281657761742836,-0.02629109072218128,0.052153609183535725,1.6154109007815096,3.7180772913928872,0.02618192733041899,0.00668695085140942,2.5046554657592344,5.185074178965363,0.05476513521021401,0.0718874741098089,2.648607182913254,4.1561550712151485,-0.040068050869338546,0.0035780027808686825,4.047922253483747,1.7402525996202582,0.16151002219911093,0.036046268387595094,9.09357535215261,1.1972643715696687,0.09847100239965859,0.01759512791897856,4.110946160485566,2.6387146012750318,-0.07543624299931831,0.08567036844060498,6.458115518967069,5.843514184248391,0.29598015265594024,0.083268381753565,6.841665109795777,2.8853897129080632,-0.06958235743034027,-0.11245130174993684,3.8872185077486443,8.56448355523363,-0.10762105903843602,0.07080004453596142,4.130292750068877,7.278962510282627,-0.14181519276095084,0.020661557573525717,6.82598894060493,8.73697197619553,-0.12432631566434796,-0.05439965475583424,5.531366749198375,2.9883525450399184,0.015138917410851736,-0.010169534654374554,3.8353426205069003,4.925998140156905,-0.011388752607103063,-0.007483347890558699,4.64228540183966,8.21127577848277,-0.03828516967438402,-0.0581420840318359,7.773347000757374,2.980834056830445,-0.11096685971978221,0.0374449575290903
418,1.7869259038110143,1.2615550475857582,-0.024749313395752558,0.07092847359815034,6.090887129040006,6.53288472885266,0.044787715180384643,0.03770532143693262,7.276884855117037,4.9083100393546175,0.04443375881821608,0.03149147648446673,1.8872763898057991,8.147964588834562,-0.16914921046943276,-0.06892665680078923,7.290955571425437,1.4307734566334604,-0.025604721258379894,0.05031612967412248,1.6167199971480306,3.7184116389354576,0.03413779289238112,0.012560224536983952,2.507393722519745,5.188668552670853,0.05840696969276463,0.0705009249722762,2.6466037803697873,4.156333971354192,-0.036570888035528694,0.005665025703801785,4.055997754593702,1.742054913039638,0.1652371781229543,0.03884169623897401,9.098498902272594,1.1981441279656175,0.09410313044462147,0.01131995687748991,4.1071743483356,2.642998119697062,-0.08095492939818211,0.08657263030499893,6.472914526599865,5.847677603336069,0.29231926145086784,0.0879395944118511,6.838185991924259,2.879767147820566,-0.07506858164954328,-0.11605645553409269,3.8818374547967225,8.568023557460428,-0.094028903760707,0.06920222338226106,4.12320199043083,7.279995588161303,-0.1349004459996288,0.014853428039400388,6.819772624821712,8.734251993457738,-0.12638468942850525,-0.05643545828992476,5.532123695068917,2.9878440683072,0.02002929634797694,-0.008828042251075937,3.8347731828765452,4.925623972762376,-0.011977344376440716,-0.012980308396401862,4.640371143355941,8.208368674281179,-0.03226094536327066,-0.05985399145586859,7.767798657771385,2.9827063047068996,-0.10348997261288675,0.035598930713616264
419,1.7856884381412268,1.2651014712656656,-0.02035581516875232,0.0712199750727171,6.093126514799025,6.534769994924507,0.038834212152826314,0.04133062829654509,7.279106543057948,4.909884613178841,0.03825508881420588,0.03350553736173027,1.8788189292823274,8.144518255994521,-0.16799104081244082,-0.06999149480415641,7.289675335362518,1.4332892631171665,-0.024801835889913516,0.04827766479264274,1.6184268867926497,3.7190396501623066,0.04121841565482276,0.01801503040286778,2.510314071004383,5.1921935989194665,0.06201830000823533,0.06881862354783247,2.644775235968011,4.156617222639382,-0.033045012899272475,0.007646573737456475,4.06425961349985,1.7439969978515868,0.16899370274539463,0.04138022434608069,9.103204058794825,1.198710125809492,0.08948373284909668,0.004969014176388606,4.103126601865691,2.647326751212312,-0.08566900524664231,0.08765475011632519,6.487530489672409,5.852074583056662,0.2887407285911848,0.09172682175934428,6.834432562841783,2.8739643250438616,-0.08030349704015396,-0.11937777647017649,3.8771360096086873,8.571483668629542,-0.07739652863959036,0.054187890849378376,4.116456968130848,7.2807382595632735,-0.12795003777933767,0.00896018903300028,6.813453390350287,8.731430220543242,-0.12811592608004505,-0.05816194053972115,5.533125159886317,2.987402666194646,0.02436086087870719,-0.007626233332808449,3.834174315657723,4.924974957342556,-0.012263770399089527,-0.01862924584526108,4.638758096087778,8.205375974708385,-0.026144432572948358,-0.06161010317458283,7.76262415914074,2.9844862512425805,-0.09583577658894571,0.0338607972458824
420,1.7846706473827891,1.2686624700193014,-0.015877466004624016,0.07140792764473128,6.095068225406666,6.536836526339334,0.03289913739131642,0.04517283496837908,7.281019297498658,4.911559890046927,0.0322073076298902,0.03572571557097548,1.8704193772417053,8.141018681254314,-0.16667971776575655,-0.0710777025627917,7.288435243568022,1.4357031463567986,-0.023885432357885317,0.04605754432539716,1.6204878075753908,3.71994040168245,0.04744504579119342,0.023036969456999287,2.5134149860047947,5.195634530096858,0.06555362359827553,0.06694229745624493,2.6431229853230476,4.156999551326255,-0.029517017327778373,0.009508536972298299,4.072709298637119,1.7460660090688909,0.1748971125393676,0.03859850221023885,9.10767824543728,1.1989585765183115,0.08441630949053706,-0.0014428787443438928,4.098843151603359,2.651709488718128,-0.08931367840040036,0.08828961953722612,6.501967526101968,5.856660924144629,0.28564449900815986,0.09500882970690841,6.830417387989775,2.867995436220353,-0.08844516369092606,-0.11933918625200314,3.8732661831767077,8.574193063172011,-0.06128134153107366,0.04064521338727739,4.110059466241881,7.281186269014923,-0.12073536640597035,0.0030744132731841097,6.807047594046285,8.728522123516257,-0.12933365754097395,-0.059616153335664175,5.534343202930252,2.9870213545280055,0.028119467193366308,-0.006571093563939764,3.8335611271377688,4.924043495050293,-0.012401225042935086,-0.02440559418279217,4.63745087445913,8.202295469549655,-0.01975426629029455,-0.06350539769931207,7.757832370311293,2.986179291104875,-0.08800823014143022,0.03222637884028996
421,1.7838767740825578,1.272232866401538,-0.011329323899283058,0.07150615510979089,6.096713182276232,6.539095168087753,0.0270569743500824,0.049191909482887326,7.282629662880153,4.913346175825476,0.026389447637505288,0.038193060086001096,1.8620853913534174,8.137464796126174,-0.16524425128252118,-0.07219857489271223,7.287240971950128,1.4380060235730685,-0.02285565036068149,0.04369170838306918,1.6228600598649505,3.7210922501553,0.052839596576615744,0.027617637444465146,2.5166926671847083,5.19898164496967,0.06259021737819706,0.06316329927502105,2.6416471344566586,4.15747497817487,-0.026012676604621445,0.011293519318296585,4.081454154264088,1.747995934179403,0.1809317758589553,0.03594520088926879,9.111899060911806,1.1988864325810944,0.07896761459085884,-0.007893484881858008,4.094377467683339,2.656123969694989,-0.08477313998508759,0.08656178686969654,6.516249751052376,5.861411365629975,0.2778431689185908,0.09036567220986003,6.825995129805229,2.862028476907753,-0.09159360619771623,-0.11808525009164733,3.870202116100154,8.576225323841374,-0.04534441552380285,0.02790511246707704,4.104022697921582,7.281339989678583,-0.11335405162168194,-0.002803815421016406,6.800580911169236,8.725541315849474,-0.130042352669534,-0.060721680449787284,5.5357491762899205,2.9866927998498087,0.031300326058746594,-0.00562864829694791,3.832941065885622,4.922823215341154,-0.01240300908445902,-0.030293438968840104,4.636463161144616,8.19912019966469,-0.01310845270596685,-0.06553786337329517,7.753431958804222,2.9877906100468894,-0.08012052398088487,0.030753305644623887
422,1.7833103078875936,1.2758081741570277,-0.006773483854069359,0.0714388746265916,6.098066030993736,6.541554763561898,0.02113297711180401,0.05331163687091166,7.283949135262028,4.915255828829776,0.020733700357980486,0.04067334923975581,1.8538231787892914,8.133854867381539,-0.16366531865448564,-0.07337439413694798,7.286098189432094,1.440190608992222,-0.021725549648501354,0.041195856829092645,1.6255020396937814,3.7224731320275235,0.05791233368925708,0.03187005818280457,2.519822178053618,5.2021398099334215,0.059631552707610475,0.05925168671963642,2.6403465006264275,4.158039654140785,-0.02276695149444822,0.012999866746558819,4.090500743057035,1.7497931942238663,0.18684444672461026,0.03330451079354611,9.11584744164135,1.1984917583370014,0.07329944719347896,-0.014315594038705009,4.090138810684085,2.660452059038474,-0.08028809163141556,0.08499992873721496,6.5301419094983055,5.865929649240468,0.2710625132365038,0.08556846874356383,6.821415449495343,2.8561242144031707,-0.0944861018894925,-0.11671948276544136,3.867934895323964,8.577620579464728,-0.029632391252314656,0.015913932732608577,4.0983549953404985,7.281199798907532,-0.10581524124932934,-0.008666570749433231,6.79407879353576,8.722505231826984,-0.1299485696038573,-0.06165550446370592,5.5373141925928575,2.9864113674349615,0.033952601993562,-0.004477890756930543,3.832320915431399,4.921308543392712,-0.012473314625616742,-0.03617680148560093,4.6358077385093175,8.195843306496027,-0.006223891226875206,-0.06764222565992246,7.7494259326051775,2.9893282753291204,-0.0721836186564258,0.029407559891127002
423,1.7829716336948902,1.2793801178883573,-0.002169890057577736,0.07122725552978346,6.099122679849326,6.544220345405443,0.015451886682378771,0.056986066898515764,7.284985820279927,4.9172894962917635,0.015290437676615472,0.043177495152581874,1.845639912856567,8.13018614767469,-0.1618905992969951,-0.07464664661837875,7.285011911949669,1.4422504018336766,-0.020489441330530125,0.038586857777938986,1.6283976563782443,3.724066634936664,0.06275056899301665,0.03578273542615651,2.5228037556889986,5.205102394269403,0.0566748952234367,0.05520231441913078,2.639208153051705,4.158689647478113,-0.019794503249757324,0.014614008769585763,4.0998429653932655,1.7514584197635437,0.19262248261864656,0.03069573712245551,9.119512414001024,1.1977759786350661,0.0674082109031433,-0.020709601095656532,4.086124406102514,2.6647020554753347,-0.07595155346560784,0.08352672422506587,6.54369503516013,5.870208072677646,0.2658823767496159,0.08543172948351244,6.816691144400869,2.8502882402648986,-0.09708906392145299,-0.11528812797824067,3.866453275761348,8.57841627610136,-0.014311312355792133,0.004695012382533809,4.0930642332780325,7.28076647037006,-0.09832824370456386,-0.014605129774959279,6.7875813650555665,8.719422456603798,-0.12900297953992776,-0.062373859130311515,5.539011822692536,2.986187472897115,0.03623662851202609,-0.0031187017345981134,3.831697249700118,4.919499703318432,-0.012646357712741566,-0.04204394259828613,4.635496543947974,8.192461195213031,0.0003001113251572653,-0.0697073725606359,7.745816751672356,2.990798653323677,-0.06421849947336229,0.02819252414339031
424,1.7828631391920113,1.2829414806648465,0.0024721502249101333,0.07087526674947121,6.099895274183445,6.547069648750369,0.01005938406156254,0.060199606990626396,7.285750342163758,4.919448371049392,0.0101045366755197,0.045785566978980244,1.8375453828917172,8.12645381534377,-0.1599014913454732,-0.0760074760722941,7.283987439883142,1.4441797447225735,-0.0191488568736095,0.035866877858445785,1.6315351848278952,3.7258557717079714,0.06723416187576907,0.039072326574652184,2.5256375004501703,5.20786250999036,0.05370883212631737,0.05101232582090328,2.638218427889217,4.159420347916592,-0.017143580340378318,0.016094041738851938,4.1094740895241975,1.7529932066196665,0.1982401365696954,0.028122551149586117,9.122882824546181,1.1967404985802832,0.06132054303560199,-0.027055075815657754,4.082326828429234,2.668878391686588,-0.07185276183653183,0.08207859808780925,6.556989153997611,5.874479659151822,0.2611803253931811,0.08495162575794497,6.811836691204796,2.8445238338659866,-0.09933898987758301,-0.11393109152177495,3.8657377101435584,8.578651026720486,0.0004136604883317081,-0.00589408356759284,4.088147821092805,7.280036213881312,-0.09099619886470485,-0.020642359819562625,6.78113121607857,8.716303763647282,-0.12733783177345684,-0.062701436828356,5.540823654118137,2.986031537810385,0.03815762698102118,-0.001568970073963834,3.831064931814481,4.917397506188518,-0.012956282866593075,-0.04788083733398006,4.635511549514232,8.188975826584999,0.007117330731523614,-0.07185317572160134,7.7426058266986875,2.9922082795308462,-0.0562231249726108,0.02710839956708993
425,1.7829867467032567,1.28648524400232,0.007145066458449715,0.07038773554010667,6.100398243386523,6.5500796290998995,0.005322979568111422,0.063085297880879,7.286255568997534,4.921737649398342,0.005353315957493538,0.0485040884473216,1.8295503083244435,8.122653441540157,-0.15717596241981593,-0.077117131925655,7.283029997039462,1.4459730886154958,-0.017707689951159435,0.033046654847369336,1.6348968929216836,3.7278093880367043,0.0713854678045954,0.04163872730377196,2.5283229420564863,5.210413126281405,0.05596808620935475,0.056323977721313936,2.6373612488721982,4.160225050003535,-0.01484424809419397,0.017423696659698163,4.119386096352682,1.7543993341771458,0.20368242210741513,0.02559502456978885,9.125948851697961,1.1953877447895003,0.05506937925491275,-0.03332989146445193,4.078734190337407,2.6729823215909785,-0.06781959194112129,0.08075344182752744,6.5700481702672695,5.878727240439719,0.25687673257718585,0.08418009853279332,6.8068697417109165,2.838827279289898,-0.10122928152370594,-0.11261108035305661,3.865758393167975,8.578356322542106,0.014551807723248395,-0.015946305581066352,4.0835980111495696,7.2790040958903335,-0.08386584720206905,-0.026605832841546724,6.774764324489897,8.713168691805864,-0.12508951365261964,-0.062444006858858966,5.542731535467188,2.9859530893066872,0.03971700481522204,0.00014213827529983413,3.8304171176711517,4.915003464321819,-0.013447438923116398,-0.05366484188813255,4.635867416050808,8.18538316779892,0.013901580573690515,-0.07406384587241778,7.739794670450057,2.9935636995092008,-0.04820701699617418,0.026166299448244227
426,1.7833440000261793,1.2900046307793254,0.013735657829509133,0.06739889247907677,6.100664392364928,6.553233893993943,0.0012502683238859195,0.06563533564489181,7.286523234795409,4.924162853820707,0.0012706503650615165,0.05135669503443355,1.8216915102034528,8.118797584943874,-0.15437037365288345,-0.07849856819538534,7.282144612541904,1.4476254213578643,-0.016194815660812337,0.030134873141453408,1.6384661663119133,3.7298913244018927,0.07529074885658876,0.0438569825181651,2.531121346366954,5.213229325167471,0.05799136177843606,0.06172468790171574,2.6366190364674886,4.16109623483652,-0.009172596805326973,0.024446835212602294,4.129570217458053,1.7556790854056352,0.20894632286425108,0.023131141967037593,9.128702320660707,1.1937212502162777,0.048712557300662415,-0.039502425170282504,4.075343210740351,2.6770199936823547,-0.0637057676481039,0.07968760553949253,6.582892006896129,5.882936245366359,0.2529921164555361,0.08315832563033441,6.8018082776347315,2.8331967252722454,-0.10275472270834587,-0.11130931714633627,3.8664859835541376,8.577559007263053,0.02800273724576274,-0.025502175130579216,4.079404718789466,7.2776738042482565,-0.07700767269921947,-0.032496527474672986,6.768509848807266,8.71004649146292,-0.1223501367053359,-0.061563188324216506,5.544717385707949,2.9859601962204523,0.040908464783908145,0.001974306638334559,3.829744745724996,4.912320222227412,-0.01424455009162016,-0.059363313777032356,4.636562495079493,8.181679975505299,0.02057838261283694,-0.07633547890885244,7.737384319600248,2.9948720144816128,-0.04018321256998095,0.0253313163266405
427,1.7840307829176547,1.2933745754032793,0.020108821887240762,0.06439193184120931,6.100726905781123,6.556515660776188,-0.0021597316576366407,0.06784021781217153,7.286586767313662,4.926730688572429,-0.002068381718688255,0.054344555736411754,1.8139729915208085,8.114872656534104,-0.15160493606478778,-0.07978433044208348,7.2813348717588635,1.449132165014937,-0.014651383931734045,0.027137330782518527,1.6422307037547428,3.732084173527801,0.07899032310359136,0.046232366006999,2.534020914455876,5.216315559562557,0.05970985197669064,0.0671298699205918,2.6361604066272224,4.1623185765971495,-0.003985171042912041,0.031091408275260603,4.140017533601265,1.756835642503987,0.21396866983767027,0.020622389732757485,9.13113794852574,1.1917461289577636,0.04230945233974399,-0.045538939959148546,4.072157922357945,2.6810043739593294,-0.059550975965145296,0.07915780336797909,6.595541612718906,5.887094161647876,0.24941838884780904,0.0819896913534973,6.7966705414993145,2.8276312594149284,-0.10389966423201702,-0.11003776203924936,3.8678861204164257,8.576283898506524,0.04070110299369136,-0.03449314314934943,4.075554335154505,7.276048977874523,-0.07047531581116367,-0.03833873708203574,6.762392341971999,8.70696833204671,-0.11913654669433527,-0.06007859708974113,5.546762808947144,2.986058911552369,0.041746314982057824,0.0038991825757368074,3.829032518220415,4.90935205653856,-0.015415012834068013,-0.06495331117290543,4.637591414210134,8.177863201559855,0.02699407011426745,-0.07850832693232665,7.735375158971749,2.996138580297945,-0.032161595634250965,0.02459866697610165
428,1.7850362240120168,1.2965941719953398,0.02626151134418046,0.06137140518619098,6.100618919198241,6.559907671666796,-0.00488754604889202,0.0697423963008433,7.286483348227728,4.9294479163592495,-0.00466045025675798,0.057451521419812385,1.8063927447175692,8.110883440012,-0.14903364943117706,-0.08062054514465988,7.280602302562277,1.4504890315540628,-0.013087401638724287,0.024103581582114834,1.6461802199099222,3.7343957918281507,0.08253284581713334,0.04878745600971459,2.5370064070547103,5.219672053058587,0.061132417779622424,0.07250461780784556,2.6359611480750766,4.1638731470109125,0.000742932386167015,0.03734190075863806,4.150715967093149,1.757866761990625,0.21847068241830342,0.017994054934838688,9.133253421142728,1.1894691819598062,0.03590706859502734,-0.05141238351796069,4.069180373559688,2.684962264127728,-0.055217044012430376,0.07927559987610877,6.608012532161296,5.891193646215551,0.24563618244658014,0.08084170934101681,6.791475558287714,2.822129371312966,-0.1046726835756316,-0.1088074965597145,3.8699211755661103,8.574559241349057,0.05275362857362072,-0.04288824651453231,4.072030569363947,7.2741320410204215,-0.06426787427259137,-0.04421256732598086,6.756435514637283,8.703964402192224,-0.11547061256378584,-0.058015196977648634,5.548850124696247,2.9862538706811557,0.042245250189782396,0.005890696505997942,3.828261767578711,4.906104390979914,-0.01690859384595938,-0.07041733415204571,4.638941117715848,8.173937785213239,0.03285516247309504,-0.08019719120068917,7.733767079190036,2.9973685136467503,-0.02414588253858599,0.02391915963672842
429,1.7863492995792258,1.2996627422546494,0.03219203007565534,0.05834261099441328,6.100374541895796,6.563394791481838,-0.006890900255573272,0.07159407773446137,7.2862503257148905,4.93232049243024,-0.006492139361195809,0.06068752203219051,1.7989410622460102,8.106852412754767,-0.1466212859168729,-0.08102017812943221,7.27994793248034,1.4516942106331685,-0.01147706183324047,0.02104920917461886,1.6503068622007788,3.7368351646286366,0.08596323282234326,0.05126578566077231,2.5400630279436913,5.2232972839489795,0.062245628025589333,0.07782646806297729,2.635998294694385,4.1657402420488445,0.0050759676615070954,0.04317772670854536,4.161639501214064,1.7587664647373669,0.22246740854378216,0.015262213691035188,9.135048774572478,1.1868985627839082,0.029549611851310147,-0.05711289016042151,4.066419521359067,2.6889260441215335,-0.05075345631110973,0.07989943820020855,6.620294341283625,5.895235731682601,0.24141560399959586,0.07976187331890802,6.786241924108932,2.8166889964849804,-0.10502350310373447,-0.10759566586548609,3.8725588569947913,8.57241482902333,0.06409730144521038,-0.05069095868680213,4.0688171756503175,7.271921412654122,-0.05840848176372697,-0.05009753544286032,6.750661984009094,8.70106364234334,-0.11131251170545511,-0.05545525143155803,5.550962387205736,2.9865484055064555,0.04242948926437022,0.00791863408962326,3.827416337886413,4.902583524272312,-0.018498665837045385,-0.07580480092543648,4.640583875839503,8.169927925653205,0.03808145716942607,-0.0811570229562975,7.732559785063107,2.998564471628587,-0.01613508533599886,0.023215881965018764
430,1.7879589010830086,1.30257987280437,0.037903990868196846,0.05531006729795017,6.100029996883017,6.566974495368561,-0.013592439712417602,0.06619908438455159,7.285925718746831,4.93535486853185,-0.007562826163463837,0.06401217337780113,1.7916099979501665,8.102801403848295,-0.1442099729344329,-0.08095819625468129,7.279374079388678,1.4527466710918995,-0.009819832171298941,0.01797079523365273,1.654605023841896,3.7393984539116754,0.08925305493883744,0.05370788760873555,2.5431753093449707,5.2271886073521285,0.06302458883470093,0.08305798151848742,2.6362520930774607,4.1678991283842715,0.009019138641126122,0.048625269748463304,4.172762871641253,1.7595295754219187,0.22607266365583412,0.012380753612974561,9.136526255165045,1.1840429182758871,0.023277389749621763,-0.06262724106643595,4.063881848543511,2.6929210160315438,-0.0461823183612854,0.08094953364661635,6.632365121483605,5.899223825348547,0.23676548468003772,0.07865679621985297,6.780990748953745,2.811309213191706,-0.10501745136964462,-0.10638452118346614,3.875763722067052,8.56988028108899,0.07569443114777843,-0.044038072266313774,4.065896751562131,7.269416535881979,-0.05286649404657533,-0.055971929695756636,6.745096358423821,8.698290879771763,-0.10656043566077643,-0.05254559500375738,5.553083861668955,2.9869443372109368,0.04233774318742873,0.009936648244951534,3.826491404594561,4.8987932842260395,-0.02010675929247923,-0.08112967090088413,4.6424879486979735,8.16587007450539,0.042666449101341354,-0.0814016742021821,7.731753030796307,2.9997252657268376,-0.008145562521248189,0.02249355911918725
431,1.7898541006264184,1.3053453761692675,0.04339354102657831,0.05227825413091459,6.099350374897396,6.570284449587789,-0.0198178546590929,0.06071458795498902,7.285547577438657,4.93855547720074,-0.00758561115651632,0.06744448486797924,1.7843994993034449,8.098753494035561,-0.14104823374898046,-0.08045421723672325,7.2788830877801125,1.453645210853582,-0.008094433049656829,0.014855606716976305,1.6590676765888377,3.742083848292112,0.09239889682047024,0.05610687081161021,2.5463265387867056,5.231341506428053,0.06341689133292232,0.08813178182897993,2.6367030500095168,4.170330391871695,0.012578596896893945,0.053689634643687874,4.184066504824044,1.7601486131025674,0.2292858524530696,0.009323335408130563,9.137690124652526,1.1809115562225654,0.0171267726716751,-0.0679359883580009,4.061572732625447,2.6969684927138746,-0.041491450698855584,0.08242621478593648,6.644203395717606,5.90315666515954,0.23177131319473288,0.07702459585210424,6.775739876385263,2.805989987132533,-0.10467867309737346,-0.10514031110415381,3.879548443624441,8.567678377475675,0.0873651725866441,-0.03952635791215633,4.063253426859802,7.266617939397191,-0.047724765302664535,-0.06185122754827281,6.739768336640782,8.695663600021575,-0.10132654845028811,-0.04932712262729158,5.555200748828327,2.9874411696231844,0.041977401444793956,0.011935434686933326,3.825486066629937,4.894736800680995,-0.021572898325916006,-0.08641310074705169,4.64462127115304,8.16179999079528,0.04682621814466773,-0.08152546658833022,7.7313457526702445,3.000849943682797,-0.0001971549904635824,0.021765742215223566
432,1.7920237776777472,1.3079592888758131,0.04865829040454424,0.049251031639113804,6.098359482164441,6.573320178985539,-0.025562708647382734,0.05507014916669423,7.285168296880832,4.941927701444139,-0.00695408951430822,0.07064433749847526,1.7773470876159958,8.094730783173725,-0.13716174492389768,-0.07952557193511302,7.278478366127629,1.4543879911894309,-0.0062875189883489216,0.01170295947502627,1.6636876214298613,3.7448891918326925,0.09539035969190254,0.05845301226171731,2.549497383353352,5.235748095519502,0.06332751975601707,0.09292028972266146,2.6373319798543613,4.173014873603879,0.015774122230179276,0.05838330558706728,4.195530797446698,1.7606147798729739,0.23180421221102943,0.006525163880446827,9.13854646328611,1.1775147568046653,0.011165479317044629,-0.07302077305946746,4.059498160090505,2.7010898034531716,-0.03671938549149341,0.08423343879139722,6.655791961377343,5.907007894952145,0.2264555634749939,0.07488965936293941,6.770505942730394,2.8007329715773253,-0.10392536985266349,-0.10378040161067766,3.883916702253773,8.565702059580067,0.09879136957904142,-0.035777696259948956,4.060867188594669,7.263525378019778,-0.04301621703994919,-0.06772637579992553,6.7347020092182674,8.69319724389021,-0.09551474205463821,-0.045953119380865,5.557299618900566,2.988037941357531,0.04133425205397727,0.013912329087947178,3.8244074217136412,4.890416145643643,-0.022891503942604734,-0.0916460067160754,4.646962582060274,8.157723717465863,0.05069751933373271,-0.08166408041445981,7.731335894920721,3.001938230793558,0.007703968920678768,0.021014272698096886
433,1.7944566921979745,1.3104218404577688,0.053707769039736154,0.04623014474852361,6.097081346732072,6.576073686443874,-0.030460760937464713,0.049684717146864475,7.284820592405116,4.945459918319063,-0.006137374564402348,0.07323042191647405,1.7704890003698008,8.090754504576969,-0.13255149738640398,-0.07816282824077779,7.278163990178212,1.4549731391631822,-0.004399082164265593,0.008585573037073753,1.6684571394144563,3.7478118424457785,0.09821588546745434,0.06073494833353042,2.5526637593411525,5.240394110005635,0.06274776512032543,0.09733902977166602,2.63812068596587,4.1759340388832324,0.018635679758555856,0.06252584814299551,4.207121008057249,1.7609410380669963,0.23361389751579037,0.00401618738369075,9.139104737251962,1.173863718151692,0.005507691323494328,-0.07786343177292743,4.05766219081593,2.7053014753927416,-0.03208335037696666,0.08589051273620427,6.667114739551092,5.910752377920292,0.21418149637113115,0.0669561224459682,6.765309674237761,2.7955439514967915,-0.10281916017222545,-0.10235201569358032,3.888856270732725,8.56391317476707,0.11041383721610348,-0.0324402857950661,4.058716377742671,7.260139059229782,-0.03874578675819088,-0.07358244050696632,6.729926272115535,8.690899587921168,-0.08904750994652207,-0.04260721227386942,5.559366331503265,2.988733557811928,0.04038953519809367,0.015876041921768953,3.823262846516511,4.88583384530784,-0.02311930581688471,-0.09234923968430148,4.649497458026961,8.15364051344514,0.05450968451954185,-0.08177926439978625,7.7317210933667555,3.0029889444284628,0.01566152129408804,0.020032845434628382
434,1.7971420806499614,1.312733347695195,0.05854536471115149,0.04321825704170742,6.095558308685199,6.578557922301218,-0.034723551393878935,0.044421958936563075,7.284513723676896,4.949121439414887,-0.005140686928622967,0.07515458781354542,1.7638614255004805,8.08684636316493,-0.12715970443338961,-0.07629646022268706,7.277944036069998,1.4554024178150358,-0.002435624699093779,0.005510632556781909,1.673367933687829,3.750848589862455,0.10086175688318863,0.06291596852633237,2.555801147597169,5.245261061494219,0.06162758262103592,0.10125171595571467,2.639052469953798,4.1790603312903825,0.021222781739599673,0.06607730633784739,4.218801702933039,1.7611418474361809,0.23470331759225002,0.001791294074514782,9.139380121818137,1.1699705465630457,0.00017151658210696075,-0.08245244701836504,4.056058023297082,2.709596001029552,-0.02762994985449619,0.08729539393416345,6.677823814369649,5.91410018404259,0.20189198868403932,0.058821087556985424,6.76016871622915,2.7904263507121123,-0.10132281760263584,-0.10081826422447485,3.8943769625935305,8.562291160477317,0.12212531842967313,-0.029336081296834692,4.056779088404761,7.256459937204434,-0.034761300073987735,-0.07934684146598121,6.725473896618209,8.688769227307475,-0.0819939618489116,-0.03926654888549795,5.56138580826317,2.9895273599080165,0.0392041392569554,0.017734665806387235,3.8221068812256664,4.881216383323625,-0.022848747295733166,-0.09258562823630409,4.652222942252938,8.149551550225151,0.058255204261911504,-0.08186370133492607,7.73250416943146,3.003990586700194,0.023664623537034662,0.0188171570160314
435,1.800069348885519,1.3148942605472804,0.06317002912210024,0.040219374323323155,6.0938221311155045,6.580779020248046,-0.03837838341428089,0.03928421401809746,7.284256689330465,4.952879168805564,-0.003907654024057633,0.07646850040264841,1.757503440278811,8.083031540153796,-0.12083631025404544,-0.07381613828637772,7.277822254835043,1.4556779494428749,-0.0004199982685823044,0.002484424834058425,1.6784110215319885,3.7539943882887714,0.10320378617159977,0.06497616116347789,2.5588825267282207,5.250323647292005,0.05997452416664158,0.1046369159346623,2.640113609040778,4.182364196607275,0.023551506898767918,0.06903653967399803,4.230536868812651,1.7612314121399066,0.2350618469811546,-0.00012844506009491736,9.139388697647242,1.1658479242121274,-0.004826571673417675,-0.08677514982853331,4.054676525804357,2.71396077072626,-0.02334377835858173,0.08843815020254553,6.687918413803851,5.91704123842044,0.1895220355881264,0.05053350575557093,6.755102575349018,2.7853854375008886,-0.09945976919073007,-0.09916935574347299,3.900483228515014,8.560824356412475,0.13379202165385526,-0.026439113207790597,4.055041023401062,7.252492595131135,-0.03101384280813385,-0.08499161851063511,6.721374198525764,8.6868058998632,-0.07440512529819901,-0.035929515419993306,5.563346015226018,2.990414093198336,0.03778179622638346,0.019474276351724436,3.8209644438608796,4.876587101911809,-0.022020846602912616,-0.09247712046013684,4.655135702466033,8.145458365158404,0.06193254076100647,-0.08191091293422947,7.733687400608312,3.0049314445509956,0.03170407194730726,0.01737388688781108
436,1.8032278503416241,1.3169052292634467,0.06758166765020883,0.03723762570513763,6.091903211944791,6.58274323094895,-0.04149452206624794,0.034277017427793086,7.284061306629262,4.956702593825696,-0.002424294277422672,0.0771556828644913,1.7514616247661088,8.079340733239476,-0.11360289471001239,-0.07076544572063856,7.277801254921614,1.4558021706845778,0.0016038379566889207,-0.0005013143150948076,1.6835712108405685,3.7572431963469453,0.1052374716918911,0.06688470170292138,2.5618812529365527,5.255555493088738,0.05777274311727081,0.10747312230376431,2.6412911843857168,4.185816023590975,0.02563253750599143,0.07146374418605772,4.242289961161709,1.761224989886902,0.23471929480354659,-0.0017057808424440271,9.13914736906357,1.1615091667207007,-0.009472123042011844,-0.09081966956589617,4.053509336886428,2.718382678236387,-0.019221933888080783,0.08931751829541028,6.697394515583258,5.919567913708218,0.17702700810561678,0.0421732241689239,6.750129586889481,2.780426969713715,-0.0973394295065417,-0.0974008641400389,3.9071728295977066,8.559502400752086,0.14520627834578795,-0.023764291629824384,4.053490331260655,7.248243014205603,-0.0275195857007568,-0.09050808351889393,6.717653942260854,8.6850094240922,-0.06633998356073792,-0.032591261549386887,5.565235105037337,2.991387807015922,0.03613919987726332,0.021083173166011146,3.819863401530734,4.871963245888803,-0.020615636182423305,-0.0920390943541518,4.6582323295040835,8.141362819511693,0.06542483315028011,-0.08191310886916914,7.735272604205677,3.005800138895386,0.03977168727752653,0.015705746409378902
437,1.8066069337241346,1.3187671105487035,0.07178041217075383,0.03427710230095663,6.089828485841479,6.58445708182034,-0.04403615091873455,0.029487013457527696,7.283940091915391,4.96056037796892,-0.0007024747872283513,0.07724642174517217,1.7457814800306082,8.075802460953444,-0.10551338957399936,-0.06721612919517927,7.277881446819448,1.455777104968823,0.003634302963517229,-0.0034234329565309076,1.6888330844251631,3.7605874314320915,0.10696093440763607,0.06860567760112761,2.5647698900924163,5.2609291492039265,0.054905295904932365,0.10964489856121966,2.6425728112610165,4.189389210800278,0.02748059404588458,0.07344828437288013,4.254025925901886,1.7611397008447798,0.23369194914619795,-0.0029722948866990452,9.13867376291147,1.156968183242406,-0.013699505359197246,-0.09455668186281123,4.052548240192024,2.722848554151158,-0.01533077913689918,0.08991840599073768,6.706245865988539,5.921676574916664,0.16439027505050202,0.03378192507019381,6.745262615414155,2.775556926506713,-0.09501506871122262,-0.09546852532858174,3.914433143514996,8.558314186170595,0.15604775973340315,-0.021390559934708817,4.052114351975618,7.243717610029659,-0.02429341426683117,-0.09589479443088314,6.714336943082817,8.683379861014732,-0.05785938999861176,-0.029247731177601724,5.567042065031201,2.9924419656742227,0.034291524807096734,0.02255533981228309,3.8188326197216127,4.867361291171095,-0.018622032550569247,-0.09129759417952509,4.661503571161598,8.137267164068234,0.06864755906320869,-0.08186205252580554,7.737261188569553,3.006585426215855,0.047859866955251365,0.01387502383150901
438,1.8101959543326722,1.3204809656637513,0.07576662738965546,0.03134172758652248,6.087626678295542,6.585931432493217,-0.045862832487953184,0.024976319832912028,7.28390496817603,4.964422699056179,0.0012418188533256,0.07677105733392241,1.7405058105519082,8.072441654493685,-0.0964222134813747,-0.06335206028469972,7.278063161967624,1.4556059333209965,0.005665339057348291,-0.006266711044206479,1.6941811311455448,3.7640177153121477,0.10837113671712532,0.07011395572143672,2.567515154887663,5.266411394131987,0.051310397844968186,0.11108375142646858,2.6439468409633107,4.193061625018922,0.029102839879162283,0.07501190177370516,4.265710523359196,1.7609910861004447,0.2319556479624974,-0.0039555430720654376,9.13798878764351,1.1522403491492654,-0.017731098339224444,-0.09801093605790534,4.051781701235179,2.7273444744506947,-0.011714115323308176,0.09020437224271446,6.714465379741064,5.923365671170174,0.15163203196654818,0.02536116041531901,6.740511861978593,2.770783500240284,-0.09243988393384359,-0.09328075323337834,3.9222355315016664,8.55724465817386,0.16621222921391768,-0.019288458526763662,4.050899681262276,7.238922870308115,-0.02135478457999874,-0.10115067575529357,6.711443973582886,8.681917474455853,-0.04902166924684937,-0.02589976473012915,5.5687566412715555,2.9935697326648367,0.03225373699712874,0.023885638463292887,3.817901518094084,4.862796411462119,-0.01608066074311323,-0.09027974307642789,4.664935949114758,8.133174061441943,0.07159782022394,-0.08175116875948595,7.739654181917316,3.0072791774074306,0.0559591040396401,0.011893491071544544
439,1.813984285702155,1.3220480520430775,0.07954077785061395,0.02843528682930746,6.085333536671144,6.587180248484862,-0.04701409657431888,0.020800459025612415,7.283967059118696,4.9682612519228755,0.0033839822194049306,0.0757593270690501,1.7356846998778395,8.06927405147945,-0.08641295896620364,-0.05923143882700376,7.278346428920491,1.4552925977687863,0.007690567796133082,-0.009020889128639558,1.699599687981401,3.7675234130982194,0.10947874114625111,0.0713639885226178,2.5700806747799114,5.271965581703311,0.04701472648626362,0.11180116536414154,2.6454019829572686,4.196812220107607,0.030520328111417264,0.07618218952064125,4.277308305757321,1.7607933089468415,0.22950725008766526,-0.004689870293354714,9.137102232726548,1.1473398023463701,-0.02158817487981378,-0.101179917207698,4.051195995469014,2.7318546930628305,-0.008294341670158571,0.09020083697278025,6.722046981339392,5.92463372919094,0.1387686284078171,0.0169111038028274,6.735889867781901,2.766119462578615,-0.08959269112485788,-0.09080129034901183,3.930546142962362,8.55628023524752,0.17561198004266065,-0.017392480411264642,4.0498319420332765,7.23386533652035,-0.01866194731188465,-0.10628000561550399,6.708992890120544,8.680622486219347,-0.03988779536693986,-0.02254856920102587,5.570369328121412,2.9947640145880015,0.030022969463945642,0.02506409428173738,3.8170974850569284,4.858282424308298,-0.013452725110049914,-0.08925968809159011,4.668515840125955,8.129086503003968,0.07427332781411468,-0.08157081354450645,7.742452137119297,3.007873851961008,0.06405881647107092,0.009764044170163529
440,1.8179613245946857,1.3234698163845429,0.08310388093040978,0.025561460616126443,6.082982831842428,6.588220271436143,-0.04757140633596229,0.01697351784836346,7.284136258229666,4.972049218276328,0.005749900304383988,0.0742613041141391,1.7313640519295292,8.0663124795381,-0.07560384588093372,-0.054866450991715714,7.278730957310298,1.4548415533123542,0.009693392639062923,-0.011672173204912999,1.7050736250387135,3.77109161252435,0.11028047316484109,0.0723478247450578,2.572431411104225,5.277555639971518,0.04215989054387604,0.11194105349566691,2.6469279993628394,4.200621329583639,0.03174473305738684,0.07696914415080754,4.288783668261704,1.7605588154321739,0.22635321033220165,-0.0052784954506066685,9.136022823982557,1.1422808064859853,-0.025342789545918096,-0.10409324863437809,4.0507812783855055,2.7363647349114695,-0.0048847969191104824,0.08992826104395064,6.728985412759783,5.925479284381081,0.12578657435308,0.008439988124278585,6.731410233225658,2.7615793980611647,-0.08633079005915067,-0.08781574174845735,3.939326741964495,8.555410611226957,0.18416911043902678,-0.015684738234314665,4.048898844667682,7.228551336239575,-0.016235979782468567,-0.11131382536545535,6.706998500352197,8.679495057759295,-0.030503525354561162,-0.01918838976183882,5.57187047659461,2.996017219302088,0.027678439015628116,0.026257411028240495,3.816424848801426,4.8538194399037184,-0.010855433714981745,-0.08822335209803195,4.67222950651666,8.125007962326743,0.07670258253969013,-0.08132693990640552,7.745655077942851,3.008362054169516,0.07214810703036276,0.00748998522468652
441,1.8221165186412063,1.3247478894153493,0.08645722855971848,0.022723953003123187,6.08060426152563,6.589068947328561,-0.047816404150259964,0.013278195647707523,7.2844237532448854,4.975762283482035,0.008350347020334953,0.07230943658587935,1.7275838596354827,8.063569156988514,-0.06412292884440036,-0.050291934203590676,7.279215626942251,1.4542579446521084,0.011648399283192676,-0.014203550617291788,1.7105876486969556,3.774709003761603,0.11078039631955282,0.0730432140214282,2.574539405631419,5.2831526926463015,0.03682178610211407,0.11159328770443701,2.648515236015709,4.20446978679118,0.032769003487594095,0.0773714193908563,4.3001013287783145,1.7602948906596436,0.22253146109204167,-0.00573045162773701,9.134755684505262,1.1370761440542665,-0.029327012479568114,-0.106935856914858,4.05053703853955,2.740861147963667,-0.0014258417801887445,0.08940797317072723,6.735274741477436,5.925901283787295,0.11262919025550386,2.6399868634740392e-05,6.727093693722701,2.757188610973742,-0.08260365350681684,-0.08426687710071126,3.9485351974864464,8.55462637431524,0.1919127655841951,-0.014256816115859494,4.0480870456785585,7.222985644971303,-0.014097339423424492,-0.11625525158301135,6.705473324084468,8.678535638271203,-0.020925590910610508,-0.015810935406479744,5.573254398545391,2.9973300898535,0.025278599927307382,0.02748456235135036,3.815882077115677,4.849408272298817,-0.00831752195715494,-0.0871990025985381,4.676064635643645,8.120941615331423,0.07895246677256881,-0.08105457673821809,7.749262483294369,3.0087365534307504,0.08019636202690092,0.005030674298189537
442,1.8264393800691923,1.3258840870655055,0.08959312354372535,0.019922255488171958,6.078213441318117,6.589732857110946,-0.04814211112393188,0.009476481391301693,7.284841270595902,4.9793777553113285,0.011177720912403816,0.0699084264525533,1.7243777131932627,8.061054560278334,-0.05210303084702106,-0.04555826705345087,7.279798046906411,1.4535477671212438,0.008983391796253246,-0.01634628115881906,1.7161266685129333,3.7783611644626744,0.1109801132302727,0.07344113439711807,2.5763804949365245,5.288732357031523,0.031161457460580216,0.11076470016121769,2.6501536861900887,4.208338357760723,0.03359672089613196,0.07740385524319207,4.3112279018329165,1.7600083680782568,0.2208612450681197,-0.006687927882289613,9.133289333881283,1.1317293512085236,-0.033555191263819326,-0.10970568568889298,4.0504657464505405,2.7453315466222032,0.0020783808512657236,0.08865275284506353,6.740906200990212,5.9259026037807265,0.09919917451272509,-0.008212468546720942,6.72296351104736,2.7529752671187064,-0.07833413070577523,-0.0800540688642315,3.9581308357656564,8.553913533509448,0.1987905351140146,-0.0130759463093016,4.047382178707387,7.217172882392152,-0.01233684136164833,-0.12111019593134661,6.704427044538938,8.67774509150088,-0.01122123501509125,-0.012412166430148986,5.574518328541756,2.9987043179710677,0.02285851537633063,0.028698246004973223,3.8154662010178195,4.84504832216889,-0.005867199224825571,-0.08620907627151818,4.6800122589822735,8.116888886494513,0.08103050634421169,-0.08072884729638906,7.753272301395714,3.00898808714566,0.088281973489494,0.0023724783182963293
443,1.8309190362463785,1.3268801998399142,0.09247995902942215,0.017150836015179537,6.0758063357619205,6.590206681180511,-0.048398298220170013,0.005597263215294421,7.285400156641522,4.982873176633956,0.014207561351961846,0.06688378186163904,1.7217725616509116,8.058776646925661,-0.03977048711628528,-0.04078675244399481,7.280247216496224,1.4527304530633027,0.006915131856701892,-0.0185670751585506,1.721675674174447,3.7820332211825303,0.1108730584453787,0.07354237115168077,2.5779385678095537,5.294270592039584,0.025769944276867258,0.10952495381787324,2.651833522234895,4.212208550522882,0.034315956361062494,0.0770897765070731,4.322270964086322,1.7596739716841423,0.21830153030376306,-0.008264703753506863,9.131611574318091,1.126244066924079,-0.03799199599053918,-0.1123985171828071,4.050569665493104,2.7497641842644565,0.005620860723969276,0.08767506344474825,6.745866159715848,5.9254919803533905,0.08549037890563509,-0.016233014088961085,6.719046804512071,2.748972563675495,-0.0734494518353357,-0.07512281045401611,3.968070362521357,8.553259736193983,0.20516909786244675,-0.012724378253962443,4.046765336639305,7.211117372595584,-0.011053933711773644,-0.1258810720260455,6.703865982788183,8.677124483179373,-0.0014455383202403287,-0.00899794196942797,5.575661254310573,3.0001392302713166,0.020478883752704874,0.029807158104126028,3.815172841056578,4.840737868355314,-0.0035268053388554555,-0.0852472654554388,4.684063784299484,8.112852444129693,0.08292798184014617,-0.08033795430831821,7.757686400070188,3.009106711061575,0.09650021050211874,-0.0005250571324602205
444,1.8355430341978496,1.3277377416406733,0.09516694498406444,0.014427740262880705,6.073386420850912,6.590486544341276,-0.048390058250558844,0.0017114505304008129,7.28611053470912,4.986217365727038,0.017493295707411524,0.06333154955146314,1.7197840372950974,8.056737309303461,-0.027409234808393433,-0.03599664416560106,7.280592973089059,1.4518020993053753,0.005435437981985133,-0.020841571453108648,1.727219327096716,3.785710339740114,0.11043572389297143,0.07332877392572415,2.579227065023397,5.299746839730477,0.0206661650652269,0.10788580578371787,2.6535493200529485,4.216063039348236,0.03498065506613966,0.07644906583098418,4.33318604060151,1.759260736496467,0.21479684014837613,-0.010436685646986688,9.129711974518564,1.1206241410649387,-0.04266097943511067,-0.1150149757552544,4.050850708529302,2.7541479374366937,0.009199698312398728,0.08647329028926763,6.75014067866113,5.924680329648942,0.07151306288371584,-0.024006187689396344,6.715374331920304,2.7452164231527942,-0.06795276476580045,-0.06950425721788922,3.978328817414479,8.552623517281285,0.2115870563008432,-0.013104090644675836,4.0462126399537155,7.204823318994282,-0.010354458676702271,-0.13062395964220305,6.703793705872171,8.676674586080901,0.00831360169440811,-0.005537774248514083,5.576685198498208,3.001629588176523,0.018123874062777774,0.03085152880379992,3.8149965007896354,4.836475505082542,-0.0013159397965628603,-0.08430445212976546,4.688210183391491,8.108835546414277,0.08465948969281971,-0.07987653486937495,7.762511410595294,3.009080458204952,0.10481653664347616,-0.003715882639505013
445,1.8403013814470528,1.3284591286538172,0.09946524118231331,0.016778701121046923,6.070966917938383,6.590572116867796,-0.04812214170528697,-0.0023141901807875033,7.286985199494491,4.989383943204611,0.02102566961259341,0.05930235267815591,1.7184135755546777,8.054937477095182,-0.01503998057694049,-0.031240376424278543,7.280864744988158,1.4507600207327198,0.004288681869409602,-0.023047234813763955,1.7327411132913646,3.7893767784364005,0.10967533365599767,0.07281075941090537,2.580260373276658,5.3051411300196625,0.015852755841074335,0.10586464413061643,2.6552983528062555,4.2198854926397855,0.03289744851685282,0.07387432156918294,4.343925882608929,1.7587389022141175,0.21051166069726815,-0.013139003965174877,9.127578925546809,1.1148733922771759,-0.047626204669738395,-0.11755423476431764,4.051310693444922,2.758471601951157,0.012810110716339883,0.08504751254104051,6.7537163318053155,5.923480020264472,0.05729284005294344,-0.03151173941502233,6.711976693682014,2.7417412102918997,-0.06201394795018575,-0.06320495896125355,3.988908170229521,8.551968312749052,0.21800387182017608,-0.014212712729978904,4.045694917019881,7.198292121012171,-0.0100920078773563,-0.13491172071948787,6.704209385956891,8.676397697368476,0.018005142591300656,-0.002036889104638007,5.577591392201347,3.003172164616713,0.01581670604097964,0.03180168840194183,3.8149307037998073,4.832260282476054,0.000748004766706755,-0.08338538380445452,4.692443157876132,8.104841719670807,0.08631781943298637,-0.07936700479634316,7.767752237427468,3.008894664072977,0.11322022680279699,-0.007201686318136795
446,1.8452746435061684,1.3292980637098695,0.10365436439560448,0.01863637095881977,6.068560810853119,6.590456407358757,-0.047849085749519335,-0.006508579091915547,7.28803648297512,4.992349060838519,0.024670232125229594,0.0548608816528082,1.7176615765258307,8.053375458273967,-0.0026681842073878765,-0.02654130380996637,7.281079179081628,1.4496076589920317,0.003313441102407497,-0.025100033122196056,1.7382248799741644,3.793017316406946,0.10859341063313142,0.07193043950636936,2.5810530110687115,5.310434362226193,0.0113469229752401,0.10351810519203448,2.656943225232098,4.223579208718244,0.0308664504209828,0.07141268904177196,4.354451465643792,1.7580819520158588,0.20553775330107082,-0.01623840656421157,9.125197615313322,1.10899568053896,-0.052932951107884034,-0.120015085725824,4.051951198980739,2.762723977578209,0.016433405546662148,0.0833372662239519,6.756580973807963,5.921904433293721,0.0429052518499901,-0.0387626980961289,6.708875996284505,2.738580962343837,-0.05609365812081239,-0.05611454315567532,3.99980836382053,8.551257677112552,0.22344297856768414,-0.01629411083709036,4.045190316626012,7.191546534976197,-0.010158086704141388,-0.1386277436132743,6.705109643086456,8.676295852913244,0.027582656822505644,0.0014956163032914136,5.578382227503396,3.0047622490368098,0.013584301615239398,0.03261474539617138,3.8149681040381425,4.828091013285831,0.002638982611302664,-0.08249328956113668,4.696759048847781,8.100873369430989,0.08785352081216632,-0.07879989216611,7.773413248767607,3.00853457975707,0.12169456783768622,-0.01099035833320771
447,1.8504573617259488,1.3302298822578105,0.10766215724097286,0.019919213136717462,6.066168356565643,6.5901309784041615,-0.04755211044980334,-0.010826696069726405,7.289269994581382,4.995092104921159,0.0283269569656322,0.05010888011393548,1.7175281673154614,8.052048393083469,0.00970551802068143,-0.02192585800239019,7.281244851136748,1.448352657335922,0.002516140689156574,-0.02698614033599124,1.743654550505821,3.7966138383822643,0.107195712633058,0.07072901596938325,2.5816203572174734,5.315610267485795,0.0071447489524463295,0.10084710538938546,2.658486547753147,4.227149843170333,0.028930842108495197,0.06904505750952013,4.364728353308846,1.7572700316876482,0.20004227918605674,-0.019377969841575346,9.122550967757928,1.1029949262526688,-0.05856318387415467,-0.12239284632239736,4.052772869258073,2.7668908408894066,0.020064147232291038,0.0813572183647004,6.758726236400462,5.919966298388915,0.02874767648110887,-0.04423326119491716,6.706071313378464,2.735775235186053,-0.050199152143181776,-0.048258876726870924,4.010980512748914,8.550442971570698,0.22776185624977394,-0.019338933090377198,4.044682412290805,7.184615147795534,-0.010367424549586068,-0.14174585722789307,6.706488775927582,8.676370633728409,0.03707126476556366,0.004991320313420389,5.579061442584158,3.0063929863066186,0.011451809475303904,0.03323161523880499,3.8151000531687074,4.823966348807774,0.004208044710163405,-0.08143363623054238,4.70115172488839,8.096933374822683,0.09212720289982616,-0.07898594681913243,7.779497977159491,3.0079850618404094,0.13023139987227408,-0.01509630661747609
448,1.8558404695879973,1.3312258429146464,0.11148048182176147,0.020643185075431846,6.063790751043153,6.589589643600675,-0.04731107112897681,-0.015195412175545153,7.290686342429663,4.997597548926856,0.03200415525645709,0.04513704844949246,1.7180134432164955,8.05095210018335,0.02209413482098966,-0.017388008501614854,7.281370658171205,1.4470033503191224,0.0018102853493910252,-0.028732400151982165,1.749014336137474,3.8001502891807335,0.10547787808589594,0.069319447052377,2.5819775946650956,5.320652622755264,0.0032497534269670127,0.0978493499438455,2.659933089858572,4.23060209604581,0.03171652217901465,0.062153440330603195,4.374730467268148,1.7563011331955694,0.19387517695348133,-0.016678285676157197,9.11962280856422,1.096875283936549,-0.06451092611279545,-0.12468250454847014,4.0537760766196875,2.7709587018076416,0.023718392519470985,0.07911059506468447,6.7601636202245174,5.917754635329169,0.014735925365786757,-0.049770096463057,6.703561355771305,2.7333622913497098,-0.04416047147053621,-0.03996752269650021,4.022368605561403,8.54947602491618,0.2311928378113155,-0.023334662700701104,4.0441640410633255,7.177527854934139,-0.010718526827222595,-0.14426641006425162,6.70834233916586,8.67662019974408,0.046454178772273716,0.008411973135080431,5.579634033057923,3.008054567068559,0.009402592474700228,0.03360459328254747,3.8153104554042154,4.819894666996247,0.005341210591201117,-0.08019392024831386,4.705758085033381,8.092984077481727,0.09634574026025593,-0.07921148285543755,7.786009547153105,3.0072302465095357,0.13878622207877128,-0.019500987420894247
449,1.8614144936790853,1.332258002168418,0.11506390449749027,0.020839065798617683,6.061425197486704,6.588829872991898,-0.04727256094051646,-0.019522679211387096,7.292286550192486,4.999854401349331,0.035680296309895276,0.039975428145504005,1.719118149957545,8.050082699758269,0.034492401613287024,-0.012967554819073007,7.281461172438675,1.4455667303115234,0.0011525942878942907,-0.03033927003581748,1.7542882300417688,3.803616261533352,0.10349143222682135,0.06759475145180775,2.5821400823364438,5.325545090252456,-0.0003837058579346064,0.09457730044230722,2.6615189159675223,4.23370976806234,0.03464593587017771,0.05547204649863489,4.384424226115822,1.7554672189117615,0.18700918530146945,-0.014299861605381688,9.11639726225858,1.0906411587091254,-0.07078184287276325,-0.12688779314492143,4.054961996245661,2.7749142315608757,0.02739463266563111,0.07665359828852089,6.760900416492807,5.915266130506017,0.0008941920293380878,-0.05540034785577913,6.701353332197779,2.7313639152148848,-0.037812286229313825,-0.03153407417321721,4.033928247451969,8.548309291781145,0.2340158713676576,-0.028170005689072953,4.043628114721964,7.1703145344309265,-0.011163024367815742,-0.14621394731506843,6.710665048104474,8.677040798400835,0.05565917291432923,0.01175829896470556,5.580104162681658,3.009734796732686,0.007443772623420969,0.033748296111338456,3.8155775159337755,4.815884970983832,0.006169936808351805,-0.07867471808673353,4.710575372046393,8.089023503338955,0.10046864718354999,-0.07911826367647597,7.792948858257043,3.006255197138491,0.1473740697288224,-0.02423859220287953
450,1.86716768890396,1.333299955458349,0.11840612095938716,0.020525669535681388,6.059061569439678,6.5878537390313285,-0.047412802101505266,-0.023794934140333592,7.2940705650079805,5.001853172756606,0.039080034979290725,0.03456117951509953,1.7208427700382094,8.049434322017316,0.04690799547582059,-0.008673675325002,7.2815188021530695,1.4440497668097325,0.0005699916677694738,-0.031847648552700135,1.75946280165311,3.8069959991059426,0.10126590319685595,0.06557087033678843,2.582120897043547,5.3302739552745715,-0.0037836684172769908,0.09102281284138464,2.6632512127610313,4.236483370387272,0.0376929405847859,0.04903443417368181,4.393774685380896,1.7547522258314925,0.179465721296476,-0.012316789182936867,9.112858170114942,1.0842967690518792,-0.07735946427311954,-0.129006163268129,4.056331727878942,2.778746911475302,0.031128865150925455,0.07403695624552639,6.760945126094274,5.912496113113227,-0.012783844600815568,-0.06114713750490804,6.699462717886313,2.729787211506224,-0.031140010417880032,-0.023004459516053587,4.0456290410203515,8.546900791496691,0.23658015222033305,-0.03371657365064655,4.043069963503574,7.163003837065173,-0.011657767878896485,-0.14761235526234048,6.71344800675019,8.67762871334907,0.06461567827254838,0.015046212242450807,5.580476351312829,3.0114222115382527,0.005626694107533708,0.033594786339421444,3.815886012774193,4.811951235079495,0.006683671849374105,-0.076847407502248,4.7155988044055706,8.085067590155132,0.10454180956043063,-0.07875782943022647,7.800317561743484,3.005043267528347,0.15598558936354606,-0.029311324845172505
451,1.8730879949519292,1.334326238935133,0.12150036459015402,0.01973407338006773,6.056690929334603,6.586663992324312,-0.047539414660466184,-0.02809586188364929,7.2960245667569446,5.003581231732361,0.042166259177632094,0.02891695381340981,1.7231881698120004,8.049000638251066,0.05930468423514753,-0.004588762264932916,7.281547301736458,1.4424573843820976,5.155642797760368e-05,-0.03329140073348508,1.7645260968129528,3.810274542622782,0.0988290608000006,0.06324971105595185,2.581931713622683,5.33482509591664,-0.006983459207954061,0.08712143887385629,2.665135859790271,4.238935092095955,0.04084429887629267,0.042783284549095704,4.402747971445719,1.7541363863723456,0.1712740955225693,-0.010765951856142004,9.108990196901285,1.0778464608884728,-0.08405896376099643,-0.13098685113225378,4.057888171136488,2.782448759287578,0.034949767260071575,0.07130702961467178,6.760305933864234,5.909438756237982,-0.026321421395439897,-0.06701367288539072,6.697905717365419,2.7286369885304214,-0.02417471444744012,-0.01456154503012219,4.057458048631368,8.545214962814159,0.23919849448581976,-0.03972856597106491,4.042487075109629,7.155623219302057,-0.012176239999062309,-0.14849738169863957,6.716678790663818,8.678381023961194,0.07327759512454576,0.018276331366505714,5.580757686018205,3.0131019508552237,0.003924181679369226,0.033246159261074534,3.816220196366662,4.808108864704383,0.006913043560985853,-0.07473109783710451,4.720825894883592,8.081129698683622,0.10849827088571845,-0.07808510631014802,7.808116841211661,3.0035777012860887,0.1642144032203862,-0.03467884306154404
452,1.879163013181437,1.3353129426041364,0.1243221956227878,0.018631562260970257,6.054313958601579,6.58525919923013,-0.04768084940446662,-0.032388801114448966,7.298132879715826,5.005027079423032,0.04492590617448783,0.023093391146636014,1.7261534040237578,8.04877120013782,0.07168904675393492,-0.0007361896003144231,7.281549879557857,1.4407928143454234,-0.0004222155613679469,-0.03465606798146591,1.7694675498529528,3.8134370281755796,0.09619522207193035,0.06069522045244529,2.5815825406622857,5.339181167860334,-0.010014670181812894,0.08289585065647863,2.6671780747340854,4.24107425632341,0.04412264337337729,0.0367188338082815,4.411311676221848,1.7535980887795386,0.1624845472447144,-0.009624094779705723,9.104787248713235,1.07129711833186,-0.09029695528771935,-0.1320931694980363,4.059635659499492,2.7860141107683116,0.0388582755310505,0.0684681436442581,6.758989862794461,5.906088072593713,-0.039734318684239184,-0.07297012261757513,6.696696981643047,2.727908911278915,-0.01694771832364938,-0.006296764240508465,4.069417973355659,8.543228534515606,0.24181760565122407,-0.04621388510863815,4.041878263109676,7.1481983502171245,-0.012545545535213242,-0.14878818333085764,6.720342670420045,8.679294840529518,0.08159915455371447,0.021451682762708757,5.580953895102174,3.0147642588182775,0.0022864416186821612,0.03287807871678906,3.816565848544711,4.8043723098125275,0.006888989734057715,-0.07234748220176906,4.726250808427878,8.077225443368114,0.11238493181921302,-0.07713122440193988,7.81632756137268,3.0018437591330116,0.17188049186107604,-0.04031173046968137
453,1.8853791229625763,1.336244520717185,0.1268541759734014,0.017236141251459502,6.051929916131356,6.583639759174408,-0.04783846680952357,-0.03662547952104515,7.300379175024551,5.006181748980364,0.04733762186080909,0.017145442526912694,1.7297378563614545,8.048734390657804,0.07470203807800203,-0.0009159708644742515,7.281528768779788,1.43906001094635,-0.000858459348775822,-0.035953143562271445,1.7742773109565493,3.816471789198202,0.09338689968697685,0.0579241608424957,2.581081807153195,5.343325960393157,-0.012898744109811438,0.07836196560963891,2.6693842069027545,4.242910198013824,0.04759838355279681,0.030840239663102703,4.419435903584083,1.7531168840405533,0.15311689500729908,-0.008878645797362646,9.10027240094885,1.0646924598569583,-0.09618476431098041,-0.13175545803249128,4.061578573276044,2.7894375179505246,0.04285305109452897,0.06553775988750132,6.757003146860249,5.902439566462834,-0.052998865972657,-0.07903894871184489,6.695849595726864,2.7275940730668897,-0.009457082660378428,0.001596307828182788,4.08150885363822,8.540917840260175,0.24434480943461698,-0.053067484955001215,4.0412509858329155,7.140758941050581,-0.01278884014678646,-0.14850491921819883,6.724422628147731,8.680367424667654,0.0895371864059598,0.024574294665362928,5.581068217183108,3.016408162754117,0.000725981215120569,0.03248834231494056,3.8169102980314142,4.800754935702439,0.0066415257775824564,-0.06971893468977422,4.731870055018838,8.073368882148017,0.117752692551983,-0.07494306282763578,7.8249215859657335,2.9998281726095275,0.17843207944271056,-0.046024706403829205
454,1.8917218317612463,1.337106327779758,0.12891980213271173,0.015553886765673541,6.04953799279088,6.581808485198355,-0.04797568303479002,-0.040705761300215186,7.302746056117591,5.007039021106709,0.04940686341435409,0.011117170687890057,1.7334729582653545,8.04868859211458,0.07754054276495367,-0.0011427355015198137,7.281485845812349,1.4372623537682365,-0.001264333452083546,-0.03718439773385152,1.7789466559408982,3.8193679972403265,0.09043160416893618,0.05497244253446414,2.5804368699477047,5.347244058673639,-0.015671278375925673,0.07376881342932486,2.671764126080394,4.24445220999698,0.05121216212905166,0.025052883092739658,4.427091748334448,1.7526729517506852,0.14317526643197406,-0.008539484448833486,9.095463162733301,1.0581046869553337,-0.10161912429359016,-0.13045206640824922,4.063721225830771,2.7927144059448996,0.04691944014858895,0.06251750610999736,6.7543532035616165,5.898487619027242,-0.06607513410915831,-0.08481017812797687,6.695376741593845,2.7276738884582987,-0.0017389487339868259,0.008983180000538441,4.093726094109951,8.538264466012425,0.2467816436358337,-0.06024404735367332,4.040611543825576,7.1333336950896715,-0.012930020080930481,-0.14776736971393364,6.728899487468029,8.681596139400922,0.09704752214938707,0.02765068912645826,5.581104516243864,3.018032579869864,-0.0007886387462603896,0.03207444668373155,3.8172423743202932,4.79726898896795,0.006202435868386556,-0.0668689171794197,4.737757689646437,8.069621729006636,0.1232159395531541,-0.07292704989825584,7.833843189937869,2.997526937289336,0.18358841393229453,-0.05163370278022443
455,1.898167821867882,1.3378840221180417,0.1304901390259126,0.013606989892259025,6.04713920863914,6.579773197133344,-0.04813302476836489,-0.044635634483584825,7.305216399288309,5.007594879641103,0.05113686364204383,0.005129674386358265,1.7373499854036023,8.048631455339503,0.08019746748953253,-0.0014086842320407177,7.281422629139745,1.4354031338815438,-0.001649525861241299,-0.03833485929955468,1.783468236149345,3.8221166193670495,0.08732592613212721,0.051912558187442566,2.5796533060289084,5.350932499345105,-0.01832493564838375,0.06918717723891042,2.674324734186847,4.245704854151617,0.054939866043097946,0.019334311400034502,4.434250511656046,1.7522459775282435,0.13277991686980595,-0.008454314877148813,9.09038220651862,1.0515820836349212,-0.10660446535077152,-0.1281944169940079,4.0660671978382,2.7958402812503995,0.05107587840985948,0.05938110672168406,6.751049446856158,5.894247110120843,-0.0788992880093048,-0.09000678077051302,6.695289794157146,2.728123047458326,0.0060560491071329405,0.016160927041525455,4.106065176291743,8.535252263644741,0.24923711620947164,-0.06773267806570564,4.039965042821529,7.125945326603975,-0.012965806337124595,-0.14658235254168647,6.733751863575498,8.682978673857244,0.10411158152610368,0.030672806107905,5.581065084306552,3.0196363022040504,-0.0022520776892888394,0.03163343689961421,3.8175524961137124,4.793925543108979,0.005602285268310835,-0.06382333086909264,4.743918486624095,8.065975376511723,0.12872438438392936,-0.07107980454032518,7.843022610634484,2.994945252150325,0.18722055669960466,-0.057004994715668306
456,1.9046923288191775,1.3385643716126547,0.13157361325965913,0.011416538009479426,6.044732557400722,6.577541415409165,-0.04876695406569288,-0.04867520032990879,7.307773242470411,5.007851363360421,0.05251008350462413,-0.0007573076224565477,1.741359858778079,8.0485610211279,0.08266706263869196,-0.0017063675930271292,7.281340152846683,1.433486390916566,-0.0019558944804448667,-0.03932229620133266,1.7878345324559515,3.8247122472764215,0.08409253769330637,0.0487684493108566,2.5787370592464893,5.354391858207051,-0.02088119893127884,0.06462711122438215,2.6770717274890017,4.246671569721618,0.058755947254068824,0.013684383023955896,4.440889507499536,1.751823261784386,0.12201023076693882,-0.00857776304647336,9.085051983251082,1.0451723627852207,-0.11117997157599983,-0.12503191784933457,4.068620991758693,2.798809336586484,0.05532130864095384,0.056041902902051535,6.747104482455693,5.889746771082318,-0.091522171925206,-0.09465321615049502,6.695592596612503,2.728931093810402,0.013850563405571966,0.023312575443739506,4.118527032102216,8.531865629741457,0.2512448491223697,-0.07530113876860176,4.039316752504673,7.11861620897689,-0.0131663137544458,-0.14497577732831377,6.738957442651803,8.684512314162639,0.11058372505694933,0.03347516374429712,5.580952480422087,3.0212179740490313,-0.0036242842729079573,0.031154339747485396,3.817832610377128,4.790734376565524,0.004854282366637518,-0.06064451942326039,4.750354705843291,8.062421386284706,0.13428458169258892,-0.0694111808917413,7.852383638469464,2.9920950024145414,0.1892371364319035,-0.062084192971803294
457,1.9112710094821606,1.3391351985131288,0.13217487697647604,0.009001274915471457,6.042294209697437,6.575107655392669,-0.04969587792588518,-0.05269691309500641,7.310398746645642,5.007813497979298,0.0531428080430696,-0.006934100825214383,1.7454932119100135,8.048475702748249,0.0849417036607781,-0.0020309307861620927,7.281242358122661,1.4315202761064993,-0.002196212957598645,-0.04013165379603133,1.7920391593406169,3.827150669741964,0.08077076599709646,0.0455540546371515,2.5776929992999253,5.35762321376827,-0.02299141383522953,0.06013729971453451,2.6800095248517053,4.247355788872817,0.06262460944748638,0.00806060953853376,4.446990019037883,1.7513943736320625,0.11101033513467182,-0.008889198316596543,9.079492984672282,1.038920766892754,-0.11556200112428723,-0.12107138552680859,4.071387057190741,2.8016114317315863,0.05928663913738424,0.05261832423739108,6.742528373859433,5.885014110274793,-0.10393464995493393,-0.09875218175062796,6.696285124782782,2.730096722582589,0.021598185239850073,0.03047404594635448,4.1310892745583345,8.528100572803027,0.2527742949940805,-0.08287380830447708,4.0386584368169505,7.111367420110475,-0.013532943787104377,-0.14298344495177406,6.74448662890465,8.686186072349853,0.11644141510814733,0.03600252343108901,5.580771266208441,3.0227756910364056,-0.00482008271467565,0.030610850207489607,3.8180753244954597,4.787702150594361,0.003937233241800596,-0.05743714841188401,4.75706893492792,8.05895082724012,0.1397067651913291,-0.06802596401115157,7.861845495291059,2.9889907927659514,0.18975963000294652,-0.06690570544741307
458,1.9178797533309844,1.3395852622589024,0.13218929794775042,0.0063411399219779,6.039809415801143,6.572472809737919,-0.0509254744364147,-0.056659506993183555,7.3130558870477955,5.007466792938038,0.0528203688940475,-0.013522459257268903,1.7497402970930525,8.04837415620894,0.08701520657389551,-0.0023792464302400495,7.2811325474747814,1.4295136934166979,-0.002381444449521977,-0.04075123760577962,1.7960776976404718,3.8294283724738216,0.07738520839028017,0.04227588001330449,2.5765434286081637,5.360630078753997,-0.024377789933027878,0.05580924738749766,2.6831407553240796,4.247758819349743,0.06651311179197547,0.0024560890984321373,4.452540535794617,1.7509499137162328,0.09986330543677677,-0.009365060426630175,9.073714884616066,1.0328671976164137,-0.11973985794212876,-0.11629872129276642,4.07435138914761,2.8042423479434557,0.06300280545484715,0.0491743689798561,6.737331641361687,5.880076501187261,-0.11607414467205505,-0.10222510784575602,6.697365034044775,2.7316204248799067,0.029308876036225347,0.03757582686757526,4.143727989308038,8.523956882387802,0.253619020588005,-0.09032980472843681,4.037981789627596,7.104218247862886,-0.01407493739021469,-0.14064670166403193,6.750308699660057,8.687986198521408,0.1216075676003129,0.03823043683310994,5.580530262072708,3.0243062335467803,-0.005789819365261778,0.02995643344333458,3.8182721861575497,4.784830293173767,0.002878319101933767,-0.054214260821356476,4.764054273187487,8.055549529039562,0.14495685629702865,-0.0670006966001282,7.8713334767912055,2.985645507493581,0.18905094530519928,-0.07143062670073663
459,1.924489218228372,1.3399023192550013,0.13161924620317014,0.0034626138825563416,6.037263142079322,6.569639834388259,-0.05204518978430079,-0.060462337346562804,7.315696905492498,5.0067906699751745,0.05154231827766395,-0.02004862918319702,1.7540910574217472,8.048255193887428,0.08888270428626925,-0.002750833590283468,7.281013475252306,1.4274761315364088,-0.0025251944614429057,-0.04116995525275096,1.7999469580599858,3.831542166474487,0.07395545840971128,0.038949769844012994,2.575324539111512,5.3634205411233715,-0.025342204633893622,0.05155068662568831,2.6864664109136784,4.247881623804664,0.07040337768889186,-0.00313774236621611,4.457533701066455,1.7504816606949012,0.08865021293084491,-0.01002024162035445,9.06772789171896,1.0270522615517754,-0.12368784609463272,-0.11067556061759838,4.077501529420353,2.8067010663924483,0.06646334384214574,0.045707605259939756,6.731527934128084,5.874965245794973,-0.12780514491667253,-0.1049355091125693,6.6988304778465855,2.7334992162232856,0.0369479295001612,0.044477754159922216,4.156408940337439,8.519440392151381,0.25374190264126106,-0.0976463434199575,4.037278042758085,7.097185912779684,-0.01479447385860134,-0.1380361949878945,6.7563890780400735,8.689897720363064,0.1260344138810069,0.04011129474034556,5.580240771104445,3.025804055218947,-0.006487338622926459,0.029211405698192,3.8184161021126464,4.7821195801327,0.0017083674693148627,-0.05096475379647225,4.771302116002338,8.052199494209555,0.15000353537656128,-0.06632217320305504,7.880786024056466,2.982073976158544,0.18751572448846782,-0.07564594280264532
460,1.9310701805385304,1.340075449949129,0.1303343559537986,0.00027418299211540067,6.0346608825901065,6.566616717520931,-0.053078076810968385,-0.06406523807514614,7.318274021406381,5.005788238516015,0.04925947118610836,-0.02652311890187263,1.7585351926360606,8.048117652207914,0.09053877016752154,-0.003144537030487731,7.2808872155292335,1.4254176337737714,-0.002655980463125187,-0.04136990897551849,1.8036447309804713,3.8334896549666877,0.0704961907189335,0.0355879922552879,2.5740574288798173,5.365998075454656,-0.02602480633908714,0.04737504896327758,2.689986579798123,4.2477247366863535,0.07427171876228568,-0.008726565923116134,4.461966211712998,1.7499806486138834,0.07747398142735827,-0.010740292039103901,9.061543499414228,1.0215184835208955,-0.1273968348952776,-0.10404829227343448,4.08082469661246,2.8089864466554455,0.06966156665813618,0.04219086006514701,6.725137676882251,5.869718470339345,-0.13912501467337113,-0.10690901573458572,6.700677874321594,2.735723103931282,0.04447301590305427,0.051030805780644034,4.169096035469502,8.514558074980384,0.253167322433794,-0.10482540250818763,4.036538319065155,7.09028410303029,-0.015730912374383697,-0.13520689679712194,6.762690798734124,8.69190328510008,0.12971047707587785,0.041647190672811356,5.579916404173299,3.027264625503857,-0.006867952650307403,0.02836738800255644,3.818501520486112,4.7795713424428765,0.0004099752777855887,-0.04767189929367512,4.778802292771166,8.048883385549402,0.15481963798559964,-0.06597226960742124,7.8901618102808895,2.9782916790184117,0.18550882417795145,-0.07966069821558153
461,1.9375868983362203,1.3400891590987347,0.1283450326804975,-0.0031976355742069263,6.032006978749558,6.563413455617174,-0.05404532273246096,-0.06745159363914435,7.320736994965687,5.004462082570921,0.04589186500818229,-0.03294571085634231,1.7630621311444368,8.04796042535639,0.09197799993901641,-0.00355910395900853,7.280754416506078,1.4233491383249954,-0.002773521567680317,-0.041362928775394985,1.8071695405164179,3.835269054579452,0.06701752171628132,0.032246065993505255,2.5727561885628627,5.36836682790282,-0.02640121972912754,0.043316974384634735,2.6937001657362374,4.247288408390197,0.07811556158161875,-0.014315354834816383,4.465839910784365,1.7494436340119282,0.06633841668288576,-0.011459730020128286,9.055173657669464,1.0163160689072237,-0.13065429951276836,-0.09730152555719265,4.0843077749453665,2.811095989658703,0.07259433124792271,0.03852266393832835,6.718181426148583,5.864373019552616,-0.15006460530628662,-0.10833494612658282,6.702901525116746,2.738274644220314,0.05185161346059898,0.05720949739133797,4.181754401591191,8.509316804854974,0.25189658530732434,-0.11186767936747108,4.035751773446436,7.083523758190434,-0.016896915944344292,-0.13218577111542362,6.769176322587918,8.69398564463372,0.13262055576533383,0.042849558384623614,5.579573006540784,3.028682994903985,-0.006982162972806678,0.027412227015924332,3.8185220192500013,4.777187747478193,-0.0009706355607468592,-0.04433149518550843,4.786543274670446,8.04558477206903,0.15937948309041322,-0.0659314116187787,7.899437251489787,2.9743086441076327,0.18309441547927344,-0.08351391014001523
462,1.9440041499702452,1.3399292773200244,0.12568629262195619,-0.006833780420884707,6.029304712612935,6.560040875935217,-0.0549585489643936,-0.07049830088932221,7.323031588216096,5.002814797028104,0.04135784585089183,-0.03937340645852089,1.7676610311413876,8.04778247015844,0.09319580627828032,-0.00399386717635341,7.280615740427693,1.4212809918862257,-0.0028853938979882775,-0.04113698942984892,1.810520416602232,3.836881357879127,0.06352926083616868,0.028946189318495526,2.571436127576406,5.370532676622052,-0.026408709425272597,0.039364095298497916,2.697605943815318,4.2465726406484565,0.08200384115374801,-0.01992751994313948,4.469156831618509,1.7488706475109217,0.055275349067853564,-0.01213235451314608,9.048640942693826,1.011450992629364,-0.1333986642512327,-0.09069773399248966,4.087937491507763,2.813022122855619,0.07525653657149964,0.03471348904304179,6.710678195883268,5.858956272246287,-0.16063496453632814,-0.10931995525667329,6.705494105789776,2.741135119089881,0.05903060027819732,0.06318398907696686,4.194349230856558,8.503723420886601,0.24995176733216087,-0.11877254293363128,4.034906927649219,7.076914469634662,-0.01831071166885544,-0.1289747873175158,6.775807350376184,8.69612812255295,0.13469282560736245,0.043759450574871385,5.579223898392144,3.030053606254781,-0.0068768091554629665,0.0263450331389724,3.818473487471964,4.774971172718917,-0.0023569803661066995,-0.0409378328371188,4.794512248824967,8.042288201488091,0.1636586163953668,-0.06617795233190268,7.908591972263751,2.970132948600632,0.18039109896954977,-0.08742576930961762
463,1.950288464601343,1.3395875882989803,0.12239567478345426,-0.01059666336880646,6.026556785164715,6.55651596089075,-0.05578894113136576,-0.07269289268721049,7.325099480508641,5.000846126705178,0.0356260750821302,-0.045804590422534944,1.7723208214553017,8.047582776799622,0.09420132806747347,-0.004485662725522593,7.280471470732794,1.4192241424147332,-0.002996159817077595,-0.04068434081438435,1.8136968796440405,3.838328667345052,0.060026317841931735,0.025705443431335226,2.5701156921051425,5.372500881386976,-0.026093361738862647,0.03546360198959613,2.7017061358730055,4.2455762646513,0.08593909440136668,-0.025566501926205087,4.471920599071901,1.7482640297852643,0.04432791297356951,-0.012727865496985711,9.041971009481264,1.0069161059297396,-0.13564054879572446,-0.08424100049749264,4.091700318336337,2.814757797307771,0.07761350986194306,0.03073100358478698,6.702646447656452,5.853490274483454,-0.17088065428604585,-0.10986741260336597,6.7084456358036855,2.744294318543729,0.06610530057412246,0.0686538991323658,4.206846819223165,8.49778479373992,0.24736024790188113,-0.12553464368979964,4.033991392065777,7.070465730268786,-0.019987474145418894,-0.12559649924218794,6.782541991656553,8.698316095081694,0.13595819757074423,0.04443609344540187,5.57888005793437,3.0313708579117296,-0.00655941702973722,0.025164706666004538,3.8183556384536588,4.772924281077061,-0.003737868366237353,-0.03750554369868248,4.8026951796447355,8.038979303871496,0.16760948494232955,-0.06657886011101515,7.9176115272122285,2.965761660135151,0.17756334621545755,-0.09155307095787679
464,1.9564082483405156,1.33905775513054,0.11851319325314554,-0.014448159424528697,6.023767338108146,6.552881316256389,-0.056563915879858,-0.07400871914420432,7.326880784262747,4.998555897184051,0.028662997894592052,-0.05224395065369606,1.7770308878586754,8.047358493663346,0.09499405121653468,-0.0050653225991422685,7.28032166274194,1.417189925374014,-0.00311736958751865,-0.040018696490931045,1.816698195536137,3.8396139395166187,0.05651548617295877,0.022534460310536162,2.568811024018199,5.374274061486457,-0.025514647204222335,0.031432774929254295,2.706003090593074,4.24429793955499,0.08991379251278159,-0.031244164343497683,4.474136994720579,1.747627636510415,0.03354218279044496,-0.01321673930097381,9.035188982041477,1.002704055904865,-0.13738901342477852,-0.07794075154677281,4.095580993829435,2.8162943474870104,0.07971692871880226,0.02668918952576789,6.69410241494215,5.847996903853286,-0.1807916147815178,-0.11000041800495122,6.711750900832391,2.7477270135003473,0.07314023265105346,0.07339746586894474,4.21921483161826,8.491508061555429,0.24410965309222976,-0.13214000360171826,4.032992018358506,7.064185905306677,-0.021916652606851352,-0.1220938147830977,6.78933990153509,8.700537899753964,0.1370761262694032,0.04501206556102284,5.578552087082883,3.03262909324503,-0.00601521209430574,0.02382032585887301,3.8181687450353468,4.771049003892127,-0.005088486147518824,-0.03406210253120869,4.8110756538918515,8.035650360865946,0.17110677555359663,-0.0671647643162331,7.926489694523001,2.9611840065872572,0.1745457623535105,-0.0958682702883259
465,1.962333908003173,1.3383353471593136,0.11408055042074712,-0.018349451808199503,6.020939142314154,6.549180880299179,-0.05729913284016894,-0.07449612816404706,7.328313934157477,4.995943699651367,0.020468315892524486,-0.05868860973777771,1.781780590419502,8.047105227533388,0.09556767365186603,-0.00572782659600623,7.280165794262564,1.4151889905494672,-0.002964428166844326,-0.03907662524308516,1.819523969844785,3.8407406625321454,0.053008208430930535,0.01943939134170367,2.567535291657988,5.37584570023292,-0.024842047158422125,0.027405466033070328,2.710498780218713,4.242735731337815,0.09391967279411075,-0.03700811193468325,4.475814103860102,1.7469667995453664,0.022954612719224565,-0.01358669739156971,9.028319531370238,0.9988070183275264,-0.13863935309674794,-0.07184391201451669,4.099566840265375,2.817628806963299,0.08154852655362778,0.022582090871855344,6.685062834203074,5.842496882953038,-0.19036023152937395,-0.10972466761655991,6.7154079124649435,2.7513968867937946,0.08013705053788284,0.07742555260574303,4.231420314272871,8.484901061375343,0.2402244312383775,-0.13859822646777661,4.031896185728163,7.058081214567522,-0.024065098675019037,-0.1185188071656241,6.79619370784856,8.702788503032016,0.1380266299912364,0.04550557912094542,5.578251326478168,3.0338201095379738,-0.005291185160993324,0.02232284903151977,3.817914320727971,4.769345898765566,-0.006363398579354952,-0.030615307112350165,4.8196309926695315,8.032292122650134,0.17391848832525075,-0.06805616323411673,7.935216982640677,2.956390593072841,0.171169051566095,-0.09990298953197156
466,1.9680379355242104,1.3374178745689036,0.11109238443122896,-0.02053916049556456,6.018074185672146,6.545456073890977,-0.058152182967794404,-0.0742631517451272,7.3293373499521035,4.993009269164478,0.011111817174262767,-0.0651749890929699,1.7865589741020953,8.046818836203588,0.09591700865178496,-0.006461096952437833,7.280017572854222,1.413235159287313,-0.002392676199771839,-0.037843775715934766,1.8221743802663315,3.8417126320992305,0.04950635918192522,0.016422344852882163,2.5662931893000667,5.3772159735345735,-0.02407967879229988,0.023412009222357512,2.7151947638584186,4.240885325741081,0.09801105742848631,-0.03542795946033948,4.476961834496063,1.746287464675788,0.012591223167585007,-0.013846248308532037,9.0213875637154,0.9952148227268005,-0.1394636916669851,-0.06566706367746243,4.103644266593056,2.8187579115068915,0.08310332786869698,0.01842250883810195,6.675544822626605,5.8370106495722105,-0.19957611544002993,-0.1090306037984777,6.719414764991837,2.7552681644240815,0.08723358476024726,0.08100016459738694,4.24343153583479,8.477971150051953,0.23569197595795432,-0.14472127639751467,4.030692930794412,7.05215527420924,-0.02640697895181824,-0.1149011662083878,6.803095039348122,8.705063781988063,0.13870516665965624,0.045994586569722974,5.577986767220119,3.0349362519895497,-0.004343100642679916,0.020671033520233514,3.817596150799003,4.767815133409949,-0.007551256937380503,-0.02719834530831784,4.828326917085794,8.028889314488428,0.17608246326602758,-0.06920251207933038,7.943775435218981,2.951395443596242,0.167395181619496,-0.1036275224789158
467,1.9735925547457718,1.3363909165441255,0.10766642828630002,-0.022795912487372973,6.015166576523756,6.54174291630372,-0.059151164637339576,-0.07333877488114095,7.329892940810817,4.98975051970983,0.0005704004696080733,-0.07164352728786469,1.7913548245346846,8.046495781355967,0.09603753110616595,-0.007257709956496433,7.2798979390442335,1.4113429705015161,-0.0014499758435267982,-0.036351550616579784,1.8246496982254277,3.8425337493418747,0.0460833713483061,0.0135660148381169,2.5650892053604517,5.378386573995692,-0.023270515564622535,0.01942513984247947,2.720095316729843,4.239113927768064,0.10186337230301615,-0.03403633359032028,4.477591395654442,1.7455951522603614,0.0024721485845314167,-0.014012097732033678,9.01441437913205,0.9919314695429274,-0.13988850328352506,-0.05935705446616063,4.107799432986491,2.8196790369487967,0.08444724683296376,0.014258147256895629,6.665566016854604,5.831559119382287,-0.20842463059296115,-0.10789493871331102,6.72377644422985,2.759318172653951,0.09406383448701956,0.08486689448272668,4.255216134632688,8.470735086232077,0.2307564770497922,-0.1504077439109567,4.029372581846822,7.04641021589882,-0.028909629346853982,-0.11131024675846238,6.810030297681105,8.707363511316549,0.13909015045255727,0.04647126628784486,5.577769612187985,3.0359698036655614,-0.0031668741310822827,0.018872182290983083,3.817218587952134,4.766455216144533,-0.008676187691684436,-0.023797530402555167,4.837131040249095,8.02542918888446,0.1775575333104259,-0.07061671078711956,7.952145194299956,2.9462140674722965,0.16323905740019762,-0.10703076999924337
468,1.9789758761600869,1.3352511209197568,0.10395505306468995,-0.025086969559952835,6.012209018291888,6.5380759775596635,-0.06014779639376448,-0.0717148383248613,7.3299214608342975,4.986168343345437,-0.011002155728035208,-0.07788081026437282,1.796156701089993,8.046132895858142,0.09600393010526091,-0.008009913355811908,7.279825440252057,1.4095253929706872,-0.0001465709013719137,-0.03465441955651594,1.8269538667928429,3.8432120500837805,0.042738969258591095,0.010854436193304793,2.5639256795822205,5.379357830987816,-0.022556304026188505,0.015525832666008713,2.7251884853449937,4.237412111088548,0.1054809216181111,-0.03285986782195323,4.477715003083668,1.7448945473737598,-0.007356949401689898,-0.014055647370973699,9.007419953967874,0.9889636168196194,-0.13992601062383705,-0.05293823921099553,4.112021795328139,2.8203919443116416,0.08559233550560169,0.009987583982273665,6.655144785324956,5.826164372446621,-0.21921799762119754,-0.10206139226853735,6.728479635954201,2.763561517378087,0.10070120805364706,0.08889512501573048,4.266753958485178,8.463214699036529,0.22549070135434907,-0.1556980528781894,4.027927100379479,7.040844703560897,-0.031553483145362625,-0.10777971500933309,6.816984805203733,8.709687074630942,0.1391567940333516,0.047018827849533644,5.577611268481431,3.0369134127801103,-0.0031370475943076474,0.020056834012251976,3.8167847785675497,4.765265339624405,-0.009760529173012447,-0.02046318659664601,4.8460089169146165,8.021898353345104,0.1779687081292993,-0.07236361507833212,7.960307147169966,2.9408625289723345,0.15870835449633086,-0.11011698767832671
469,1.9841736288133214,1.3339967724417592,0.09996860613273176,-0.027417172355517962,6.0092016284722005,6.53449023564342,-0.06118551959229754,-0.06956766239442087,7.329371353047896,4.982274302832218,-0.02327598143308663,-0.08379826365771294,1.8009568975952561,8.045732400190351,0.09584564810841471,-0.0086508594702477,7.279818111706988,1.4077926719928615,0.0014960921304445689,-0.03283499913688256,1.8290908152557723,3.8437547718934457,0.03947680965773717,0.008291961547630563,2.562797864380911,5.380134122621117,-0.022003349873962057,0.011764011053292993,2.7304625314258995,4.23576911769745,0.10885507611132379,-0.031893595598212414,4.477347155613584,1.7441917650052112,-0.01683899636347426,-0.013967414120547571,9.000423653436682,0.9863167048590696,-0.13958675625946576,-0.046443316275032856,4.116301412103419,2.820891323510755,0.08648403961789303,0.005633134993239966,6.644183885443896,5.821061302833194,-0.22960033399929508,-0.09645385918617136,6.733514696356884,2.7680062736288735,0.107331198094903,0.09288456484591447,4.278028493552895,8.45542979639262,0.2197868955947999,-0.16052587972085508,4.026349426222211,7.03545571781043,-0.03433435088587452,-0.10440675931453844,6.8239426449054,8.712038016023419,0.13893902064055508,0.047593268125783884,5.577454416101715,3.0379162544807228,-0.002774719526885734,0.021150383014213923,3.816296752108899,4.764242180294573,-0.010819018629785251,-0.017192169745578467,4.8549073523210815,8.018280172591188,0.1773191508666402,-0.07441296376794786,7.9682425648947826,2.935356679588418,0.1537614144766041,-0.11277929265341913
470,1.989172059119958,1.3326259138239833,0.09574410793529542,-0.029779268478915315,6.006142352492586,6.531011852523699,-0.062049156994951234,-0.06701936583109357,7.328207553976242,4.978084389649332,-0.035666642672710656,-0.08915955207111835,1.8057491800006769,8.045299857216838,0.09555733336358459,-0.009173874814763143,7.279892916313511,1.4061509220360173,0.0033279354619007535,-0.030929237664001717,1.8310646557386592,3.8441693699708273,0.036301400147005475,0.00588557209511353,2.561697696887213,5.3807223231737815,-0.021662358779253616,0.008176562828867678,2.735905285231466,4.23417443791754,0.11197747623122449,-0.03113086499417477,4.4765052057954104,1.743493394299184,-0.025930550945593246,-0.013722173300907114,8.993444315623709,0.983994539045318,-0.13886191199746187,-0.03991857686057935,4.120625614084314,2.821172980260417,0.08702661138605766,0.0012178866588321595,6.632703868743931,5.816238609873886,-0.23924878967871174,-0.09090224829912073,6.738881256261629,2.772650501871169,0.11394740828734494,0.09676509730433903,4.289017838332636,8.447403502406576,0.21364844084461967,-0.16487809279065163,4.024632708677918,7.0302353798447035,-0.03727406873000313,-0.10146967133909603,6.830889595937427,8.714417679429708,0.13851359882146425,0.04811582553898939,5.577315680125371,3.0389737736314335,-0.0021197132821071008,0.02215284121779788,3.81575580117741,4.763382571807295,-0.011835519594546031,-0.013998127822889983,4.863773309864413,8.014559524402792,0.17563079528666795,-0.07673816424370021,7.975930635618613,2.929717714955747,0.14835693057712995,-0.1149157974897996
471,1.9939592645167228,1.3311369504000377,0.09137674485491307,-0.032136038554772955,6.003039894642838,6.527660884232144,-0.06192438100410746,-0.06372383880503632,7.326424221842606,4.9736264120457765,-0.04798975247829461,-0.09406833096208572,1.810527046668856,8.0448411634761,0.09513591176121623,-0.009592452763348296,7.280059313086606,1.4046044601528171,0.0052447005110006755,-0.028963506467896236,1.8328797257460094,3.8444636485755828,0.033232712752744115,0.003603722077506318,2.5606145789482504,5.381131151315225,-0.021480975512208594,0.004578310517518763,2.741504159043027,4.232617894667831,0.11483337578869576,-0.030534193675539428,4.475208678248131,1.7428072856341386,-0.03459013576586378,-0.013290432504713633,8.986501220023836,0.981998610202289,-0.13775416563477572,-0.03341250934615979,4.124976944653617,2.8212338745933585,0.0871815424842804,-0.003218299669698152,6.620741429259995,5.81169349745893,-0.24795926643480762,-0.0854300006240595,6.744578626675996,2.777488756736386,0.12053856143218136,0.10046256713485203,4.299700260374866,8.439159597767043,0.20708772630175393,-0.16875139446060688,4.022769005241417,7.025161896277749,-0.04035854390454937,-0.09894737469434876,6.8378152758785005,8.716823470706657,0.1379466226765544,0.04851590136764594,5.577209694461265,3.0400814156923235,-0.0010967064703690866,0.023021528717112428,3.815164025197683,4.7626826654161505,-0.01279706656694002,-0.010899481457783876,4.872554849628747,8.010722616190607,0.17293849706806005,-0.07916377917438955,7.983348482147469,2.9239719250812573,0.14253046218392335,-0.11649982091329251
472,1.9985281017594685,1.329530148472299,0.08695551184164078,-0.034452109089061836,5.9999436755926325,6.524474692291893,-0.060893060834539395,-0.06002888317294575,7.324024734218691,4.968922995497672,-0.06004734892337823,-0.09881878650548458,1.8152838422569169,8.044361540837933,0.09457741884737403,-0.009923357890687361,7.280321548112156,1.4031562848294223,0.007209180195830387,-0.026946907177823318,1.8345413613836465,3.844643834679458,0.030274299911781703,0.001438370828228726,2.55954053017264,5.3813600668411015,-0.018430698502602233,0.0031231493557980095,2.747245827832462,4.231091184984054,0.11745795344508404,-0.030108557140029007,4.473479171459838,1.7421427640089029,-0.042777458084417706,-0.01264490772910426,8.979613511742098,0.980327984734981,-0.13627414728727397,-0.02697118812218556,4.1293360217778305,2.821072959609874,0.07967535969447784,-0.007339950797632608,6.608343465938255,5.807421997427727,-0.2608971921907852,-0.08520969615261889,6.750605554747605,2.7825118850931285,0.12702083924275495,0.10395874723708115,4.310054646689954,8.430722028044013,0.20008999944409173,-0.1720892713318351,4.02075107804619,7.020214527543032,-0.04364654286397148,-0.09710854476720233,6.844712607012328,8.719249265775039,0.13723462172538348,0.04879621058004,5.577154859137747,3.041232492128179,0.0002867273931515357,0.023780320199188475,3.8145241718693357,4.762137691343261,-0.006103122231956195,-0.009477510863109526,4.88120177448215,8.006764427231888,0.1691269055769569,-0.08158134598791808,7.990475005256665,2.9181469340355926,0.13628575321373426,-0.1174802855617479
473,2.0028758773515505,1.327807543017846,0.08249790136860402,-0.03671300919161759,5.996899022550905,6.521473248133246,-0.059891984434259395,-0.056351578711347355,7.321022366772522,4.963982056172398,-0.07176049608676935,-0.10347254096331596,1.8200127131992856,8.043865372943399,0.09389234429448039,-0.010195875798120573,7.280682007121948,1.401808939470531,0.009191269327900929,-0.02489600392456604,1.8360550763792356,3.8447157532208696,0.02748144493214742,-0.0006650526852433544,2.5586189952475102,5.381516224308891,-0.01545151046270336,0.0016721648032953773,2.7531187255047165,4.229585757127053,0.11987551150418038,-0.02991243874332213,4.471340298555616,1.7415105186224478,-0.05051375652630461,-0.0118256622826309,8.972799804377734,0.9789794253288717,-0.13443959343459663,-0.02061937072292218,4.133319789762554,2.8207059620699924,0.07174439546298675,-0.011191171554401788,6.595298606328716,5.803161512620096,-0.272725839744706,-0.08546197940073795,6.756956596709743,2.7877098224549828,0.13331655078989127,0.10737137131308995,4.3200591466621585,8.422117564477421,0.1925854632326011,-0.17467616674553188,4.0185687509029915,7.015359100304671,-0.04720945185614277,-0.09607226986840506,6.851574338098597,8.721689076304042,0.13639437169522353,0.0489657266903671,5.5771691955074045,3.0424215081381383,0.002033347258449807,0.024463984496873502,3.814219015757738,4.761663815800105,0.0006138697290461554,-0.008090894763483701,4.889658119760998,8.002685359932492,0.16492692202485862,-0.08402958684176415,7.997289292917352,2.912272919757505,0.12953852828678572,-0.11785468866872793
474,2.0070007724199805,1.325971892558265,0.07802593064652474,-0.03891054434137068,5.993904423329192,6.5186556691976785,-0.05867352020872877,-0.052642362667994276,7.317434341968183,4.9588084291242325,-0.08310040492504145,-0.10792991599800586,1.8247073304140096,8.043355579153493,0.09307561239450365,-0.010423433549470678,7.281141570588343,1.4005641392743027,0.011171756212614101,-0.022865301430481207,1.837429148625843,3.8446825005866074,0.024862626574560558,-0.002708248685402141,2.557846419724375,5.381599832549056,-0.012547792333902968,0.00022032436534667353,2.7591125010799256,4.228090135189887,0.12210452964103932,-0.02989836186518005,4.468814610729301,1.7409192355083163,-0.05775156493265761,-0.010810068705454567,8.966077824706005,0.9779484567927256,-0.1322761262508875,-0.014389960774930807,4.136907009535704,2.8201464034922723,0.06341833737325363,-0.014734264237359438,6.5816623143414805,5.798888413650059,-0.28367598337997896,-0.08658546502180285,6.763622424249237,2.793078391020637,0.13948423267763713,0.11100355133330307,4.329688419823788,8.413383756140144,0.18476994872769156,-0.17688359738390477,4.0162082783101845,7.010555486811251,-0.05099612488043953,-0.09573063269194354,6.858394056683359,8.72413736263856,0.1354442300716073,0.0490287829388401,5.577270862870327,3.043644707362982,0.004095523053885712,0.02508448128214169,3.8142497092441903,4.761259271061931,0.007369561495785048,-0.00671228356765121,4.897904465862241,7.998483880590404,0.16033698104478183,-0.0864925768649599,8.003766219331691,2.9063801853240685,0.12212249752220594,-0.1178160137002003
475,2.0109020689523067,1.3240263653411966,0.0735524489467004,-0.04104133346484623,5.990970747318755,6.516023551064278,-0.05723514352871225,-0.048837519167737736,7.313279321721931,4.9534119333243325,-0.09402764994590784,-0.11199005736770629,1.8293611110337347,8.04283440747602,0.09224955348520666,-0.01045869814278692,7.281700158398974,1.3994208742027787,0.0131104736523848,-0.020856695123272668,1.838672279954571,3.8445470881523374,0.02239486724846021,-0.004686600792509781,2.55721903010768,5.381610848767323,-0.009726514134349478,-0.001233982587308642,2.7652177275619776,4.226595217096627,0.1241720996568274,-0.030010320494166083,4.465927032482668,1.7403787320730435,-0.06453292543966903,-0.009644278874024846,8.959464018393462,0.9772289587539791,-0.12980170089032708,-0.008303262227925153,4.140077926404366,2.8194096902804042,0.0547633808536499,-0.017933433649614725,6.567478515172482,5.7945591403989685,-0.29391356093754273,-0.08804200388900824,6.770596635883119,2.7986285685873025,0.14562462532383064,0.11503654614006958,4.3389269172601725,8.404539576270949,0.17671645671805183,-0.17877904837082656,4.0136584720661626,7.005768955176654,-0.05498899868322064,-0.09601825925924022,6.86516626818694,8.726588801785502,0.13436427698225087,0.04893967448966601,5.577475639023021,3.044898931427089,0.006442058453441872,0.02563965435696829,3.8146181873189797,4.7609236568835485,0.014175699653629591,-0.0053194685849687435,4.90592131491448,7.994159251747156,0.1554422606543428,-0.08860599905759305,8.009872344207801,2.9004893846390587,0.11404358115133725,-0.11733429142913042
476,2.014579691399642,1.3219742986679544,0.06909028840409309,-0.04310238850669584,5.98810899014232,6.5135816751058915,-0.05561133493615434,-0.04490269805379368,7.308577939224636,4.947812430455947,-0.10460212487667109,-0.11583872294785975,1.833973588707995,8.042311472568882,0.09149669653027445,-0.010236920691562295,7.282355682081593,1.398378039446615,0.014974293385646861,-0.018854622230189574,1.839792023316994,3.8443127581127117,0.020062769583984768,-0.0065962928191845285,2.5567327044009622,5.381549149637958,-0.006992271382155073,-0.0026828413960347146,2.771426332544819,4.225094701071919,0.12606657778418776,-0.030223688987298377,4.462700386210685,1.7398965181293422,-0.07105601008017196,-0.008463814379051426,8.952973933348945,0.9768137956425829,-0.1270351999181157,-0.0023791129978025863,4.142816095447049,2.8185130185979235,0.04584049996566467,-0.020732657199278748,6.552782837125605,5.790157040204518,-0.3035503698693703,-0.08969707455895728,6.777877867149311,2.804380395894306,0.15164130666714767,0.11967008121227704,4.347762740096075,8.395600623852408,0.16852809727867882,-0.18020455258961351,4.010909022132002,7.000968042213692,-0.05913643254531075,-0.09683311091207106,6.8718844820360525,8.729035785509986,0.13310922034770553,0.04870146203553328,5.577797741945693,3.0461809141449376,0.009073980147124544,0.02610421198045898,3.815326972301661,4.7606576834543,0.021055829527382185,-0.0038814852024754857,4.913693427947197,7.989728951794277,0.1503425710663921,-0.09035656456411094,8.015574523265368,2.8946226700676023,0.10530344363388501,-0.11638354919558583
477,2.0180342058198466,1.3198191792426195,0.060490907255277934,-0.04470193148957215,5.9853284233955115,6.511336540203202,-0.05383384545279787,-0.0407491398144529,7.303347832980803,4.942020494308554,-0.11478272635429407,-0.11934844075503348,1.8385484235345089,8.041799626534303,0.09083941823094278,-0.009755142168608904,7.2831043967508755,1.3974353083351054,0.016723765333197634,-0.016853986554103625,1.8407951617961933,3.8439829434717523,0.017875149108096514,-0.00843561560223745,2.5563830908318543,5.381415007568156,-0.0043431641792675375,-0.004112610327155349,2.7777296614340288,4.223583516622554,0.12800048438406703,-0.03679694807271517,4.459147585706676,1.7394733274103897,-0.07732336397249831,-0.007275891852900484,8.946622173353038,0.9766948399926927,-0.12399625393774566,0.0033631183861171296,4.145108120445332,2.8174763857379594,0.0366959061903923,-0.023150412512496388,6.537605318632137,5.78567218647657,-0.30951751118471127,-0.08723494172505922,6.785459932482668,2.8103638999549196,0.15771792159837345,0.12222597550516806,4.356189144960009,8.386590396222926,0.1601358631320838,-0.18503637294347913,4.007952200504736,6.996126386668089,-0.06337036019755055,-0.09805282785959679,6.878539943053438,8.731470858611763,0.13160163224429194,0.04835356213385263,5.578251440953049,3.0474861247439606,0.01197555772411944,0.02648239201957423,3.81637976377803,4.7604636091941765,0.028026577832702924,-0.0023847226995369767,4.921210556500517,7.985211123566071,0.14533426806486907,-0.09096363437868864,8.020839695447062,2.888803492607823,0.0959252532952734,-0.11495978599121986
478,2.0210587511826104,1.3175840826681409,0.05180790973053962,-0.04606873481901012,5.982636731122872,6.50929908321248,-0.05189531912041948,-0.0363374763268993,7.297608696663088,4.936053072270803,-0.12425713945119882,-0.1223714000246167,1.843090394446056,8.041311869425872,0.09032497277706057,-0.008968627495226861,7.283940585017535,1.3965926090074003,0.018309349839590112,-0.014894667327659858,1.8416889192515982,3.8435611626916404,0.015851574025675212,-0.010283923785490262,2.556165932622891,5.381209377051799,-0.0017958810811659212,-0.005610432023257968,2.784129685653232,4.2217436692189185,0.12353235145605322,-0.04078070161978758,4.455281417508051,1.7391095328177446,-0.08433687414009704,-0.0087233894405515,8.94042236065615,0.9768629959119985,-0.1206830165090805,0.008912053397146374,4.146942915754852,2.8163188651123345,0.027323895363327785,-0.025150497218147196,6.5221294430729015,5.781310439390317,-0.3155915064917992,-0.08491173614226169,6.793345828562587,2.816475198730178,0.159919387860714,0.12352711742659889,4.364195938116613,8.377338577575753,0.15098023057659904,-0.18903410974021584,4.004783682494859,6.991223745275109,-0.06767464591754127,-0.09957199481718379,6.885120024665652,8.733888536718455,0.1298585312882096,0.047886768870521575,5.578850218839255,3.0488102443449394,0.014972621196986452,0.0268003147430538,3.8177810926696654,4.760344373059199,0.035104410352711016,-0.0008486151705822322,4.928477269903761,7.980662941847136,0.14064045183516802,-0.08990767206572205,8.025635958111826,2.8830555033082623,0.08601567413744413,-0.11289407768925844
479,2.0236491466691375,1.3152806459271904,0.043081002954111394,-0.04726150562421999,5.980041965166851,6.507482209396135,-0.04971018676592157,-0.031795670567827,7.291395839690528,4.929934502269572,-0.13296402651756312,-0.12495492554070949,1.847606643084909,8.04086343805111,0.08994948102384001,-0.007895260253456831,7.2848560525095145,1.3958478756410173,0.01970018063952736,-0.012961172558623089,1.8424814979528819,3.843046966502366,0.013893446333333408,-0.012124358195168244,2.5560761385688324,5.380928855450636,0.0006883023048022872,-0.007077745640725848,2.7903063032260347,4.219704634137929,0.11910355610347506,-0.04516283845643557,4.4510645738010455,1.738673363345717,-0.09123843486387863,-0.009981846426949005,8.934388209830695,0.9773085985818558,-0.11708370435264168,0.014251014655676991,4.148309110523018,2.815061340251427,0.017954954175469204,-0.0268827149248871,6.506349867748312,5.777064852583204,-0.3211724544124792,-0.08326249219886846,6.801341797955622,2.8226515546015083,0.15856927448373895,0.12383541553662948,4.371744949645444,8.367886872088741,0.14149107725104132,-0.19235579128440053,4.001399950198982,6.98624514553425,-0.07202001413894343,-0.1013449500634535,6.891612951230063,8.736282875161981,0.12789077595562046,0.047258974520955475,5.579598849899105,3.0501502600820922,0.018072886386991754,0.027044594437797255,3.819536313187301,4.7603019423006705,0.042286778988842304,0.0007139211509981779,4.935509292495519,7.97616755824385,0.13625669524229825,-0.08724447115831285,8.029936741818698,2.8774107994237994,0.07562929209408246,-0.11017186147799907
480,2.025803196816843,1.3129175706459795,0.03434659344302207,-0.04827270242752156,5.977556455828555,6.505892425867743,-0.04737778176499651,-0.027146954937653317,7.28474763836465,4.923686755992536,-0.14095087755411173,-0.12713999549659488,1.852104117136101,8.040468675038436,0.08971308564989955,-0.006547743869481087,7.285841061541491,1.3951998170130862,0.02085145962705425,-0.011045906380074752,1.8431761702695486,3.8424407485926073,0.011990399293228541,-0.013960921283168065,2.5561105536840727,5.3805749681686,0.0031266735607961304,-0.00847874126777148,2.7962614810312085,4.217446492215108,0.11470514421857116,-0.04993414966504133,4.446502652057852,1.7381742710243695,-0.09802190537531509,-0.01102445189781497,8.928534024613063,0.9780211493146397,-0.11319738316562233,0.019371900400367886,4.149206858231791,2.8137172045051826,0.008893914191242977,-0.028333244153783,6.490291245027688,5.77290172797326,-0.32616056559552653,-0.0816494945850212,6.809270261679809,2.82884332537834,0.15578234346073727,0.12369468132182813,4.378819503507995,8.35826908252452,0.13170533121308126,-0.19498816876735123,3.9977989494920347,6.981177898031077,-0.07634716271055389,-0.1032859866826995,6.898007490027844,8.73864582388803,0.1257295901396901,0.04623501189285913,5.580502494218455,3.051502489803982,0.021259918803454653,0.027225021178350486,3.821650652136743,4.76033763835822,0.049580599370006855,0.002313570304647985,4.942322127257634,7.971805334685934,0.13203517802215875,-0.08318934328429609,8.033718206423403,2.8719022063498993,0.06481363739904844,-0.10682880496313987
481,2.027520526488994,1.3105039355246033,0.025622748855219184,-0.04918496371613464,5.975187566740305,6.504535078120861,-0.044848226019573674,-0.022392832218484655,7.277700094486945,4.917329756217707,-0.14826078522890115,-0.1289361332243919,1.856589771418596,8.040141287844962,0.08955541683583648,-0.0050748433410203455,7.286883634522844,1.3946475216940823,0.02173838493695072,-0.009144494556146396,1.84377569023421,3.8417427025284487,0.010168149329348956,-0.015780161026221977,2.5562668873621126,5.380151031105211,0.005557720151005138,-0.009775730421842096,2.801996738242137,4.214949784731855,0.11034189013338801,-0.05476389577726877,4.441601556789086,1.7376230484294788,-0.10466406966526641,-0.01184511202327917,8.922874155454782,0.9789897443346581,-0.10904198500540314,0.024263192778674274,4.149651553941353,2.8123005422974936,0.00016484823655776512,-0.029566567351594842,6.473983216747912,5.7688192532440095,-0.3306284384982775,-0.08063830057568735,6.8170593788528455,2.835028059444431,0.15270567947488883,0.12339340943526335,4.385404770068649,8.348519674086154,0.12165377677162922,-0.19693418982501656,3.993981591356507,6.976013598696942,-0.08158161318493534,-0.09891542059771855,6.904293969534828,8.740957574482673,0.12328642070979183,0.04478550190338889,5.581565490158628,3.0528637408628994,0.02451353482353808,0.027348799664509184,3.824129682105243,4.760453316873453,0.0569870576286357,0.0039788024489441545,4.948923886158742,7.967645867521719,0.12794438943423092,-0.07786297499709038,8.036958888293356,2.8665607661017423,0.053607760035366644,-0.10287044224968372
482,2.028801663931755,1.3080446873387965,0.016908721152410804,-0.05018661707074962,5.9729451554393265,6.503415436509936,-0.042169964322281345,-0.017565775765852706,7.2702870552254995,4.910882949556487,-0.15487965751379038,-0.13032533672439453,1.8610675422603877,8.039887545677912,0.08901376819460781,-0.004000484985766411,7.287970553769691,1.394190296966275,0.022342450072072067,-0.0072766647341425544,1.8442840977006774,3.840953694477138,0.008462193987890635,-0.017566792558235393,2.5565447733696627,5.379662244584119,0.00794844866937195,-0.010966947687865256,2.8075138327488065,4.212211589942992,0.10600192805326697,-0.059387944770260215,4.436368353305823,1.7370307928283149,-0.11105495865423812,-0.01238741170555363,8.917422056204511,0.9802029039735919,-0.10463466855909882,0.028913762113300472,4.1496597963531805,2.8108222139299137,-0.008150880368235783,-0.030768599601015724,6.4574517948229975,5.764787338215225,-0.3356859317230175,-0.07385720679946131,6.82469466282659,2.8411977299161943,0.14946311005812743,0.12295544223543114,4.391487458907231,8.338672964594902,0.11136787474831379,-0.19818065510194333,3.9899025106972603,6.9710678276670555,-0.08694413541448762,-0.09468064208917458,6.910458290570318,8.743196849577842,0.12262919568211143,0.04604036193573872,5.5827911668998045,3.054231180846125,0.02780967652249457,0.02741993383246537,3.826979034986675,4.7606522569959004,0.06451095789909773,0.0056817464519897136,4.955321105630453,7.963752718771865,0.12399421490885079,-0.07128739133052735,8.039639276295125,2.861417243989258,0.04204166051086866,-0.09826410999229371
483,2.0296470999893756,1.305535356485259,0.008248999241457283,-0.05124125485675059,5.970836657223212,6.502537147721643,-0.0394052209420328,-0.012604154377059714,7.26254307234981,4.904366682720267,-0.16049296330600285,-0.1311045328321546,1.8655182306701181,8.039687521428624,0.08800599558501633,-0.0033396064261919257,7.289087676273295,1.3938264637295679,0.022712613915107763,-0.0054618614393050794,1.8447072074000719,3.840075354849226,0.00687059313766614,-0.019316340315443742,2.5569421958031313,5.379113897199725,0.010312241103706706,-0.01207115809813237,2.8128139291514698,4.209242192704479,0.10168356371618029,-0.06379461860398805,4.430815605373111,1.7364114222430371,-0.1170528820433153,-0.012726729283444682,8.912190322776556,0.9816485920792569,-0.09999491784002838,0.03330696455225101,4.149252252334769,2.809283783949863,-0.016248888106826023,-0.03199250973530141,6.440667498236847,5.761094477875252,-0.3397200027661513,-0.06752325440235324,6.832167818329497,2.847345502027966,0.14607510866087534,0.12241265654247112,4.397055852644646,8.328763931839806,0.1008279571004752,-0.19875972414452167,3.985555303926536,6.966333795562597,-0.0923905817289417,-0.09045595464699109,6.916589750354424,8.745498867674629,0.12170047149747913,0.0472002762393097,5.584181650725929,3.055602177537748,0.031092515954853312,0.027446541840658225,3.83020458288163,4.7609363443185,0.0712949201488536,0.0074347792182722725,4.961520816375896,7.960188349205338,0.12016829073585332,-0.06359070315532593,8.041741359320667,2.856504038489643,0.03013007011351072,-0.09300577593675076
484,2.0300595499514484,1.3029732937424214,-0.0003159244622132195,-0.05231648530246339,5.968866396176111,6.50190694000279,-0.036605104067755204,-0.007529290123657958,7.25451842418451,4.89781145607866,-0.16512814048617386,-0.13126756295595834,1.8699185304493688,8.039520541107313,0.08652104905097874,-0.003087325552945435,7.29022330696905,1.3935533706576027,0.022859699924490964,-0.003716394737618697,1.845050737056955,3.839109537833454,0.005362179509922419,-0.02102577563683437,2.5574578078583166,5.378510339294819,0.012673307370601046,-0.013134075155557154,2.8178981073372786,4.206052461774279,0.0981633681575131,-0.06841959221403157,4.424962961270945,1.735775085778865,-0.12264169852216376,-0.0128913739480638,8.907190576884554,0.9833139403068695,-0.09514110374476967,0.03744004487082115,4.148439807929427,2.807684158463098,-0.024135144384387214,-0.03327607964865891,6.4236814980985395,5.7577183151551345,-0.3423224000441025,-0.06186379226334281,6.83947157376254,2.85346613485509,0.14199507610362627,0.12191258535403617,4.40209725049967,8.318825945632579,0.08987490773876941,-0.19878564421965325,3.980935774840089,6.961810997830248,-0.09856330095422913,-0.07984896538250287,6.922674773929298,8.747858881486595,0.12050391086131637,0.048246777805034315,5.585736276523672,3.056974504629781,0.034370487177850025,0.027412651134404057,3.8337693288890726,4.761308083279413,0.07726014219463283,0.009177893771664206,4.967529230912689,7.957008814047572,0.11646199159480393,-0.05491157620720772,8.043247862826343,2.851853749692806,0.017795870863766303,-0.08708225106528221
485,2.0300437537283376,1.3003574694772984,-0.008747289058103265,-0.05338123427139244,5.967036140972723,6.501530475496607,-0.03390490823371456,-0.0023142774689958257,7.246262017160201,4.891248077930862,-0.1688110798218777,-0.13076855235767135,1.8742445829019179,8.039366174829667,0.08432863189130219,-0.0033289671367979046,7.291366291965275,1.3933675509207217,0.022785352629623924,-0.002033077053981555,1.8453188460324512,3.838058249051612,0.00390660987012044,-0.022706857028705344,2.5580914732268467,5.377853635537042,0.015047810759601939,-0.014129501408041477,2.822806275745154,4.202631482163578,0.09105395262635466,-0.07076113181303298,4.418830876344837,1.7351305170814617,-0.12780327933807506,-0.01288452264298462,8.902433521697315,0.9851859425504105,-0.09008661869194565,0.04130301556572071,4.1472330507102075,2.806020354480665,-0.031761464806082926,-0.034666823928728975,6.406565378096334,5.754625125541968,-0.34310217147638306,-0.056542859919740625,6.846571327567721,2.8595617641227915,0.1366239901767359,0.12168986396081603,4.406590995886608,8.308886663421596,0.07847044558008945,-0.1983537603723123,3.9760076097923776,6.9578185495611224,-0.10451879179669071,-0.06954274935118993,6.928699969472364,8.750271220376847,0.1190374425122172,0.04918210031697551,5.587454800882565,3.058345137186501,0.03734556920278193,0.028146928716200108,3.837632335998804,4.761766977967996,0.08249111250281745,0.010902355051473682,4.973352330492429,7.954263235237211,0.1127106507138139,-0.045381987835692444,8.04413765636953,2.8474996371395416,0.005093383454651466,-0.08045230349233566
486,2.0296063892754326,1.2976884077637287,-0.017016199704541865,-0.05440678014786563,5.965340895561037,6.501414761623157,-0.03138783090693996,0.0030574276011421523,7.237821463169107,4.8847096503129785,-0.17159574512331985,-0.12947408801910051,1.878461014496483,8.039199726472827,0.08142362555711659,-0.0039939894299036265,7.292505559596756,1.3932658970680227,0.022590673615239178,-0.0003633954229529026,1.8455141765259573,3.8369229062001766,0.002488533041998301,-0.024343097101253732,2.5588438637648268,5.37714716046664,0.017457350503859867,-0.015021568549872398,2.827358973376472,4.199093425572926,0.08417010789311644,-0.0732945789967016,4.412440712377934,1.7344862909493124,-0.13240811477382317,-0.01265757448882573,8.897929190762717,0.9872510933286965,-0.08485390159514007,0.04491583078190437,4.145644977469903,2.8042870132842284,-0.03917511436510392,-0.03617829220138518,6.389410269522515,5.75179798254598,-0.3412753375427912,-0.05111886108703799,6.853402527076558,2.865646257320832,0.1305841483311043,0.1215246670684763,4.410514518165613,8.29896897540298,0.06663822174748218,-0.19745624657666827,3.970781670202543,6.954341412093563,-0.11013343571317841,-0.059888520961926775,6.934651841597974,8.752730325392696,0.1173035497286946,0.05000744629884163,5.589322079342704,3.059752483622311,0.040697917336703554,0.029003388322638983,3.841756891623945,4.76231209572057,0.08694188632309847,0.012609045206443374,4.97898786302812,7.9519941358454265,0.10871115483499826,-0.035152663286255874,8.044392325542264,2.8434770219649246,-0.007821806109576593,-0.07313359444668709
487,2.0287555792902054,1.2949680687563354,-0.0250614200796029,-0.05532881771580896,5.96377150401569,6.501567633003214,-0.02908581198139236,0.008532996745033487,7.229241675912941,4.8782359459120235,-0.17368002753644488,-0.12777170429971585,1.8825321957743388,8.039000027001332,0.0777898458972493,-0.004971887353343368,7.293635093277517,1.393247727296875,0.022125109558008227,0.001411176226777303,1.8456386031780572,3.835705751345114,0.00110049397461072,-0.025934033173424468,2.5597167312900195,5.376396082039146,0.019878150310573925,-0.01586525506720042,2.831567478771128,4.1954286966230905,0.07752601688302274,-0.0759976937819556,4.405820306639242,1.7338534122248712,-0.13639781686444416,-0.012242582597814133,8.89368649568296,0.9894968848677917,-0.07947081725325641,0.0483587444482719,4.143686221751648,2.8024780986741593,-0.04633531603384324,-0.03773638769753305,6.372346502645375,5.749242039491628,-0.33700683621634947,-0.04561644899137206,6.859931734493114,2.871722490674256,0.12421663330358125,0.12195803395388506,4.413846429252986,8.289096163074147,0.054409431821906926,-0.19608783671578908,3.965274998416884,6.951346986045467,-0.11539836502266575,-0.05092159075133641,6.9405170190844085,8.755230697707638,0.11538051948637072,0.05072455327259401,5.591356975209539,3.061202653038443,0.044206682959676995,0.02978367323962104,3.8461039859401,4.762942547980892,0.09042102098703796,0.01432347800476939,4.98442342076987,7.950236502681114,0.10440871685899557,-0.024207244064139405,8.044001235236784,2.8398203422425903,-0.020859542823462855,-0.06513428976467071
488,2.0275025082862252,1.292201627870545,-0.032803269204034514,-0.05605820520216248,5.96231721341662,6.5019942828404655,-0.02700620592517898,0.014014447377248034,7.220557674536119,4.871847360697037,-0.17512204084485075,-0.12615058406290183,1.8864216880692013,8.038751432633665,0.07370734384506138,-0.005807311921847463,7.294741348755418,1.3933182861082138,0.02134694540222696,0.003349782839161622,1.8456936278767877,3.834409049686443,-0.0002631056983028314,-0.027480943857980236,2.5607106388055483,5.375602819285786,0.022296894502101292,-0.016669869436026573,2.8354437796152787,4.191628811933993,0.07126880174077269,-0.07883865324894941,4.39900041579602,1.7332412830949806,-0.1396922091670765,-0.011720784398771455,8.889712954820297,0.9919148220902053,-0.07396356563296375,0.051631109109369425,4.141369455949956,2.8005912792892826,-0.053201590807917795,-0.03923031804852215,6.355496160834558,5.74696121704206,-0.3302533289598416,-0.04000092888660617,6.866142566158293,2.8778203923719503,0.11741543637078859,0.12266819344749533,4.4165669008440815,8.279291771238357,0.04181603581389225,-0.1942465235101297,3.9595050801657505,6.9488009065079,-0.12032555653346229,-0.042607940858529404,6.946286045058727,8.757766925371268,0.11327622481376234,0.051327830275986586,5.593567309357523,3.062691836700424,0.046855746949197065,0.030026812995533163,3.850625036989452,4.76365872188113,0.09292619042337352,0.016064281388060157,4.98964385661282,7.949026140477907,0.09969960980273546,-0.012566922600792924,8.042958258095611,2.836563627754357,-0.03390412215056933,-0.05653420006564079
489,2.0258623448260233,1.289398717610437,-0.040211271222963044,-0.056560197615936614,5.960966903120361,6.502695005209328,-0.025161039465499378,0.019447957248611675,7.211801572493877,4.8655398314938925,-0.1758657976606419,-0.12458240467157732,1.8901070552614543,8.038461067037574,0.06951343698649795,-0.006194180595224202,7.295808696025529,1.393485775250172,0.020291116547785315,0.005430824435991513,1.8456804725918725,3.833035002493544,-0.0016136579144750498,-0.028948560993475182,2.5618254835306535,5.374769325813984,0.02469872438555752,-0.017442988757119537,2.8390072197023173,4.187686879271545,0.06546664235687967,-0.08103347154448784,4.392015805337666,1.732655243875042,-0.1422793022074236,-0.011119568225971987,8.886014776538648,0.9944963775456738,-0.06838256928350982,0.05469036872520795,4.13870937640956,2.7986297633868564,-0.05978923472929307,-0.04066412444926826,6.338983494386565,5.74496117059773,-0.32133308855761994,-0.03428683722801394,6.872013337976832,2.883953802044325,0.11021723674100496,0.12358512792652332,4.418657702634776,8.26957944506285,0.02890798539599216,-0.19192786948701882,3.9534888023390775,6.946670509464973,-0.12517048767400432,-0.034211173778699235,6.951949856299415,8.760333316885067,0.11101082400173251,0.05180326872738102,5.595910096704983,3.0641931773502007,0.04865584708202005,0.030105496091750155,3.8552713465106208,4.764461935950534,0.09448010996222908,0.01783183831615836,4.994628837102956,7.9483977943478665,0.09474071011103452,-0.00036167725496200585,8.041263051988082,2.8337369177510747,-0.04690095219674624,-0.04739839872053085
490,2.023851781264875,1.28657070772964,-0.04725832837475748,-0.05680601785791687,5.959708851147086,6.503667403071759,-0.022952467584443546,0.024527509407325017,7.203008282610845,4.8593107112603136,-0.17592834714739822,-0.123079865733502,1.8935827271107792,8.038151358007813,0.0652124012097636,-0.006134949474829659,7.296823251852918,1.3937573164719714,0.018991507676444565,0.007630420416337716,1.8455997896961487,3.83158757444387,-0.0029342051524673366,-0.03030432703281687,2.5630604197499314,5.373897176376128,0.02707764298862015,-0.018171252789051295,2.8422805518201613,4.18363520569432,0.06008061876095053,-0.08263266062478579,4.384901840227294,1.7320992654637435,-0.14400927896578447,-0.010602245963222911,8.882595648074473,0.9972308959819342,-0.06282864610877094,0.05745216540083042,4.135719914673095,2.796596557164393,-0.06610260042715378,-0.04203688153766123,6.322916839958684,5.743246828736329,-0.31126715300549973,-0.02857218267805762,6.877524199813882,2.8901330584406515,0.10242910908025361,0.12437664063563429,4.420103101904576,8.2599830515885,0.013514860875213502,-0.18889773866108203,3.947230277955377,6.944959950776038,-0.128540647910959,-0.026373891657517745,6.957500397499502,8.762923480321437,0.10858463369995658,0.0521550379483963,5.598342889059084,3.065698452154788,0.04963712021160246,0.030102271976688116,3.859995352008732,4.765353527866342,0.09513699300826008,0.019626804440156524,4.999365872608508,7.948379710485119,0.08961347498155893,0.012431529913617097,8.038918004378244,2.831366997815048,-0.05981412414374865,-0.03764823144009529
491,2.021488864846137,1.283730406836744,-0.0539156590665719,-0.05676542138465329,5.958561227767864,6.504893778542125,-0.020339971417022207,0.02917922985665344,7.194211865253474,4.853156717973638,-0.17519206922441027,-0.12165673806366095,1.8968433471712673,8.037844610534071,0.06081164984255226,-0.0056000326660009475,7.29777282723674,1.3941388374927883,0.01734371305724195,0.009943383685988651,1.8454530794385253,3.830072358092229,-0.0042077988315378095,-0.03154104769538091,2.5644143018993626,5.372988613736676,0.02941606172567402,-0.018827198412344814,2.8452845827582087,4.179503572663081,0.05500893367028948,-0.08373047340775884,4.3777013762790045,1.7315691531655824,-0.14472685835291282,-0.010426539538006862,8.879454215769034,1.0001035042519757,-0.05732193949844894,0.0599202609343802,4.132414784651738,2.7944947130875097,-0.0720635436044962,-0.043326425326541344,6.307353482308409,5.741818219602426,-0.3000848611997556,-0.022988882609083123,6.882645655267895,2.8963518904724332,0.0939408011869774,0.12463886188724868,4.4207788449483365,8.250538164655447,-0.003569920950328948,-0.18495510859361433,3.940803245559829,6.943641256193162,-0.13009380823565173,-0.018955043828414276,6.9629296291845,8.765531232218857,0.10598864913672511,0.05237794192740718,5.600824745069664,3.0672035657536223,0.049872931460024125,0.030017987033392472,3.864752201659145,4.76633486808835,0.09504104107857163,0.021485437265471523,5.003846546357586,7.9490012869808,0.0840874363497621,0.02745362893171402,8.035927298171057,2.8294845862430433,-0.07255322668614901,-0.02737182369163452
492,2.0187930818928086,1.2808921357675114,-0.06000226150108785,-0.0563409110044001,5.957544229197013,6.5063527400349574,-0.017377241523397424,0.033360467002911794,7.185452261792253,4.847073881070455,-0.17205306325047515,-0.11915427747216592,1.899883929663395,8.037564608900771,0.05635763427465351,-0.004599917297485694,7.298640012889602,1.3946360066770878,0.015160005253754173,0.012410398885351883,1.8452426894969485,3.82849530570746,-0.005426550276950446,-0.03265461845631645,2.565885104985646,5.372047253816059,0.03164931104725396,-0.01941461946264005,2.848035029441723,4.175317048992693,0.0501334655801129,-0.08440590676966167,4.370465033361358,1.731047826188682,-0.1445165128164424,-0.010648861021313448,8.87658811879411,1.0030995172986947,-0.05147745038595256,0.06214432536646476,4.128811607471513,2.7923283918211825,-0.077280748965028,-0.044455044770166555,6.292349239248422,5.740668775471972,-0.28788585869540684,-0.017349318363143868,6.887342695327244,2.9025838335667955,0.0851262875036583,0.12421001405836873,4.42060034890082,8.241290409225767,-0.02166288852015698,-0.18015568708947444,3.9342985551480467,6.942693504001742,-0.1300364898015325,-0.012066649770663573,6.9682290616413365,8.768150129315227,0.10315538071781699,0.052465947190067044,5.603318391642665,3.068704465105292,0.04949391483712316,0.029870704456738367,3.8695042537130737,4.767409139951623,0.09418924562871868,0.023398225380913323,5.0080509181750745,7.950373968427385,0.07835434384800256,0.04407025352544876,8.032299636836749,2.828115995058462,-0.08489028099837817,-0.017193540089635237
493,2.0157929688177543,1.2780750902172913,-0.06542611169470758,-0.055483264520472135,5.956675367120843,6.508020763385103,-0.013917255969179133,0.03696152967326187,7.1768496086297295,4.841116167196846,-0.16660843115239643,-0.11546886156347165,1.9027018113771277,8.037334613035897,0.051860327853254395,-0.0032899646919699755,7.29939801315229,1.3952565266213552,0.012655738827786957,0.015018712855619657,1.844971361983101,3.826862574784644,-0.0065935008157049085,-0.03362689715186999,2.567467570538009,5.371076522842927,0.033753841158209195,-0.019932375721708896,2.850541702720729,4.1710967536542105,0.045426620520122016,-0.0846793023554892,4.363239207720536,1.7305153831376163,-0.14349821570296423,-0.011101861397314448,8.874014246274813,1.006206733567018,-0.045281819507742495,0.0641184585823094,4.124947570023261,2.790105639582674,-0.08176129754054852,-0.045459135954752844,6.277954946313652,5.739801309553815,-0.2749958386825513,-0.011300446041299768,6.891599009702427,2.908794334269714,0.07623554991048433,0.12327132714362674,4.419517204474812,8.232282624871294,-0.04066756873646939,-0.1744591992901876,3.92779673065797,6.942090171513208,-0.12846848792029072,-0.005695843821690871,6.973386830677227,8.770773426674731,0.10003110901207034,0.05241035741288239,5.605793087384521,3.070198000328129,0.04843428022611261,0.029480207350610927,3.8742137159945096,4.768579051220669,0.09259327873826438,0.025372060573534076,5.011968635367475,7.952577481103658,0.0728721466676122,0.060275951777173,8.02805512278683,2.82725631805398,-0.09670355651441134,-0.007198770248202665
494,2.0125216632330187,1.2753009269912676,-0.07018907378269643,-0.05419849897519335,5.955979504322384,6.509868839868766,-0.010078584970367411,0.03999467425905012,7.16851918707211,4.835342724118672,-0.1606086551764538,-0.11150200742330918,1.9052948277697903,8.037170114801299,0.047326257286957815,-0.001680070989999398,7.300030800093679,1.3960074622641363,0.009867485326729332,0.017693398087960947,1.8446416869423157,3.8251812299270505,-0.007706842936948385,-0.034454990721595746,2.5691552625959195,5.370079904056841,0.03570647553747689,-0.0203803254422555,2.852813033746735,4.166862788536436,0.040828643343813385,-0.08455645072155676,4.356064296935387,1.7299602900677507,-0.14187776862610713,-0.011595190275970477,8.871750155299425,1.0094126564961334,-0.03880296002354679,0.0657975532768642,4.120859505146234,2.7878326827849365,-0.08561473633516141,-0.04640783728800742,6.264205154379524,5.73923628725175,-0.26313509402741897,-0.005399734475089974,6.895410787197951,2.9149579006268955,0.06741645262998201,0.12192885238127642,4.417483826037989,8.223559664906784,-0.05906051754275525,-0.1688646905677631,3.9213733062619553,6.9418053793221235,-0.12581771364999464,0.0007890200854079,6.978388386127831,8.773393944545376,0.09672622778207365,0.05227624299237529,5.608214801395826,3.0716720106956594,0.04677298366475225,0.02872744441269262,3.8788433799314226,4.769847654249346,0.08999784775317127,0.027350749074355668,5.015612242700855,7.955591278692516,0.0675176546738273,0.07602336928672881,8.02321994496111,2.82689637954157,-0.10803894881072558,0.002610614246817248
495,2.009012209543884,1.272591002042508,-0.07430300238384217,-0.05250131203577503,5.955475575073866,6.511868573581718,-0.0059850188059930596,0.042495740101857415,7.160488754313287,4.829767623747507,-0.15419152822285198,-0.10744783694889912,1.9076611406341382,8.0370861112518,0.04277984110861213,0.00022421005251683362,7.3005241743600156,1.3968921321685344,0.006825862911544357,0.020406383774918782,1.8442563447954683,3.8234584803909706,-0.008764028542116728,-0.03513935285928593,2.570940586372793,5.369060887784729,0.03749988504892384,-0.020755871188902323,2.8548544659139257,4.1626349660003585,0.03625150097108599,-0.08397462542981884,4.348970408504082,1.729380530553952,-0.13957159730572835,-0.01211057771607079,8.869810007298248,1.0127025341599767,-0.03210200618233738,0.06718488016187898,4.116578768329475,2.785512290920536,-0.08892906303870984,-0.047332064954117216,6.251048399678153,5.738966300527996,-0.25162175653447616,0.0009950839500885537,6.8987816098294505,2.9210543432459595,0.05872638599437334,0.12021949640856915,4.414530800160851,8.215116430378396,-0.07683854907075131,-0.16336271358600402,3.9150824205794557,6.941844830326394,-0.1218823572118347,0.00766916113503139,6.983224697516935,8.776007756694995,0.09293248862713877,0.05194384923903295,5.610553450579064,3.073108382916294,0.04504645093727232,0.027665051689877346,3.883343272319081,4.771215191703064,0.08625020236015732,0.029293549618557995,5.0189881254345465,7.959392447156853,0.06228974133886159,0.09104462936945053,8.017817997520574,2.8270269102539105,-0.11884721103969134,0.012159839368553775
496,2.0052970594246915,1.2699659364407192,-0.07782188216997594,-0.05043469252780661,5.955176324133566,6.51399336058681,-0.001837185965311983,0.0445154693808391,7.152779177902144,4.824395231900063,-0.14745792593746684,-0.10329306612756618,1.9098001326895688,8.037097321754425,0.03825352436154277,0.00235433346661605,7.300865467505592,1.3979124513572803,0.003561071765623603,0.023129114076239334,1.8438181433683625,3.8217015127480063,-0.009762880571559515,-0.035671273137730816,2.5728155806252393,5.368023094225284,0.03918091894334351,-0.02104283428199685,2.85666704096248,4.1584362347288675,0.03153533970511671,-0.08294631371156357,4.341991828638795,1.7287750016681485,-0.13648483200897113,-0.012704053573820371,8.868204906989131,1.0160617781680705,-0.02524053554263172,0.0682848992480313,4.11213231517754,2.78314568767283,-0.09168280135262319,-0.048398756661936916,6.238467311851429,5.7390160547255,-0.24030839262475479,0.007826372287796073,6.901717929129169,2.927065318066388,0.050376614196716324,0.11806475329594546,4.410688872707314,8.206948294699096,-0.09433003722945417,-0.15809544777444148,3.908988302718864,6.942228288383146,-0.11666161506069353,0.014550959193779635,6.987871321948291,8.778604949156946,0.08866205834538046,0.051374710330274194,5.6128057731259275,3.074491635500788,0.04328287727582575,0.026349564979358746,3.887655782437089,4.772679869183992,0.08167507760465557,0.03123170398070008,5.02210261250149,7.963944678625325,0.05712333180166543,0.10534547642297837,8.01187563696859,2.8276349022223384,-0.12909320030274904,0.021430269724817888
497,2.001405965316193,1.2674442018143288,-0.08100924762739152,-0.048173337194776386,5.9550844648353,6.516219134055852,0.0022111667232389666,0.04606845172978782,7.145406281605271,4.819230578593684,-0.14048919822960398,-0.09902906197157273,1.911712808907646,8.037215038427755,0.033770049943021845,0.004673985122468844,7.301043521093874,1.3990689070610922,0.00010477089603951918,0.025833545006555783,1.8433299993397845,3.8199179490911197,-0.010696624957398024,-0.03603588990709678,2.5747746265724065,5.366970952511184,0.040737397756634104,-0.021255181207397045,2.8582438079477357,4.15428891904329,0.026669105864531955,-0.08152701787532352,4.335167587038346,1.7281397989894574,-0.13276212482680216,-0.01345041385530271,8.866942880212,1.019476023130472,-0.018205851570034598,0.06902348028518013,4.107548175109909,2.7807257498397333,-0.09392125266957589,-0.049588054751530566,6.226451892220191,5.73940737333989,-0.22919285951127516,0.01490706657581144,6.904236759839004,2.9329685557311853,0.04237321542066194,0.11552866935180359,4.405972370845841,8.199043522310374,-0.11175771265546049,-0.15298874942532326,3.9031552219658296,6.9429558363428345,-0.1101424360145395,0.021079610908104587,6.99230442486556,8.78117368467346,0.08401421592325274,0.050572089550551265,5.614969916989719,3.075809113749756,0.041481863701821574,0.024819967953994108,3.891739536317322,4.774241454383026,0.07651815042138511,0.03319541383428962,5.024958779091573,7.969211952446474,0.05189699649967015,0.11873821989126297,8.005420976953452,2.828706415708579,-0.1387525651222757,0.030371461904736177
498,1.9973555029348233,1.26503553495459,-0.08385165194822759,-0.04571173409715876,5.955195023171462,6.518522556642342,0.00600868444012358,0.04737011258415722,7.138381821693791,4.814279125495106,-0.1333625323691895,-0.09471758718636403,1.9134013114047972,8.037448737683878,0.02934010124056728,0.0071712303075460344,7.301048759638676,1.40036058431142,-0.0035527891544479993,0.028480619132262932,1.8427951680919146,3.818116154595765,-0.0115672793168579,-0.03623940426233158,2.5768114964602384,5.365908193450814,0.04217143745368515,-0.0213449806979215,2.859577263240962,4.150212568149524,0.021656368277437648,-0.07976689960689329,4.328529480797006,1.7274672782966922,-0.12844310260344877,-0.01432436016066708,8.866032587633498,1.0229271971447311,-0.011054838702345464,0.0694269312268471,4.10285211247643,2.7782463471021566,-0.09577525924313375,-0.05073960298441378,6.214992249244627,5.74015272666868,-0.21899330524672972,0.021894926629589136,6.906355420610037,2.9387449891987756,0.03465367780488588,0.11269172034608059,4.400384485213069,8.191394084839107,-0.12927060186186995,-0.14803774585893895,3.8976481001651027,6.94400981688824,-0.10272307931078127,0.027229362228585886,6.996505135661723,8.783702289150987,0.07898638196975295,0.04956250058254251,5.61704401017481,3.0770501121474556,0.039648720989109286,0.02311338918520434,3.8955654438383913,4.77590122507474,0.07084158696473057,0.03510276749624402,5.027553628916557,7.975148863441038,0.04647141777135194,0.13117584512062164,7.998483348697339,2.830224988803816,-0.14778806749644793,0.03894176716277184
499,1.993162920337412,1.2627499482497322,-0.08633561703218431,-0.043040292847609365,5.955495457393468,6.5208910622715495,0.009342252268063567,0.04860972276814126,7.131713695075332,4.809543246135788,-0.12610103111653828,-0.0903496388628758,1.9148683164668256,8.037807299199255,0.024973743988565514,0.009834405137923136,7.300871120180954,1.401784615268033,-0.007374188217319932,0.03105222930733608,1.8422168041260716,3.8163041843826484,-0.012362851195410338,-0.03626767499564149,2.5789200683329225,5.364840944415918,0.043481673833189356,-0.021311630938743265,2.860660081654834,4.146224223169179,0.01658944857812639,-0.07772335231185935,4.322107325666834,1.7267510602886589,-0.12356562546421422,-0.01534229564158954,8.865479845698381,1.0263985437060734,-0.003804061815405461,0.06981577602702878,4.098063349514273,2.775709366952936,-0.09763413551616976,-0.05137097286760835,6.20404258398229,5.7412474730001595,-0.2096268525527905,0.028399996511266765,6.9080881045002815,2.9443795752160797,0.02753700242799379,0.10975213642613821,4.393920955119976,8.18399219754616,-0.14687594681302274,-0.1431996781932428,3.8925119461995634,6.945371284999669,-0.09505402086866549,0.03286024431295555,7.00045445476021,8.786180414180114,0.07360338107437198,0.048356065785046906,5.619026446224265,3.078205781606716,0.03780988081741453,0.021266300661995245,3.8991075231866277,4.777656363449553,0.0647634431743663,0.036828024498061246,5.029877199805124,7.981707655697069,0.040733600111377846,0.142717584971858,7.9910939453225165,2.8321720771619545,-0.15615221593442477,0.047124752498360296
500,1.9888461394858028,1.2605979336073516,-0.08846686865045042,-0.040170491810595836,5.9559625700068715,6.523321548409957,0.011397013245689414,0.049279945473371375,7.125408643519505,4.805025764192644,-0.11879414539723897,-0.08595644908991228,1.9161170036662538,8.03829901945615,0.020680361448220323,0.012652619099941625,7.300502410770088,1.4033372267334,-0.01139078988412806,0.03360671879325556,1.8415986615663011,3.8144908006328664,-0.013041483231261817,-0.036064573914799176,2.581094152024582,5.363775362868981,0.04468139202540909,-0.021164286731817784,2.8614895540837404,4.142338055553586,0.011468120268948038,-0.0754529661300876,4.315929044393624,1.7259839455065793,-0.11815747736920251,-0.016476246348160882,8.86528964260761,1.0298893325074248,0.003494851037597087,0.07018229665256791,4.093181642738465,2.7731408183095554,-0.09955041739511797,-0.05152514648625655,6.193561241354651,5.7426674728257225,-0.20100564865340698,0.03447089721970373,6.909464954621681,2.9498671820373867,0.021093805892883316,0.10678408234761887,4.386577157779325,8.176832213636498,-0.16401661991397107,-0.13801363563111568,3.88775924515613,6.947014297215317,-0.08730229972494295,0.03794579828686874,7.004134623813929,8.788598217469367,0.06795507245451514,0.046888427042868226,5.620916940265136,3.0792690966398157,0.0359887111877215,0.019282653427257372,3.902345695345346,4.779497764674455,0.058421501519684144,0.03829137561737091,5.031913879810693,7.988843534945662,0.034723624663127076,0.15333052650518508,7.983286334525795,2.8345283147868727,-0.16411260548892534,0.05488341534802499
501,1.9844227960532803,1.258589409016822,-0.09029252949012728,-0.03711732229933724,5.956532420669156,6.525785545683625,0.012267267881500267,0.049245361863121694,7.1194689362496435,4.800727941738148,-0.11150178532987141,-0.08158699351396928,1.917151021738665,8.038931650411147,0.016471498294166637,0.015611744030144585,7.299932871275882,1.4050175626730628,-0.010282164352931467,0.0315861710679953,1.8409465874047382,3.8126875719371265,-0.013622047745064345,-0.035637441302704895,2.5833282216258526,5.36271714853239,0.042602868166027416,-0.02384462360207087,2.862062960097188,4.138565407247082,0.006439408637053926,-0.07306797958792233,4.310021170525164,1.7251601331891713,-0.11604706316222085,-0.014924497815359015,8.86546438515949,1.0333984473400533,0.01085777108344975,0.07052052667852245,4.088204121868709,2.7705645609852425,-0.09652045402098008,-0.05262065545657677,6.18351095892198,5.7443910176867075,-0.1930720387207459,0.04004866597764307,6.9105196449163255,2.9552063861547677,0.015286909429846778,0.10412901449398927,4.378376326783626,8.169931531854942,-0.18018553762952053,-0.13244108824005868,3.883394130169883,6.94891158712966,-0.07969167618644885,0.0424737526715533,7.007532377436655,8.79094263882151,0.06212453380912844,0.045109416709747406,5.622716375824522,3.0802332293111787,0.03421313166070104,0.017182684748008086,3.9052667704213304,4.781412333455324,0.0518495261693042,0.039447022228375976,5.03365006104385,7.9965100612709215,0.028449748532546174,0.16295069233007523,7.975080704251349,2.837272485554274,-0.1718046549326471,0.06212956467935624
502,1.979908169578774,1.2567335429018551,-0.09185188199235411,-0.03393278731749043,5.957145784063231,6.528247813776781,0.012465232415663743,0.04864753151354224,7.11389384698315,4.79664859206245,-0.10444361489205861,-0.07694816256907354,1.9179745966533732,8.039712237612655,0.012352426557234834,0.018774940549161803,7.2994187630582354,1.4065968712264625,-0.009291142138637987,0.029735933184367885,1.8402654850174849,3.8109056998719915,-0.014170078553632346,-0.035034200807157245,2.585458365034154,5.361524917352287,0.04024458394592797,-0.026496475412585797,2.8623849305290405,4.134912008267686,0.0015086572388481687,-0.07058752726645254,4.304218817367053,1.7244139082984034,-0.1136571067102684,-0.013548685802656788,8.866007273713661,1.0369244736739793,0.018330429240798383,0.07076809580459945,4.0833780991676605,2.7679335282124136,-0.09327000747788258,-0.05388360486367745,6.173857356985943,5.74639345098559,-0.18568604348172651,0.045030188612268505,6.911283990387818,2.9604128368794673,0.010020339502511992,0.10168954036580256,4.36936704990215,8.16330947744294,-0.19440541624346935,-0.12653441211155203,3.8794095463605602,6.951035274763238,-0.07249512313497714,0.046444932618810345,7.010638604127111,8.793198109656998,0.05612767585307661,0.0430394373624588,5.624427032407557,3.081092363548579,0.03234713263261438,0.015027378744020298,3.9078592467297955,4.783384684566743,0.04504025429726059,0.04028356196253092,5.035072548470477,8.004657595887425,0.021944582538378846,0.17155520916409583,7.9664904715047165,2.840378963788242,-0.17925215694966828,0.06886802548834862
503,1.9753155754791563,1.2550369035359805,-0.09314060258521052,-0.030631542715883107,5.957769045684014,6.5306801903524585,0.012059168695079827,0.04790272281546921,7.108671666238547,4.792801183933996,-0.09787852089791799,-0.07166311631944547,1.918592217981235,8.040650984640113,0.008335093243412087,0.02211914147320069,7.298954205951303,1.408083667885681,-0.008415751072563616,0.02805148114983486,1.8395569810898034,3.809153989831634,-0.014685066037252989,-0.03427512173267015,2.5874705942314504,5.360200093581658,0.037641113784370774,-0.02917619239453322,2.862460363390983,4.131382631904363,-0.003333001606695693,-0.06799189939976714,4.298535962031539,1.7237364740082706,-0.11100624526817932,-0.012348028744149583,8.866923795175701,1.0404628784642094,0.02586263392839375,0.0709224388075409,4.078714598793766,2.7652393479692297,-0.08981370213795015,-0.05527672895232243,6.164573054811856,5.748644960416203,-0.1783632597135495,0.04929983658306414,6.911785007362943,2.9654973138977576,0.004894119142113699,0.09922278258399896,4.359646779089977,8.156982756837362,-0.20666697233239376,-0.1202610910492256,3.875784790203811,6.953357521394179,-0.06585734574688128,0.04991676124341648,7.013444987919765,8.795350081525122,0.050016712255182894,0.04063836762448797,5.626044389039188,3.08184373248578,0.030384714150906805,0.0129338067607425,3.9101112594446583,4.785398862664869,0.038040702047352146,0.04082898222735614,5.0361697775973955,8.01323535634563,0.015276977495921265,0.17916194126434418,7.957527863657233,2.8438223650626595,-0.18641818944278277,0.07514322111675324
504,1.9706585453498957,1.2535053264001863,-0.09422389725996466,-0.027219734478449675,5.958372004118767,6.533075326493232,0.01125691439079001,0.04721651367884904,7.103777740193651,4.789218028118023,-0.09157570671229863,-0.06584846938994299,1.9190089726434054,8.041756941713773,0.004498069940499375,0.02554981756093777,7.298533418397675,1.4094862419431726,-0.007606271940268961,0.026575792800379264,1.8388227277879408,3.8074402337450004,-0.01516077405996665,-0.0333838686599017,2.589352649920669,5.3587412839619315,0.034806712877211925,-0.031856593339779436,2.8622937133106485,4.127983036934374,-0.008091000862948936,-0.06530168790251993,4.29298564976813,1.723119072571063,-0.10810875507969989,-0.011327998346227781,8.86821692687212,1.0440090004045863,0.033411827429866224,0.07098284562955363,4.074223913686869,2.7624755115216137,-0.08631975124943563,-0.05674923404121799,6.155654891826178,5.751109952245356,-0.17078768519629944,0.05298182224445158,6.912029713320049,2.9704584530269575,-9.711818279253305e-06,0.09675827599512271,4.349313430473358,8.1509697022849,-0.21712911187926495,-0.11359376093319204,3.872491922916467,6.955853359456349,-0.05958626730931452,0.05292091040469568,7.015945823532524,8.797381999906346,0.043803598217073116,0.03795602356782207,5.627563624746733,3.0824904228238172,0.028127745533467533,0.010555585718288256,3.912013294547026,4.787440311776237,0.030967529120449373,0.04133842512859494,5.036933626472192,8.022193453408848,0.008521369175685058,0.18580759987659545,7.9482069541850935,2.8475795261184973,-0.1931872833138994,0.08120327936777653
505,1.9659473504868974,1.252144339676264,-0.09509419995202037,-0.023713415626144263,5.958934849838307,6.535436152177174,0.010223278580772424,0.04659284695093364,7.0991989548580365,4.785925604648527,-0.08521076809554601,-0.06014337318983446,1.9192338761404304,8.04303443259182,0.0008382117584267352,0.029063066943314442,7.298153104800662,1.4108150315831915,-0.006860927778281656,0.025319305002433526,1.8380646890849424,3.8057710403120053,-0.015508422993496503,-0.032398434287923654,2.5910929855645297,5.357148454294943,0.03175156244283712,-0.03451827879909521,2.861889163267501,4.124717952539248,-0.014897642680041831,-0.05917560558647894,4.287580212014145,1.7225526726537517,-0.10498143422384394,-0.010496375995266812,8.869887518243614,1.047558142686064,0.04096466873559895,0.07096621791999773,4.069907926124397,2.7596380498195527,-0.08279670770633527,-0.05828348712066216,6.1471155075663635,5.7537590433575785,-0.16295686943401802,0.056268563545868934,6.912029227729135,2.9752963668267136,-0.004626249880970942,0.094329479852783,4.338456974879395,8.14529001423824,-0.2256995817951318,-0.10630069827607419,3.869512609551001,6.9584994049765845,-0.05578677779627493,0.05179456562332671,7.018136003443378,8.799279801084737,0.0375129552999169,0.0351537326141263,5.628970012023406,3.0830182021097317,0.025540597358824017,0.007777411548926664,3.9135616710030483,4.7895072330326665,0.023885868492130587,0.041768218343020386,5.037359694930976,8.031483833402678,0.0016163782045966477,0.191425811876131,7.9385475900193985,2.8516396900868863,-0.19949443373742615,0.08704747939774575
506,1.9611926404892963,1.2509586688949568,-0.09574974710895034,-0.020127601314043852,5.959446013767345,6.53776579452472,0.009019896193015122,0.045925958659917415,7.094938416453259,4.782918435989035,-0.0787141508975556,-0.05447751472738157,1.9192757867283516,8.044487585938986,-0.002684213759013107,0.03263448598864353,7.297810058411748,1.4120809968333132,-0.006180213305153337,0.024294752288353906,1.8372892679352675,3.804151118597609,-0.0157135959643875,-0.03128048910485514,2.5926805636866717,5.355422540354988,0.02856830747073686,-0.03720534428868538,2.861144281133499,4.121759172259924,-0.02161732877098803,-0.05320944998295092,4.2823311403029525,1.7220278538539884,-0.10161908778329028,-0.009864261519673841,8.871935751680393,1.051106453582064,0.04846240405712071,0.07096504047942566,4.0657680907390805,2.7567238754635195,-0.07921561221945592,-0.059880655603502225,6.138967664094663,5.756572471534872,-0.1469835682021569,0.055168169881777106,6.911797915235086,2.9800128408193527,-0.00903364865619086,0.0919598392714732,4.327171995789638,8.139974979324437,-0.2573318800262567,-0.07859290694764401,3.866723270661187,6.961089133257751,-0.052204697715169696,0.05055698814399402,7.020011651208374,8.801037487715442,0.031183740727010405,0.03224920032313118,5.630247041891347,3.083407072687178,0.022564329201461078,0.004698292037978006,3.9147559644276546,4.791595643949817,0.016888281705383607,0.04211265619272829,5.037440513841206,8.041055123996484,-0.005345329566227785,0.19604269266553015,7.928572868332527,2.8559920640567737,-0.20517743449571643,0.09257653774985852
507,1.9564051531338489,1.2499522888292547,-0.0961870190764806,-0.016480181131219716,5.959897008576996,6.540062092457716,0.007743778257238412,0.04500199511688978,7.091002708908381,4.780194560252665,-0.07208436947255636,-0.0488075126245297,1.919141576040401,8.046119310238419,-0.005980549918123176,0.03594763810816086,7.29750104774649,1.4132957344477308,-0.005566520902313676,0.023504512883466944,1.8365035881370482,3.8025870941423663,-0.015760372572020138,-0.0300364167681516,2.5941089790602083,5.353562273140554,0.02526008242016828,-0.039925033821799814,2.8600634146949497,4.119098699760776,-0.028255827375285668,-0.047418923935601945,4.277250185913788,1.7215346407780048,-0.0980368348487152,-0.009431822604078429,8.87435887188325,1.0546547056060354,0.055962288126086626,0.0708207239789072,4.061807310128108,2.7537298426833443,-0.07556862454283543,-0.06153704651633306,6.131618485684555,5.759330880028961,-0.13235494030584802,0.054136387124286235,6.911346232802276,2.984610832782926,-0.013802692653120983,0.08947653039740257,4.314305401788325,8.136045333977055,-0.2835350534252282,-0.05516939764788891,3.8641130357754285,6.96361698266495,-0.04914203076255968,0.04942295585356515,7.021570838244724,8.802649947731599,0.02482960694223944,0.029131907762494184,5.6313752583514205,3.083641987289077,0.01889354735064626,0.0012667215080402615,3.9156003785129236,4.793701276759453,0.010004295411114045,0.04239727184070737,5.037173247362895,8.05085725862976,-0.013297019822823396,0.19962592162616344,7.918313996607741,2.8606208909442667,-0.21011289168062722,0.09774455586740556
508,1.9515958021800248,1.2491282797726937,-0.09640282663358661,-0.012791049617981762,5.960284197489858,6.5423121922135605,0.006549627138840699,0.04347662331578166,7.087398490434754,4.777754184621439,-0.06535420190482641,-0.04315560202148329,1.9188425485444947,8.047916692143827,-0.009086760671444824,0.03896909273299254,7.297222721701374,1.414470960091904,-0.005029157835044351,0.02296578426447259,1.835715569508447,3.8010852733039586,-0.015666963525489415,-0.028693669687080463,2.5953719831812165,5.351566021449464,0.021728844355998395,-0.04271653484467512,2.8586506233261852,4.116727753563995,-0.03482335770928149,-0.04181670535237574,4.272348344171352,1.7210630496478008,-0.09427450100858344,-0.009221228474329787,8.877156986289554,1.0581957418049808,0.0637418774214739,0.06994863398569855,4.058028878900966,2.7506529903575276,-0.07184419255125828,-0.06323581446895404,6.125000738669263,5.762037699385176,-0.11865297986139764,0.054060285153660195,6.91065609816962,2.9890846593027964,-0.01821539847690009,0.08672419186131887,4.300128649117064,8.13328686409466,-0.3045789724520799,-0.03686735337546612,3.8616559342373007,6.966088130457629,-0.046311190860397124,0.04862360140837591,7.022812318591836,8.804106543119724,0.01854952298790518,0.025821579413023092,5.632319935718953,3.083705323364479,0.014854618528963328,-0.002332928159699607,3.9161005932834794,4.795821140351489,0.0032129421854060376,0.04262167934688271,5.036508396371754,8.060838554711069,-0.02075458459399878,0.20251141433097214,7.907808352023709,2.865508118737637,-0.2143148749685577,0.10253347354301992
509,1.9467756608483455,1.2484887272917946,-0.09643542515887234,-0.00913092917547211,5.9606116788468,6.54448602337935,0.005358703611957573,0.04127298520919711,7.084130780339512,4.775596404520365,-0.058536877445273645,-0.037450778885153635,1.9183882105109225,8.049865146780476,-0.012246610017128876,0.041757351263192063,7.296971263809621,1.4156192493051276,-0.004596574145354714,0.0226906392823209,1.8349322213321726,3.7996505898196045,-0.015474925183132733,-0.02730273523094066,2.5964584253990166,5.34943019470723,0.01805897333866155,-0.04557703681204563,2.856909455440721,4.114636918296377,-0.04132143224083666,-0.03642029564709448,4.267634619120923,1.7206019882240844,-0.0904138247199787,-0.009234424446462748,8.880344080160627,1.0616931735042656,0.07169661720070783,0.06838270429718526,4.054436669273404,2.74749119963408,-0.06799971456992931,-0.06492223978975817,6.119068089676193,5.764740713642859,-0.10565516037811745,0.05473470514346959,6.9097453282457755,2.9934208688958623,-0.021934943632663715,0.08369151666210822,4.28489970049446,8.131443496425888,-0.320895393782055,-0.021208328063996088,3.859340374694281,6.968519310528047,-0.043807972358590866,0.0482763422566266,7.023739794741231,8.805397622090375,0.012263995639386807,0.02225558215519438,5.633062666645401,3.0835886769564937,0.010774068528891803,-0.005947807559237647,3.9162612403927497,4.797952224318833,-0.003519153592582397,0.04280303442977832,5.035470667142054,8.070964125427617,-0.027519754989373077,0.20464036912150474,7.8970926082752815,2.8706347924147884,-0.21765407953324828,0.10682592327067437
510,1.9419538895904018,1.248032180833021,-0.09633742469204876,-0.005605141956066936,5.960879614027398,6.54654967263981,0.004106196566092514,0.038853843342930384,7.081203936467248,4.773723865576107,-0.05167366336970831,-0.03172709907439123,1.917775880010066,8.051953014343637,-0.015419767589875153,0.04431482172640837,7.296741435102353,1.4167537812692437,-0.0043509553251642845,0.02270728735582698,1.834158475073016,3.7982854530580576,-0.015238201238587941,-0.02593403405236014,2.5973613740659496,5.347151342866628,0.014270171683488247,-0.04850185144607073,2.8548433838286793,4.112815903514022,-0.04772952909075503,-0.03125499997169756,4.263113927884924,1.7201402670017611,-0.0864691960342659,-0.009455815724781809,8.883928911020663,1.065112308719125,0.07955259431872312,0.06633441135484013,4.051036683544908,2.7442450876445923,-0.06409745957124538,-0.06659932469019696,6.113785331657287,5.767477448900033,-0.09366100413670052,0.05630781756420734,6.908648581064142,2.997605444728968,-0.02487304805356406,0.08041499494956664,4.268854930805357,8.130383080022687,-0.3333033835820314,-0.00805161600878979,3.8571499760763515,6.970933127640879,-0.04139887368870428,0.04818887815059025,7.0243529945232,8.806510401198135,0.006005649499002133,0.018418204204645256,5.633601370071846,3.083291286578532,0.006683259079338313,-0.009580485278234649,3.9160852827131207,4.800092376040322,-0.010214951632018738,0.04292442873014601,5.034094679392585,8.081196143883693,-0.033589783607351174,0.20592818158171863,7.886209904298619,2.875976088578322,-0.22012338559988054,0.1105980572319943
511,1.9371370183557994,1.2477519237352177,-0.09610821093274566,-0.002219436082696765,5.961084923855703,6.548492364806957,0.002681363551485085,0.036307951640755246,7.078620253298762,4.772137510622388,-0.04481568332701231,-0.026020707218316896,1.9170048916305722,8.054168755429957,-0.01858348080665677,0.04666790078463829,7.296523887336095,1.417889145637035,-0.004280748504199471,0.023029720660799925,1.8333965650110866,3.7969887513554395,-0.014975291483477201,-0.024608573063331925,2.598074882650124,5.3447262502943245,0.010356477435884831,-0.051490955463686046,2.8524569073741417,4.111253153515437,-0.0540711101373363,-0.026312257609079116,4.258790468083211,1.719667476215522,-0.08241985428114071,-0.009831426570876595,8.887906540736598,1.068429029286867,0.08722266902003233,0.06384685006189379,4.047831810566345,2.7409151214100826,-0.060144982816460794,-0.06823517882267043,6.109102281450452,5.770292839778244,-0.08256797326673973,0.058559794851440215,6.907404928661464,3.0016261944764464,-0.02712265847760581,0.07687031827317409,4.252189761626256,8.129980499222247,-0.34258469849148954,0.0036551780445263273,3.8550800323919163,6.973342571548408,-0.03900652615917375,0.048298092986856146,7.0246532769981505,8.807431311408367,-0.00021720691829618406,0.014354522319045167,5.633935533025813,3.0828122623146204,0.0025979444329750547,-0.013197741040454078,3.91557453513152,4.802238597476829,-0.01679601073026245,0.04298053060668984,5.032415190212218,8.091492552962778,-0.03899383462809264,0.20641338923439176,7.8752037350186255,2.881505991439922,-0.22135859984818013,0.11323013631919208
512,1.9323316078091621,1.247640951931083,-0.09574310119105789,0.0010172984118701524,5.9612189920332765,6.550307762388995,0.001000522627102875,0.03368033619639308,7.076379469132411,4.770836475261472,-0.038020218125872855,-0.02035431268659006,1.9160757175902394,8.05650215046919,-0.021725198046871116,0.048844915172782305,7.296309849910885,1.419040631670075,-0.004369499820270028,0.02365163305638153,1.8326478004369127,3.7957583227022726,-0.014688738055900182,-0.023343332882094465,2.5985927065219183,5.34215170252114,0.006314333688674329,-0.05454379528675323,2.849753351867275,4.109937540634983,-0.060354916401736784,-0.021554277724335425,4.254669475369154,1.7191759048869781,-0.07823917518336906,-0.010304586355327721,8.892267674187599,1.0716213717899616,0.094616568580007,0.060961443783820006,4.044824561425522,2.7375033624689493,-0.05615147161650962,-0.06981746514329716,6.104973882787116,5.773220829520816,-0.07457261441220749,0.06039498107214573,6.906048795737584,3.005469710390105,-0.029059127704681387,0.07296900130258731,4.235060526701681,8.130163258124474,-0.33627716212788783,0.003849030731315214,3.8531297060839576,6.975757476197751,-0.03663098453176668,0.048593481429320316,7.024642416652235,8.80814903752432,-0.006396697231230106,0.010099402235355477,5.634065430247461,3.0821523752625977,-0.0014645483399617666,-0.016770337277517484,3.9147347345950068,4.8043876240071635,-0.02323381900548523,0.04296348566462051,5.0304654984808135,8.101813222424498,-0.04373969688855349,0.2060998350191468,7.8641358050262165,2.8871674982558817,-0.22075987752440485,0.1144924052088875
513,1.9275444527496093,1.2476918168516764,-0.0952383381391904,0.004098050717556626,5.961269018164631,6.551991779198814,-0.0006538188172702558,0.030880226400167056,7.0744784582261175,4.769818759627142,-0.031350264660411124,-0.014753673626450402,1.9149894576878959,8.058944396227828,-0.024717248024054457,0.05089483941974914,7.296091374919871,1.420223213322894,-0.004607009801067796,0.024489686748513765,1.8319133635341176,3.7945911560581678,-0.014404898129776562,-0.022143850035089337,2.598908423206352,5.3394245127568025,0.0021395427847484324,-0.057658964059391075,2.8467356060471882,4.108859826748767,-0.06660948807799105,-0.017018581441352598,4.250757516609985,1.7186606755692118,-0.07394342931885853,-0.010870882122530694,8.896998502616599,1.0746694439791526,0.10160443980965558,0.05778882600563798,4.042016987844697,2.7340124892117843,-0.05210205349493331,-0.0713447193335931,6.101245252066505,5.7762405785744235,-0.06657799689044464,0.06192779358183148,6.90459583935235,3.0091181604552344,-0.030616867156208982,0.06882273271130256,4.218246668595286,8.13035570966104,-0.32843810974875653,0.0043526964523591585,3.851298156857369,6.978187150269218,-0.03415781682921102,0.04903237478288684,7.024322581790674,8.808654007636088,-0.012544130676087704,0.005822099538054566,5.633992202830464,3.0813138583987216,-0.005490283673523664,-0.020261402556166815,3.9135730436447327,4.806535798290395,-0.029503279922004397,0.04285096004645105,5.028278513636386,8.112118214175455,-0.04806345842622458,0.2049826015527898,7.853097811149996,2.892892118516326,-0.21785408142867596,0.11438975161000896
514,1.9227825358426498,1.2478967193875543,-0.09459047513855907,0.007017275926017911,5.961236327223768,6.553535790518822,-0.002322379694712616,0.02786097118672759,7.072910944993097,4.76908107594582,-0.02488563429503942,-0.009232528908518655,1.913753595286693,8.061489138198816,-0.027573666886993337,0.052892060867276554,7.295861024429818,1.4214476976603196,-0.004955389264025178,0.025440186838188952,1.8311931186276287,3.7934839635564135,-0.014218876876309955,-0.021018829035627924,2.599015400345589,5.3365415645538326,-0.0022048263137956882,-0.06083253923717981,2.843405131643289,4.108008897676699,-0.0728313476076055,-0.012710670268843404,4.2470603451440425,1.7181171314630852,-0.06954671877403393,-0.0115256468287996,8.902078724607081,1.0775588852794344,0.10801016886506025,0.054519109653413625,4.03941188516995,2.7304452532451045,-0.047986003713491626,-0.07279363988900586,6.097916352221983,5.779336968253515,-0.058600824158091425,0.06307998684872987,6.90306499599454,3.0125592970907995,-0.03159414453941726,0.06444049529181652,4.201824763107848,8.13057334448366,-0.312132867269909,0.004330218546918549,3.8495902660159085,6.980638769008362,-0.03161188265872648,0.0496420920681474,7.02369537525687,8.80894511261299,-0.018652611740526525,0.0015402743383313225,5.6337176886467875,3.0803007882709132,-0.009486315777419804,-0.023630236589775252,3.9120978796486323,4.808678346292718,-0.03557987548172062,0.042635877174723405,5.025875340715075,8.122367344253094,-0.05222710549675166,0.2031090269606167,7.842205107078562,2.8986116060968263,-0.2133812732613376,0.11337979905366707
515,1.9180530120857218,1.2482475831838553,-0.0937957366074464,0.00977244531019941,5.9611202082390315,6.554928839078158,-0.004006810308826424,0.024525804091662474,7.071666663278346,4.768619449500394,-0.01868414465277696,-0.0038060877754963456,1.9123749119423434,8.06413374124218,-0.03033196346611588,0.05491168062272347,7.295613254966616,1.422719707002229,-0.005394622596897569,0.026437440066167897,1.8304821747838131,3.7924330221046323,-0.014163260154799068,-0.019971730678397498,2.5989051590298993,5.333499937591974,-0.006698374662341716,-0.06405697319571023,2.8397635642629084,4.107373364163257,-0.0789929677029777,-0.008612531683156722,4.243583009205341,1.7175408491216453,-0.06502445216257706,-0.012254913615747447,8.907479233050335,1.080284840762105,0.11379071374211255,0.05115981236296925,4.037012584984275,2.726805571250654,-0.0438149906264574,-0.07413543683478638,6.094986311014078,5.782490967595952,-0.05063428787459838,0.06384886418175997,6.901485288767569,3.0157813218553904,-0.03208281284707927,0.05984997875438861,4.186218119744352,8.130789855411006,-0.29518527447501386,0.004611059730767228,3.848009671882972,6.983120873611769,-0.02883635214162519,0.05051378662179087,7.022762744669843,8.809022126329907,-0.024721149497327177,-0.002672948150429626,5.633243372857916,3.0791192764414244,-0.013486889010189771,-0.02690984321521299,3.9103188858745463,4.810810140151454,-0.04140979274868553,0.04231489026027496,5.023263985440237,8.132522795601124,-0.0562299600973004,0.20058545179623902,7.831536043415495,2.9042805960495097,-0.207799344844251,0.11172847975104858
516,1.9133632252553494,1.2487362054493654,-0.09285015995456192,0.01236354620411411,5.96091986772359,6.556155129282741,-0.005741125540268875,0.020936303232282707,7.0707324560457065,4.76842914511162,-0.012782959229641202,0.0014795377567731324,1.9108583137690376,8.066879325273316,-0.032999616654225274,0.05698407731088675,7.295343523836771,1.4240415790055374,-0.005895897286929574,0.027357371913770027,1.8297740117760732,3.7914344355707126,-0.014251628883555972,-0.019015458623933872,2.598570240296782,5.330297088932188,-0.01130940153056586,-0.06735758971337323,2.8358139158777593,4.106942737579099,-0.0851217799117494,-0.00475629854829096,4.240331786597212,1.716928103440858,-0.06039249139804974,-0.013052046297802681,8.91316876873744,1.0828428313802536,0.11891459797296468,0.04771706558960709,4.034821835452952,2.723098799408915,-0.03957810397613353,-0.0752083077747564,6.092454596620348,5.78568341080504,-0.04269583580960738,0.06425987261985543,6.899881148125215,3.01877382079311,-0.0316638361527338,0.055341841423975746,4.171458856020601,8.131020408397545,-0.278622182302868,0.005478650504617907,3.8465678542758908,6.985646562942859,-0.025873928280598424,0.05158453014160369,7.021526687194977,8.808888478922386,-0.030734058984217015,-0.00680010227719297,5.632569028407407,3.0777737842806636,-0.017463569721101524,-0.03007286539064424,3.908248396237112,4.812925884664468,-0.046932351214285545,0.041889292747180416,5.020452487435372,8.142552068190936,-0.06002833798371493,0.19746076080906927,7.8211460761732825,2.909867020037062,-0.20129481065931829,0.10952765330731679
517,1.9087207172576213,1.249354382759571,-0.09175021062447045,0.014791529301846178,5.960632811446577,6.557201944444356,-0.007605818481576897,0.01743011700031192,7.070093308084225,4.7685031219994585,-0.007007470689110997,0.006592383207412857,1.9092083329363263,8.06972852913886,-0.035529785768695754,0.05903017605724609,7.295048728972425,1.425409447601226,-0.006452063011922326,0.02819073621047456,1.8290614303318955,3.7904836626395157,-0.014550419889763438,-0.018165517530459245,2.598004770220254,5.326929209446519,-0.016031554553451184,-0.07071228552524095,2.8315578268821717,4.1067049226516845,-0.09122074956499819,-0.001138013115833036,4.237312162027309,1.7162755011259678,-0.05567284959335461,-0.013935738335116857,8.91911449863609,1.0852286846597339,0.12334447142455522,0.04419559374648365,4.032842930254145,2.719338384020177,-0.03522992353308505,-0.0759170416929017,6.090319804829868,5.788896404436033,-0.03486494032611358,0.06435311973849425,6.898297956317578,3.0215409128643085,-0.03045097141105079,0.0510066872035139,4.157527746905458,8.131294340922775,-0.2625747835568544,0.006932029766856649,3.8452741578618608,6.988225789449939,-0.02281094207060983,0.0527403756831107,7.0199899842457665,8.808548473808527,-0.036660841249522534,-0.010850455819163222,5.6316958499213525,3.0762701410111313,-0.021409853553293945,-0.03310265088217037,3.9059017786763977,4.815020349301827,-0.05213749259471481,0.041354983812596155,5.017451070536186,8.152425106231389,-0.06373650573037802,0.19371300961781085,7.811081335640316,2.915343402702428,-0.1939841758078626,0.10681823831111002
518,1.9041332067263979,1.2500939592246634,-0.09050289328052018,0.017063758012199552,5.9602525205224985,6.558073450294371,-0.009740265653861022,0.013991110418409416,7.069742934549769,4.768832741159829,-0.0013726979115536234,0.011532433302732605,1.9074318436478914,8.072680037941723,-0.03784173631817905,0.06089637047680891,7.294726125821829,1.4268189844117498,-0.007042313653029885,0.028917083394283245,1.8283339093374074,3.789575386762993,-0.015047546841577136,-0.017496201560887773,2.5972031924925814,5.3233935951702565,-0.020859612364115362,-0.0741175387418652,2.8269967894039216,4.106648021995893,-0.09739059212111716,0.0022635766503117166,4.234528519547641,1.715578714209212,-0.050882507739259154,-0.014881001225425954,8.925281722207316,1.087438464347058,0.1270500966605896,0.04060012869733604,4.031081434077491,2.7155425319355317,-0.030747387142661276,-0.07619070503396944,6.088576557813562,5.792114060422958,-0.027131397853989478,0.06414985274253526,6.896775407747026,3.0240912472244843,-0.028770099939288134,0.046777969742285534,4.144399007727616,8.131640942411117,-0.24704264759341443,0.008814885919808366,3.8441336107583304,6.990862808234095,-0.0196913437415426,0.05396977708156084,7.018156942183291,8.808005951017568,-0.04246020368545946,-0.014886126501951117,5.630625357243688,3.0746150084670227,-0.02532563917887092,-0.0359862366108753,3.903294904046662,4.817088098492457,-0.057006612790222816,0.040693354886423304,5.0142642452496675,8.162110756712279,-0.06736808895908533,0.18939074192154945,7.801382126849923,2.9206843146179833,-0.1860339324540189,0.10361551422685195
519,1.8996080620623719,1.2509471471252733,-0.08907499025417778,0.019267000306689888,5.959765507239806,6.558773005815292,-0.011884023071659065,0.01067268030759723,7.069674299654191,4.769409362824966,0.004087230228490589,0.01632447984966864,1.9055397568319825,8.075724856465563,-0.03992854447812645,0.0625830550778178,7.294374010139178,1.428264838581464,-0.007661646145381417,0.02953448222813923,1.8275815319953286,3.7887005766849486,-0.015750426046923244,-0.017027572940158924,2.5961602118743756,5.319687718233163,-0.025815977368297223,-0.077529601044097,2.822127259797866,4.106761200828409,-0.10365156235598806,0.005434973278333911,4.231984394160678,1.7148346641479408,-0.04601607496817246,-0.01585804158703899,8.931634227040346,1.0894684707819249,0.1300309301612133,0.03694507539469036,4.0295440647203575,2.7117329966838333,-0.026161512689474288,-0.07606874244056672,6.087219987920863,5.795321553060084,-0.019477436523337242,0.06369303692421058,6.895336902750062,3.0264301457115987,-0.02695242202419185,0.04270505546973877,4.132046875347945,8.132081686707108,-0.2320958039096948,0.011012460557638624,3.843149043571253,6.993561297088172,-0.016565369950658583,0.05528293343673323,7.016033931999018,8.80726164469247,-0.04812350808888373,-0.01889762675622453,5.629359075284745,3.072815696636479,-0.02876186371397853,-0.03863274188475387,3.9004445734071505,4.819122766236778,-0.06153135522961205,0.03989978060166116,5.010895840801713,8.171580293808356,-0.07100097454928099,0.18457194816279948,7.792080430227222,2.9258650903293257,-0.17754495549860508,0.09995239790588427
520,1.895154312549663,1.2519104971406079,-0.08745512450887177,0.02142898650124088,5.959171306086223,6.559306639830671,-0.014058353201878523,0.007452308033079216,7.069878661165616,4.77022558681745,0.009114268832511662,0.020919399307700294,1.9035433296080762,8.078854009219453,-0.04176868701130955,0.06408270691591181,7.293990927831909,1.429741562692871,-0.008299272048272577,0.030041637801134773,1.8267940106929823,3.7878491980379407,-0.01665533519573554,-0.01675074016867139,2.5948694130059606,5.315811238180958,-0.031033723640980365,-0.08057613748971466,2.8169446816800665,4.107032949492325,-0.11000267418526892,0.00839872539161659,4.22968359041227,1.7140417620685888,-0.0410915131397976,-0.01678694598258948,8.938135773548407,1.0913157245516594,0.13228886102113668,0.033237520458281364,4.028235989085884,2.707929559561805,-0.021498656602385702,-0.0755813386361304,6.086246116094696,5.798506204906295,-0.0119797563361119,0.06296657043798008,6.893989281648852,3.0285653984850858,-0.025076452256621355,0.038830492416488456,4.120442085152461,8.13263230973499,-0.21808609574357238,0.013450884153961161,3.8423207750737203,6.996325443760009,-0.013338935138708853,0.05669779021705364,7.013627756594573,8.80631676335466,-0.053653912015852304,-0.022876050902995965,5.627920982099046,3.0708840595422413,-0.031410024693130256,-0.04098546331511514,3.89736800564567,4.821117755266862,-0.06572597436368054,0.03894337685818548,5.007345792074249,8.180808891216495,-0.07435986652814089,0.17951973218429626,7.783203182452292,2.93086271022462,-0.16857809085312397,0.09586151097029257
521,1.8907815563242194,1.25298194646567,-0.08563999245716546,0.02355379355355516,5.9584683884261285,6.559679255232325,-0.016217065425050713,0.004551410135299274,7.070334374607241,4.7712715567828345,0.013717155568904637,0.025318268658252853,1.9014548952575108,8.082058144565249,-0.043375305996843264,0.06540222532185591,7.293575964229495,1.4312436445829275,-0.008951137128271548,0.030433266161510535,1.8259612439331956,3.7870116610295073,-0.01775176151879176,-0.016647155736162593,2.5933177268239116,5.311782431306472,-0.03627514785880053,-0.08356268055651431,2.8114445479708032,4.107452885761906,-0.11642261745833639,0.011201798283746012,4.22762901475528,1.7132024147694593,-0.03617686803419724,-0.017620580549105164,8.944750216599463,1.0929776005745735,0.1338263553825373,0.029483010845363464,4.027161056255765,2.7041504926299984,-0.01690537366438216,-0.0746040678653124,6.08564712827789,5.801654533428194,-0.004641076009173271,0.06202815165100732,6.892735459036021,3.0305069231059103,-0.02314973993736648,0.035132400089966584,4.109537780365282,8.133304853942688,-0.204944597773945,0.016104926062642553,3.841653828316785,6.999160333270861,-0.009961005808836722,0.0582557994727311,7.01094506099378,8.80517296080951,-0.05902752815991339,-0.026694822518620393,5.62635048086439,3.0688347863764855,-0.03333618641447902,-0.043053785653279,3.894081706927486,4.8230649241097705,-0.06958944797277039,0.037826003320913265,5.003627798747842,8.18978487782571,-0.07738160557888685,0.17429950971115174,7.774774277909636,2.9356557857731347,-0.15916656065645726,0.09139403592854548
522,1.8864995567013612,1.2541596361433478,-0.08064857954932664,0.022727178179019838,5.957657535154876,6.55990682573909,-0.018220075414908388,0.0020950075429383005,7.0710202323856866,4.772537470215747,0.017895219885415793,0.02951749746653666,1.8992861299576687,8.08532825583134,-0.044790161193915295,0.06652990282582916,7.293128407373081,1.432765307891003,-0.009613352182306734,0.030705971311347374,1.825073655857256,3.786179303242699,-0.019043811776116932,-0.01671168770017967,2.5915039694309714,5.307604297278647,-0.0413938289766928,-0.08643719892863277,2.805623417097886,4.108012975676093,-0.11615441183053736,0.017160638162185916,4.22582017135357,1.712321385742004,-0.031271986541940126,-0.018432490712716337,8.95144153436859,1.0944517511168417,0.13474610012743418,0.02570997946161064,4.026315787572546,2.7004202892367326,-0.012548114688876334,-0.07302667750746042,6.085415074477432,5.804755941010744,0.0025442058039714137,0.060926434018743425,6.891577972039152,3.0322635431104086,-0.021189303310097687,0.03157676062928372,4.099290550476585,8.13411010024582,-0.1926133221320268,0.01893925414037607,3.841155778026343,7.002073123244498,-0.0064631277192895645,0.05991117375383948,7.007993684585784,8.80383821968358,-0.06422397843807634,-0.03030350862303724,5.624683671543665,3.0666820970938216,-0.03177773953032374,-0.043657583172858526,3.8906022345288473,4.824956224275816,-0.07313180304824894,0.03654424762393112,4.999758718468898,8.198499853311269,-0.08041430890403925,0.1687186079840714,7.766815949876813,2.940225487569562,-0.14924429614010365,0.08651448119491148
523,1.882467127723895,1.2552959950522988,-0.07565649385405991,0.021972731409886627,5.95674653138413,6.560011576116237,-0.02004289311302946,-6.095038685171965e-05,7.071914993379957,4.774013345089074,0.02173770781666732,0.03353968259844412,1.897046621897973,8.088654750972632,-0.04607128144950478,0.0674426191586522,7.292647739763966,1.4343006064565704,-0.010283983784713235,0.030831151996774414,1.82412146526845,3.78534371885769,-0.020420491688326443,-0.016870186380864387,2.5894342779821367,5.303282437332215,-0.04636859766000712,-0.08887832447800878,2.7998156965063594,4.108871007584202,-0.11594014095567946,0.022876421475102673,4.224256572026473,1.7113997612063683,-0.026398954791618738,-0.01926280902580833,8.95817883937496,1.0957372500899223,0.13511638355228847,0.021939284952462043,4.025688381838102,2.6967689553613594,-0.008321586953285397,-0.07058628956556351,6.08554228476763,5.807802262711681,0.009592950512271051,0.059712244284433516,6.890518506873647,3.0338423811418727,-0.01921144573527717,0.02809949792371922,4.089659884369984,8.13505706295284,-0.1810522949627992,0.02191868674558304,3.8408326216403785,7.00506868193219,-0.00286363861156156,0.06163652314285611,7.00478248566388,8.802323044252429,-0.06923439293414052,-0.03369232809403887,5.623094784567149,3.0644992179351784,-0.030568454792617557,-0.044122621079400945,3.8869456443764347,4.826783436657013,-0.07640573307632988,0.035116561875145384,4.995738003023695,8.206935783710472,-0.08346987880610167,0.16289917442906443,7.759353735069808,2.9445512116293076,-0.1389507289594701,0.08130996789842654
524,1.878684303031192,1.2563946316227932,-0.07067529271198723,0.02127821785613313,5.955744386728479,6.560008528596894,-0.02162646521760271,-0.0019312705654200828,7.073001878770791,4.775690329218996,0.025282001905746223,0.03738800768706431,1.8947430578254976,8.092026881930565,-0.047231264205285,0.068146014083874,7.2921335405747305,1.4358421640564092,-0.010958800750770058,0.030815083080763278,1.8231004406840339,3.784500209538647,-0.0218902189213787,-0.017113207439714378,2.587115848099136,5.298838521108315,-0.05120157955938781,-0.09092789668504242,2.7940186894585755,4.110014828657958,-0.11576037968003039,0.028361973651935827,4.222936624286892,1.7104366207550779,-0.021539157135082636,-0.02002232218974745,8.964934658552576,1.0968342143375454,0.13492109228644317,0.018183991165936317,4.025272302490438,2.6932396408830814,-0.004198279933813275,-0.06738202172100574,6.086021932293244,5.810787874925903,0.016529978234868174,0.05839625205202142,6.889557934586883,3.0352473560380586,-0.017257065684975616,0.02465457148300343,4.080607269621844,8.136152997290118,-0.170209353261387,0.024980233689664823,3.8406894397098004,7.008150508089333,0.0008258199821645981,0.0634499935288248,7.001320766017173,8.800638427847726,-0.07405064753502305,-0.03687300143996229,5.621566361827518,3.0622930868812084,-0.029775167262076137,-0.0444549701292597,3.8831253577226184,4.82853926475077,-0.07939547411858623,0.033541360684137295,4.99156450908339,8.215080742431926,-0.08670039728127657,0.15682378064799848,7.752406198621834,2.948616710024229,-0.1284190740055135,0.07589702013939428
525,1.8751505383955926,1.2574585425155997,-0.06571178036583875,0.020634178260633497,5.954663063467598,6.559911965068623,-0.02292726692689703,-0.003639251906007222,7.074265978866078,4.777559729603349,0.02858345400602317,0.04106809270534148,1.8923814946152333,8.095434182634758,-0.04828193427772133,0.06864592359471,7.291585600537192,1.4373829182104474,-0.011633711966671434,0.03066831161393812,1.822005929737965,3.7836445491666613,-0.023477063320950117,-0.017431154517279272,2.5845557691211667,5.294292126274063,-0.05582864603752101,-0.09259527385149244,2.788230670474574,4.111432927340554,-0.11561063604854827,0.03361875500648237,4.221859666430138,1.7094355046455905,-0.016685879481626902,-0.020670698023154493,8.971680713166897,1.0977434138958422,0.13414707009468024,0.014460785539925422,4.0250623884937475,2.689870539797031,-4.545185137099124e-05,-0.06370475712001354,6.086848431204987,5.813707687528503,0.02336067574153436,0.05700238746879736,6.888695081302634,3.036480084612209,-0.015328306691230767,0.02123226835774117,4.072096801958774,8.137402008974602,-0.1598864933780786,0.028100126130401117,3.8407307307089087,7.011323007765774,0.0047593439500267275,0.06550542897025918,6.997618233640422,8.798794777775727,-0.0786652529171079,-0.03985718490788689,5.620077603464414,3.060070338374745,-0.029496751358627078,-0.044674190308392814,3.879155584016689,4.8302163327849765,-0.08207226395368164,0.031852415949504324,4.9872294892193265,8.222921931464326,-0.0900789155795449,0.1505129652838761,7.745985244921559,2.952411561031199,-0.11773389685812505,0.07032545846015024
526,1.8718649493773007,1.2584902514286314,-0.060769901152982454,0.02004365395038739,5.953516700121254,6.559730002473322,-0.02398150806261347,-0.005247330087750844,7.0756951515663795,4.779613134238616,0.031736580692834616,0.044598453836175105,1.8899673979013472,8.098866478814493,-0.049235713274784966,0.06894972225255198,7.291003914938859,1.4389163337911444,-0.012305153447188822,0.030404516846267785,1.8208320765719175,3.7827729914407975,-0.025216576077416984,-0.017818660215297048,2.581764336819291,5.289662362581488,-0.06013722701722587,-0.09388346685011033,2.7824501386721465,4.113113865090878,-0.1154763404508758,0.038615009674122104,4.221025372456056,1.7084019697444328,-0.011836970103575144,-0.021182500988929626,8.97838806667163,1.0984664531728385,0.13280078035566753,0.010772530587494698,4.025060115901179,2.68668530194103,0.00416594673525983,-0.059725792433619806,6.088016464992064,5.816557806901943,0.03007779287229074,0.05554719492150584,6.887928665968072,3.037541698030096,-0.013454775126160615,0.01780405394183331,4.06410247728987,8.138807015281122,-0.15001513867894375,0.03127021741670273,3.84096869790641,7.014598279214287,0.008921854807012772,0.06780600564966774,6.9936849709945665,8.796801918530333,-0.08306873715728219,-0.04263742810348024,5.618602765896482,3.0578366288593255,-0.02973345220637202,-0.04478109297338577,3.875051970819005,4.831808953582452,-0.08443244285642688,0.03005071412811751,4.982725543440349,8.23044757972852,-0.093392139969694,0.14423719000030102,7.7400985500786526,2.9559278339542066,-0.10692818868818792,0.06460451860040235
527,1.8688264543196516,1.2594924341261506,-0.055849874120487905,0.019534003457346707,5.952317624718123,6.559467635968934,-0.024717382909191114,-0.006738440207719496,7.077281980601021,4.781843056930425,0.0347882422065804,0.047993382410737175,1.887505612237608,8.10231396492712,-0.05010716037602036,0.069072918103308,7.290388657266499,1.4404365596334578,-0.012975846144356219,0.03005953906229725,1.8195712477680466,3.781882058430033,-0.02707231640107974,-0.018315158198409977,2.5787574754684295,5.284968189238983,-0.06405376589650119,-0.09481247965160851,2.7766763216496027,4.115044615574584,-0.11534507649444824,0.043324642741372356,4.220433523950877,1.7073428446949863,-0.006992866350008401,-0.02154019318868881,8.985028105689414,1.0990050797022133,0.13088990797076172,0.007102415191114273,4.025268413237942,2.6836990123193494,0.008400296462890446,-0.05544010001003773,6.089520354635678,5.819335166648019,0.03668223859797014,0.05402147257058063,6.887255927211764,3.0384319007271876,-0.011655926690877907,0.014335184687840275,4.056601720355923,8.140370526151957,-0.1289300626448747,0.03186271044973932,3.841414790646761,7.0179885794967705,0.013364611802571511,0.07043225465754843,6.989531534136702,8.794670047125159,-0.08486222937017376,-0.04138129104161611,5.617116093286164,3.055597574210656,-0.030480631818889378,-0.044781278741680385,3.8708303486761837,4.833311489288858,-0.08646277412533347,0.028136824444334456,4.978055936441864,8.237659439228535,-0.09664078868769346,0.1379830556731278,7.734752140644243,2.959158059884227,-0.0960372101134351,0.058789054714737415
528,1.8660339606136271,1.260469134299018,-0.0509576865549228,0.019093119588041454,5.951081755572663,6.559130713958548,-0.02525716294480608,-0.008086086231797627,7.07902139271135,4.784242726050962,0.03777181137413478,0.05130062733742823,1.885000254218807,8.105767610832286,-0.05088125595600216,0.06903621294023334,7.289739864959281,1.4419395365865728,-0.013646180468596903,0.029674162740214075,1.8182176319479926,3.780966300520112,-0.029099324711040108,-0.01891025045962006,2.5755547871736044,5.280227565256403,-0.0675355119889399,-0.09536441069942062,2.7709090678248804,4.117210847711653,-0.11520972961985355,0.04774404887228228,4.220083880633377,1.706265835035552,-0.0021396989651455006,-0.021686058664913382,8.991572601087952,1.099360200461769,0.12842396807644313,0.0034405885656479257,4.025688428061087,2.6809270073188474,0.012684703661319553,-0.050881065528393096,6.091354466565577,5.822036240276548,0.04319244118462098,0.052261174370628986,6.88667313087722,3.0391486599615796,-0.009942160905779832,0.010800700778233342,4.050155217223679,8.141963661674444,-0.1096423467926141,0.03279602652032576,3.8420830212368893,7.0215101922296475,0.018437008051150536,0.07353484461496448,6.9852884226681935,8.792600982573077,-0.08614637158125336,-0.04005152585217705,5.615592061695219,3.053358510273572,-0.03169168681454539,-0.04469201731113188,3.866507209969917,4.834718330511074,-0.08816355131327692,0.02611103896091456,4.973223897007479,8.244558592012192,-0.0997728998943442,0.131867397836929,7.7299502801385716,2.962097512619964,-0.0850885714954427,0.052909429409204005
529,1.863486076285881,1.26142379027842,-0.04609570736838792,0.018721289911599607,5.949818897425423,6.558726409646958,-0.025623339982164366,-0.009287532027393273,7.080909983280057,4.786807757417834,0.04064044844419456,0.05451148000511755,1.8824561914210067,8.109219421479297,-0.051544272319980544,0.06876580317458002,7.289057555935851,1.4434232447235835,-0.01426542541662642,0.029138003081409538,1.8167626657124405,3.780020787997131,-0.03129342421181545,-0.019593666373574438,2.5721780115741573,5.2754593447214315,-0.0706060784196278,-0.09558985323093926,2.7651485813438876,4.119598050155267,-0.11506415011786705,0.05187843155234076,4.21997689568512,1.7051815321023063,0.0027277161649928968,-0.02159662512595309,8.997993799491775,1.0995322298900514,0.1255772968080992,-0.00017809919816223242,4.0263226632441524,2.6783829540424278,0.01702426154744321,-0.04608679088532955,6.093514088624809,5.824649298995079,0.049623975325923095,0.05032168970732132,6.886176022831931,3.0396886950004913,-0.008390496657670967,0.007177043104636006,4.044673099884048,8.14360346300046,-0.091919521086609,0.0339522892943462,3.843004871639447,7.025186934460396,0.02415440143453429,0.0768166402209816,6.980981104089131,8.790598406280468,-0.08693149476557667,-0.03865135416621318,5.614007477354492,3.0511239094080156,-0.03334611096036315,-0.04451786619461544,3.8620990324042532,4.83602388245912,-0.08963986187934463,0.024010744691293186,4.968235252012762,8.251151961904037,-0.10280959002517401,0.12585622694302145,7.725695851563799,2.964742984090424,-0.07413236606779607,0.046998437159357545
530,1.8611812909174614,1.262359854774,-0.041264616426362734,0.018379328122654706,5.948537730426315,6.5582620330455885,-0.025818246052992804,-0.010341961849063329,7.082942005702266,4.78953333141809,0.04334747459799743,0.057616368094118735,1.8798789778050078,8.112657711638025,-0.052103451059766694,0.06825230929953842,7.288344284665019,1.444880144877654,-0.014825729566611734,0.028486591881467307,1.8151979945018497,3.7790411046784524,-0.03360656908936843,-0.020375435958438815,2.568647707653176,5.270679852059884,-0.07320849730426277,-0.0954887107262211,2.7593953738379944,4.122191971732884,-0.11488763357006794,0.05575076688199259,4.2201132814933695,1.7041017008460086,0.00760758941094741,-0.021264150673509667,9.00427266433218,1.0995233249301433,0.12240177553865855,-0.0037428894619342436,4.027173876321525,2.676078614498161,0.02139542628657514,-0.04109617220938236,6.095995287391105,5.8271653834804455,0.05598482208381189,0.04823269722340742,6.885756497999047,3.0400475471557233,-0.006988342465342514,0.0034793888722532314,4.040077123829717,8.145301077465177,-0.07539615690032207,0.035144413947953805,3.8442125917111736,7.029027766471445,0.03037870475458453,0.08001356700847721,6.976634529350852,8.788665838572157,-0.08722849092691834,-0.03718449009815207,5.612340171806474,3.048898016098285,-0.03542526141357302,-0.044259992170514836,3.857617039310286,4.837224419693684,-0.09093290604412142,0.021849433146815245,4.963094772511503,8.257444773251189,-0.10576866596780954,0.11990594703662935,7.721989233260409,2.967092905948392,-0.0632225956386617,0.04109543193191099
531,1.8591180600961432,1.2632788211801327,-0.03647153462125276,0.01805470085452661,5.9472468181236655,6.557744934953135,-0.02584923935068892,-0.011244734916418484,7.085109379432166,4.792414149822796,0.04589021693975425,0.060603683413597245,1.8772738052520195,8.116070327103003,-0.052574971856184885,0.06753574202721803,7.2876029981866886,1.4463044744717275,-0.01532806931714007,0.027745651524840202,1.8135176660473813,3.7780223328805307,-0.03602463453300342,-0.02123573019244641,2.5649872827879627,5.265905416523573,-0.07534187308305705,-0.09507672030160298,2.753650992159491,4.124979510076984,-0.11466828661464935,0.05936326172321058,4.220493660963917,1.7030384933123333,0.012519429745482057,-0.020628064293400476,9.010392753109114,1.0993361804570465,0.1188542080369944,-0.0072688227127191175,4.028243647635854,2.674023805887692,0.025774502052184883,-0.03594875233948261,6.098794528495295,5.829577018341616,0.062270200420718326,0.04597732172636429,6.88540708087578,3.040221516599336,-0.005762288705886833,-0.0003155975098735769,4.036307315984701,8.147058298162575,-0.060009520345127215,0.03630499805872046,3.845731526948903,7.033028444821869,0.03666732409405062,0.08296489602367259,6.972273104804506,8.78680661406725,-0.08703665226012165,-0.0355458550364708,5.610568908735795,3.046685016489759,-0.03790204637300849,-0.04391636941432424,3.8530703940080797,4.838316891351025,-0.09205476864933554,0.019617889449398462,4.957806339213112,8.26344007060302,-0.10862231023453413,0.11382265452254359,7.718828103478476,2.9691476775449877,-0.05241681147280248,0.03524971868902253
532,1.8572944833650806,1.264181556222859,-0.03171825679792378,0.01773928622930661,5.945954356156131,6.557182698207314,-0.025735345677865014,-0.01198928209911256,7.087403890279154,4.795444333993475,0.048297798298902274,0.06348208316567769,1.8746450566592103,8.119447114204364,-0.05302984060496895,0.06648261931678144,7.286836594720832,1.4476917570479695,-0.01577045536319205,0.02692625054749688,1.811716434320731,3.7769605463709084,-0.03854184336252555,-0.022159469100469054,2.56122018913381,5.261151580508493,-0.0769704764967581,-0.09432166156040599,2.7479175778287583,4.127947673163145,-0.11440335030161625,0.06271497432260728,4.221119632451191,1.7020070900976632,0.017465927945779412,-0.019670424312339254,9.016335463510964,1.0989727393214106,0.11495025393340534,-0.010751144735037958,4.029532372738463,2.672226368270718,0.030115581719395462,-0.030642631377578083,6.101908038516331,5.831875884427934,0.06845702322254671,0.04348759343205134,6.885118966440485,3.040205736723842,-0.004821595163525574,-0.0039980138148195225,4.033306839967445,8.148873548065511,-0.045720902674591175,0.037419536836340056,3.8475648931536055,7.0371766896230525,0.0429842690508301,0.08569215404282189,6.9679212721915,8.785029321315427,-0.08636444635003503,-0.03373697718838206,5.608673806417144,3.044489198019043,-0.04074736387085795,-0.04345150929726131,3.8484676555756128,4.8392977858234945,-0.09300767741858545,0.01731710601637835,4.952375223701385,8.269131203329147,-0.11138788565837084,0.10767828401136939,7.7162072629048355,2.970910163479439,-0.041771713978677114,0.029526227750478258
533,1.8557085705251843,1.2650685205343244,-0.027002222191824653,0.017412253168703765,5.944667588872237,6.556583234102359,-0.025448817582262025,-0.01248204007703035,7.089818780194099,4.79861843815176,0.050589691512889626,0.06624860015663733,1.8719935646289618,8.122771245170203,-0.05352995337695687,0.06495559832965819,7.286048071952672,1.4490380695753444,-0.01615170306245276,0.026029402274964655,1.8097893421526048,3.775852572915885,-0.041152662776783554,-0.023140917225563228,2.557371665308972,5.256435497430473,-0.07807734406346285,-0.09316974843533804,2.7421974103136777,4.131083421879275,-0.11408622118138557,0.06581927344321227,4.22199292884848,1.701023568882046,0.02244460371355876,-0.01839231101794643,9.022082976207635,1.0984351820846587,0.11071060200009293,-0.014189014358341372,4.031038151824433,2.670694236701839,0.03435207758676702,-0.025136205654144587,6.105330889677458,5.834050264099536,0.07451459968517317,0.04078209446100632,6.884877886682309,3.0400058360331013,-0.004339387999357216,-0.00760415703607864,4.031020794833716,8.150744524907328,-0.03255097030917369,0.03855431809638344,3.849714106606147,7.041461297325194,0.04927049079346011,0.08819789214472151,6.963603049873998,8.783342472456008,-0.08524319096713956,-0.03178147936472646,5.606636438223601,3.04231662255418,-0.04374345504295706,-0.0428216784246213,3.8438172717046837,4.840163641124313,-0.09378969222068373,0.014946772903602069,4.946805829418467,8.274515117529715,-0.11392566405080495,0.10141454365063254,7.714118677205902,2.972386474866963,-0.031334520465760546,0.02396982055216836
534,1.854358459415593,1.2659391331927596,-0.02233151468290303,0.01706710327632144,5.943395147993124,6.555959132098507,-0.024978975401652323,-0.01279467116533934,7.092348264769743,4.801930868159592,0.052777418159551386,0.06891928964260449,1.869317066960114,8.126019025086686,-0.054079378934212614,0.06298492814367501,7.28524048679955,1.4503395396890926,-0.016483310150899377,0.025017467864183986,1.8077317090137657,3.774695527054607,-0.043850975849107354,-0.024171788777047096,2.553467798105799,5.251777010008706,-0.07866551040464842,-0.09163039990382363,2.7364930992546084,4.134374385551435,-0.11370997095906026,0.06868760299055791,4.223115159034158,1.7001039533311488,0.027452505873845665,-0.016805368084446617,9.02761850630764,1.0977257313667417,0.10615713757250256,-0.017580274639546548,4.032755755703771,2.669437426419132,0.03848407198321516,-0.019527609746456447,6.109056619661717,5.836089368822587,0.0803430018765737,0.03805589814959208,6.884660917282341,3.0396256281812972,-0.004663375379027359,-0.011314861705434987,4.029393246318257,8.152672240812146,-0.02050057559529506,0.03969188810874425,3.8521776311458202,7.04587119193243,0.055825713513367875,0.090554161169034,6.959340890325641,8.781753398487771,-0.08383343271225388,-0.029781889005098258,5.6044492654714535,3.0401755386329485,-0.04684031680774569,-0.042020414209360556,3.8391277870936493,4.840910979769493,-0.09439595378696505,0.012512844615082687,4.941109546215927,8.279585844712246,-0.115921576617586,0.09504964899230545,7.712551951182614,2.973584965894571,-0.021152688152222945,0.018612522669730652
535,1.853241883681448,1.2667924883565758,-0.019952433284654358,0.020225225204894098,5.942146199223042,6.55531939854024,-0.024320326568019853,-0.012993479733869124,7.094987135677721,4.805376832641722,0.05485539887160754,0.07153632265481581,1.8666130980134035,8.12916827149387,-0.05467863099426835,0.06061337686097114,7.284416321292005,1.4515904130823019,-0.016774491879143205,0.023843609985290372,1.8055391602213102,3.7734869376157545,-0.046649074547365756,-0.02516234821715325,2.549534522585567,5.247195490013515,-0.07874737477654421,-0.08972603168951442,2.7308076007066555,4.137808765700964,-0.11579488667153603,0.06480980862050272,4.2244877843278505,1.6992636849269265,0.03249564257483348,-0.014914688076810071,9.032926363186265,1.0968467176347643,0.10132022996220535,-0.020922610683262025,4.034679959302932,2.668461045931809,0.04266409542989427,-0.01383600058734447,6.113073769755546,5.837992163730067,0.08591308573315634,0.035359054145497476,6.88442774851339,3.0390598850960253,-0.005727754519762032,-0.015115634580982397,4.0283682175384925,8.154656835217583,-0.01782096124509536,0.04621329115320646,3.8549689168214885,7.050398899990881,0.06261438378500293,0.09275355076829767,6.955149218690028,8.780264304037516,-0.08642663560121949,-0.03146394567796937,5.602107249631066,3.0380745179224804,-0.0500994008089292,-0.04106258647366829,3.8344079894043013,4.841536622000247,-0.09481502100586478,0.0100267056379723,4.935313467385047,8.284338327161862,-0.11735334761284529,0.08860143523622101,7.711494316775003,2.974515592028058,-0.01126105893316777,0.013476101719437111
536,1.8522442620172153,1.2678037496168204,-0.017440861936940888,0.02331307791388944,5.940930182894641,6.554669724553547,-0.023324552373421657,-0.013106118600863654,7.097729905621302,4.808953648774462,0.05682997707337833,0.07408633229288687,1.86387916646369,8.132198940336918,-0.05535308325440495,0.05808500277763097,7.283577596698048,1.4527825935815664,-0.017044518056311096,0.022524462804524505,1.8032067064939419,3.772228820204897,-0.04958677477426872,-0.025997949736946524,2.5455971538467397,5.242709188429039,-0.078376917380633,-0.08754635930674244,2.725017856373079,4.141049256131989,-0.11781166533433682,0.0611018353339932,4.226112566456592,1.698517950523086,0.037521139653729045,-0.012922804597751329,9.037992374684375,1.0958005871006011,0.09622830536935276,-0.024213735906302606,4.0368131640744265,2.667769245902442,0.0469055373651951,-0.008100088040829005,6.117369424042204,5.839760116437342,0.09122369529734148,0.0327085147547547,6.884141360787401,3.038304103366976,-0.007419006885470383,-0.018973523979914853,4.027477169476238,8.156967499775243,-0.015303733789121735,0.052652845099463094,3.8580996360107385,7.055036577529296,0.0692153143267567,0.09489633607159233,6.950827886909967,8.778691106753618,-0.0888140389254659,-0.033042673973832044,5.59960227959062,3.036021388598797,-0.05346868113231539,-0.03997053801863856,3.8296672383540082,4.842037957282146,-0.09508907608449046,0.007505563833217566,4.929445800004404,8.288768398923674,-0.11845565840445696,0.08194034423637932,7.7109312638283445,2.97518939711403,-0.0016849141186764966,0.008614732362924087
537,1.8513722189203683,1.268969403512515,-0.01472125398768399,0.02633113805420116,5.93976395527597,6.554014418623503,-0.0219987994147663,-0.013121936059779644,7.10057140447497,4.812657965389107,0.05860293176085449,0.07653303814086547,1.8611115123009698,8.1351031904758,-0.05607444213480561,0.05547692126547782,7.282725370795232,1.4539088167217926,-0.017253111216225112,0.02113332662391504,1.8007273677552285,3.7709289227180496,-0.05258789285309658,-0.02692715588101119,2.541678307977708,5.238331870463702,-0.07762327438944781,-0.08512837824093271,2.7191272731063623,4.144104347898689,-0.1197396196653772,0.05755316887169099,4.227988623439279,1.6978718102931984,0.04253051814656123,-0.010824806969598958,9.042803789952842,1.094589900305286,0.0909115684476847,-0.027451912833273088,4.039158440942686,2.6673642415004,0.05115109276604349,-0.002381240676641764,6.121930608807071,5.841395542175079,0.09628117995391382,0.030114990186971818,6.883770410443128,3.0373554271679803,-0.009612446637333863,-0.022783380230797002,4.026711982786781,8.159600142030216,-0.01294739715079032,0.05898777352262937,3.8615604017270764,7.059781394332876,0.07552341320919345,0.09693112148384428,6.946387184963694,8.777038973054927,-0.09099490470498497,-0.03451446790480963,5.596928845534004,3.0340228616978653,-0.05663805269253134,-0.038712828884268476,3.8249127845497837,4.842413235473807,-0.09460072815179413,0.00476162284652466,4.9235230170841815,8.292865416135493,-0.11926797844313322,0.07505279432941024,7.7108470181224105,2.975620133732176,0.007544149869055437,0.0040567774704079506
538,1.850636156220984,1.270285960415225,-0.01179205263806794,0.029265546800860916,5.938664015305231,6.5533583218205145,-0.02031345908476161,-0.012953627316038281,7.1035015510630135,4.81648461729615,0.06005199406356311,0.07882992007735601,1.8583077901942295,8.137877036539074,-0.05683423930556386,0.05276040810113637,7.28186271523442,1.4549654830529883,-0.017388164910473312,0.01967542728069266,1.7980979731125737,3.769582564923999,-0.0554686751145874,-0.028518014467143714,2.5377971442582354,5.234075451551655,-0.07650866194421256,-0.0824693246992128,2.7131402921230934,4.146982006342274,-0.1216157417973209,0.05421663086979604,4.230115149346607,1.6973305699447185,0.04752259788136348,-0.008624049443737694,9.047349368375226,1.0932173046636222,0.08544988867614216,-0.030639200804650463,4.041715995580988,2.667245179466568,0.0545804735703438,0.003477774460315405,6.126744667804767,5.842901291684428,0.10108850056360258,0.027580841531140002,6.883289788111261,3.0362162581564407,-0.01226101814347648,-0.026612160211337277,4.026064612929242,8.162549530706348,-0.010743767612373459,0.06521448039998018,3.865336572387536,7.064627950407068,0.08139674538182567,0.09874773526976681,6.941837439728444,8.775313249659686,-0.09296766272991593,-0.035879393687937175,5.594096942899378,3.032087220253652,-0.059567905222891564,-0.03729089703261323,3.820182748142194,4.842651316616133,-0.0933858249312598,0.0018016984690236494,4.9175596181620245,8.296618055851964,-0.11980649784051119,0.06794727396178786,7.711224225615863,2.9758229726056964,0.016421099417776752,-0.00016989480644656434
539,1.8500465535890807,1.2717492377552682,-0.008655274760260323,0.03210738208360389,5.937648342350993,6.552710640454713,-0.018272547991407383,-0.012600456640812725,7.106504150766192,4.820426113300018,0.06121014844686484,0.08094414767775168,1.8554660782289514,8.14051505694413,-0.05762860642523378,0.0499262465438792,7.280993306988897,1.455949254417023,-0.017441805365480866,0.018156942796288333,1.7953245393568442,3.768156664200642,-0.05822043120153293,-0.0307569647867319,2.533971711161025,5.229951985316695,-0.07501175052279437,-0.07955552686618735,2.7070595050332273,4.149692837885763,-0.1234590158095289,0.051063059755851986,4.232491279240675,1.6968993674725317,0.05249941286663875,-0.00632268114014072,9.051621862809034,1.0916853446233896,0.07987031911287254,-0.03376820809942452,4.044445019259506,2.667419068189584,0.05726334643196756,0.009376650575995146,6.131799092832947,5.844280333760985,0.10564892234335435,0.025111221981329115,6.882676737204087,3.0348856501458736,-0.015186713994921677,-0.030408845698369213,4.025527424548623,8.165810254726347,-0.008743789263760673,0.07146984556306803,3.8694064096566274,7.069565337170557,0.08684454323160004,0.10031233316699839,6.937189056591949,8.77351927997529,-0.09473308450787957,-0.037132297011557736,5.591118547638233,3.030222675402021,-0.06209030859720587,-0.03571344017832942,3.815513456895631,4.842741401539585,-0.09149410649895255,-0.001363155804176386,4.911569293269999,8.300015419550054,-0.12007935039542852,0.060636220387702625,7.712045280586752,2.975814477865374,0.024936023765177416,-0.004040241576137078
540,1.8496137898510676,1.2733546068594483,-0.005312263321413734,0.03485065214551404,5.936734714951423,6.552080617622672,-0.015893288151753414,-0.012069563890564412,7.109564658188535,4.824473320683905,0.06212174337417579,0.08287675284746518,1.8525846479076897,8.143011369271324,-0.05845375114829152,0.04701410087710111,7.280121216720623,1.4568571015568375,-0.01739315717200228,0.016552842293260893,1.7924135177967675,3.7666188159613054,-0.06100957877226219,-0.03338495983817548,2.530221123634885,5.225974208973385,-0.073116548199,-0.07639286418126989,2.700886554242751,4.152245990873556,-0.1252913836618591,0.048006861956109766,4.2351162498840065,1.6965832334155246,0.05748496440272197,-0.003851731289164253,9.055615378764678,1.0899969342184184,0.07426116478416867,-0.03684121366393534,4.047308186581104,2.6678879007183838,0.05950088319015199,0.014721827481388746,6.137081538950114,5.845535894860052,0.10993916595409406,0.022666261990648896,6.881917401504341,3.033365207860955,-0.017740777866424553,-0.03467905879570312,4.025090235085435,8.1693837470045,-0.006970737718736755,0.07773548656691515,3.8737486368182075,7.074580953828907,0.09188936711656404,0.10152980618591285,6.932452402366555,8.771662665124712,-0.0962842253527015,-0.03827643973985664,5.588014032208373,3.0284370033931047,-0.06426222324919581,-0.03398252073525853,3.810938751570683,4.842673243749376,-0.08897771350800578,-0.004719746298689898,4.905565325750227,8.303047230569438,-0.11964378982626139,0.05310549836564604,7.713292081775011,2.9756124657865675,0.03306074928578823,-0.007514765820803178
541,1.8493481766849968,1.275097139466724,-0.001763590153588989,0.03749299142725185,5.935940050543835,6.551477139428144,-0.013352752299440373,-0.011296375651600927,7.112670745357243,4.828617158326279,0.06281420648158288,0.08459158816340795,1.849661960350275,8.145362074315178,-0.059306321458526545,0.04402590303635089,7.279251558862023,1.4576847436715006,-0.017275649967588867,0.014820848103938898,1.7893630388581543,3.7649495679693965,-0.06397850885279521,-0.0362192093122837,2.526565296224935,5.222154565764321,-0.07127087957018817,-0.07300924335287977,2.694621985059658,4.154646333971362,-0.1271176554491449,0.04503463667004323,4.237990498104143,1.6963906468510663,0.06248542268793449,-0.0012059133313457445,9.059328437003886,1.0881548735352216,0.06866042290601677,-0.03986023492914406,4.050283230740611,2.6686239920924533,0.06127872415464813,0.019419594381451306,6.142578497247819,5.846669207959584,0.11393095271716608,0.020279496994895133,6.88103036261102,3.03163125492117,-0.01992479673165225,-0.039070339357388684,4.024741698199498,8.173270521332846,-0.005513614632880318,0.08422169902910195,3.878343105174036,7.079657444138202,0.09650850319670987,0.10239610800932027,6.92763819109892,8.76974884313772,-0.09761990062206681,-0.03930678751552454,5.584800921045914,3.0267378773563416,-0.06601051353466392,-0.032078037036950065,3.806489865895283,4.842437256434441,-0.08586626499652449,-0.008053529075880106,4.899583136258914,8.305702505487721,-0.11817509226344763,0.04526663746643607,7.7149451192393,2.975236727495527,0.04085471969184368,-0.010648423022927773
542,1.8492599971773174,1.2769717890380867,0.001992853630051873,0.040034835787782226,5.935272412928863,6.550912320645564,-0.010847445027363765,-0.01021937215397057,7.115811455681322,4.8328467377344495,0.0634129554411838,0.08609374721500507,1.8466966442773487,8.147563369466996,-0.0563799448102793,0.041452992362434556,7.278387776363643,1.4584257860766976,-0.017101115646757568,0.01296681638467153,1.7861641134155146,3.7631386075037825,-0.06721561960168228,-0.039246756649398515,2.5230017522464254,5.218504103596677,-0.06936804487163031,-0.07156650277467537,2.6882661022872005,4.156898065804865,-0.12891892234288937,0.04219424344717479,4.241114769238539,1.6963303511844992,0.0674951372019516,0.0015730275027592703,9.062761458149186,1.0861618617887643,0.0630613588986153,-0.0428256079162356,4.053347166948344,2.669594971811526,0.06273313969951565,0.023472236741780936,6.148275044883677,5.8476831828093285,0.11754105182419314,0.017968717117888125,6.880034122774438,3.0296777379533006,-0.02121511398393058,-0.0435062936003334,4.024466017467854,8.177481606284301,-0.004365401559269058,0.09099435800303422,3.8831685303338714,7.084777249538668,0.10104779736506295,0.10297689692529714,6.922757196067816,8.767783503761944,-0.0987360113790601,-0.040219407177064334,5.58150039536918,3.025133975504494,-0.06734574437689662,-0.03004767726957269,3.802196552645457,4.8420345799806475,-0.0822278697019774,-0.011239346302647647,4.8936743816457415,8.307965837361042,-0.11590549677454173,0.037236642352824846,7.716987855223892,2.9747043063443805,0.048319817000002555,-0.013482995852233899
543,1.84935963985882,1.278973530827476,0.006145402315721772,0.03771264907188133,5.934730040677495,6.550401352037865,-0.008393609346282947,-0.008866883438768954,7.118982103453381,4.8371514250951995,0.06403320770771002,0.08722016110050908,1.8438776470368348,8.149636019085117,-0.05346916651130527,0.03883892170106857,7.277532720581306,1.459074126895931,-0.016883476364411797,0.01099430255251964,1.7828033324354304,3.7611762696713127,-0.07065836637504444,-0.04236622477956981,2.519533350002844,5.2149257784579435,-0.06741194895261729,-0.06995678937675524,2.681820156170056,4.159007777977223,-0.1274173803856302,0.04549941972016311,4.244489526098636,1.6964090025596372,0.07249867369453775,0.004422879610224538,9.065914526094117,1.0840205813929524,0.05743562851819939,-0.045742324141680876,4.056483823933319,2.670768583648615,0.06395892561059886,0.02688729007959336,6.154152097474887,5.848581618665223,0.12069771232138171,0.015730995026511343,6.8789733670752415,3.027502423273284,-0.02167188225823783,-0.04807041384829349,4.02424774738989,8.182031324184454,-0.0035207191787119977,0.09793973633636438,3.8882209202021247,7.089926094384933,0.1055586243550713,0.1033027977304799,6.917820395498863,8.76577253340309,-0.0996325304290622,-0.04101418920094124,5.578133108150335,3.0236315916410152,-0.06813105010044455,-0.02790106013267703,3.798085159160358,4.841472612665515,-0.0785382382547814,-0.014199151470859107,4.887879106807015,8.309827669478683,-0.11330880142592131,0.029656972996478716,7.7194038460738925,2.974030156551769,0.055417477005095174,-0.01601148988992168
544,1.849666909974606,1.28085916328107,0.010182045299277565,0.03541099317587331,5.934310360210181,6.549958007865927,-0.005986052946579921,-0.007266107012274833,7.122183763838766,4.841512433150225,0.06483530163825249,0.08758345301694652,1.8412041887112696,8.151577965170171,-0.0505831938028416,0.036186724928672004,7.276688546763085,1.459623842023557,-0.016631683620609728,0.008909372870205243,1.7792704141166782,3.7590579584323343,-0.0741510245878254,-0.04544938474037618,2.5161627525552133,5.211427938989106,-0.06538297294432127,-0.06813846270235348,2.6754492871507747,4.161282748963231,-0.12581270227634198,0.048201020174910784,4.2481144597833636,1.6966301465401485,0.07747027886133062,0.007263706084354692,9.068786307520027,1.0817334651858683,0.05181252744767613,-0.048590983783721606,4.059681770213849,2.6721129481525945,0.0652019238529771,0.029760396566688718,6.160186983090956,5.849368168416549,0.12342540303299918,0.013587441195828111,6.877889772962329,3.0250989025808694,-0.02149189541626119,-0.05261269309176273,4.024071711430954,8.186928311001273,-0.0025842158428784484,0.10484443971504175,3.8934988514198783,7.0950912342714565,0.11000392423378777,0.10340416487020306,6.91283876897741,8.763721823943044,-0.10030849143176968,-0.04169726462336234,5.574726555645313,3.0222365386343815,-0.0683977469856727,-0.02565854359268613,3.794158247247619,4.8407626550919725,-0.07482813112198893,-0.017041222564477976,4.882213666735718,8.311310518128506,-0.1102209541185969,0.022676031551843324,7.722174719924147,2.973229582057273,0.062134896629423786,-0.018236676751973165
545,1.8501760122395698,1.2826297129398636,0.014114168930516504,0.03312389273411945,5.934011057562852,6.549594702515313,-0.003637240649593341,-0.0054173141687541915,7.125425528920679,4.845891605801072,0.06544436611295437,0.08770313889918332,1.8386750290211276,8.153387301416604,-0.047730514945097856,0.033498114933724094,7.275856962582054,1.4600693106670672,-0.016353104921974625,0.006720290031610329,1.7755628628872868,3.7567854891953156,-0.07768729104884015,-0.04849653008469314,2.512893603907997,5.208021015853988,-0.06339877045506441,-0.06597470699491072,2.6691586520369577,4.163692799971977,-0.12410762833856827,0.050325418190350295,4.25198797372643,1.6969933318443662,0.08241377410511838,0.010123538244529539,9.07137693389241,1.0793039159966822,0.04621741150293297,-0.05135579198402135,4.062941866406497,2.6736009679809287,0.06628678743374045,0.032152873922586145,6.166358253242605,5.850047540476341,0.12573407178799403,0.01156716578928867,6.876815178191516,3.022468267926281,-0.020940847495080465,-0.056985130762589646,4.02394250063881,8.192170532987024,-0.0013858871839400404,0.11137090989936792,3.8989990476315675,7.100261442514967,0.11444854797231507,0.10337699384258925,6.907823344405821,8.761636960711876,-0.10078359707504207,-0.04221695849904767,5.571306668296029,3.0209536114547473,-0.06816965006840109,-0.02333453558235831,3.79041684069152,4.839910593963748,-0.07112718075275007,-0.019804096966583785,4.876702619029788,8.312444319706099,-0.1063389345242852,0.016365065685992875,7.725281464755618,2.972317748219674,0.06844613444146602,-0.02015361521333648
546,1.8508817206860957,1.2842859075765696,0.017942216146455074,0.03084970861888841,5.933829195530373,6.549323836806876,-0.0013283113105420942,-0.003360285793188186,7.128697747226326,4.850276762746032,0.06584010407388902,0.0875857607178711,1.8362885032738727,8.15506220716329,-0.044913329535730774,0.030782176954204727,7.275039307335955,1.4604053251686477,-0.01605382553020903,0.004437823105929692,1.7716784983348448,3.754360662691081,-0.0811731543321167,-0.051418481833123864,2.509723665385244,5.204722280504242,-0.061394183177294365,-0.0634321831414299,2.6629532706200294,4.166209070881495,-0.12230303699576145,0.05192403022318101,4.256108662431686,1.6974995087565927,0.08731250067274438,0.012959416043027215,9.073687804467555,1.076736126397481,0.04065849271390385,-0.05403104010772673,4.066256205778184,2.675208611677058,0.06706024636161025,0.03405961924463481,6.172644956832005,5.850625898765806,0.1275972984550406,0.009763866935950905,6.875768135816762,3.019619011388152,-0.02002809362995767,-0.06116588473869629,4.023873206279613,8.197739078481993,1.0200745666397257e-05,0.11748470024754011,3.904721475030183,7.105430292207096,0.11887055100309205,0.10325232079781457,6.9027841645520684,8.759526112786924,-0.10105750016182358,-0.04256870886078081,5.567898185792609,3.0197868846756295,-0.06748607829761386,-0.020945074221486518,3.7868604816538824,4.838920389115419,-0.06743908710538926,-0.022480383701224384,4.871385672303574,8.313262572990398,-0.10192866578541934,0.010581676177268663,7.728703771477691,2.971310067459007,0.074330122806997,-0.02175236619949533
547,1.8517788314934185,1.285828393007514,0.021641208130584025,0.02858000416524127,5.933762779964845,6.549155822517216,0.0010847756551380285,-0.0012712109803586914,7.13198975243002,4.854656050781926,0.0660234989976952,0.08724277559168121,1.8340428367970862,8.156601316011,-0.042129971997447904,0.02803990899538486,7.2742366160594445,1.4606272163239442,-0.015715546819366898,0.0020946160669906926,1.767619840618239,3.7517897385994248,-0.08440266250856267,-0.05403190056868762,2.5066539562263794,5.201550671347171,-0.059352725956382385,-0.060524170311708925,2.6568381187702412,4.168805272392654,-0.12022040041589027,0.05275550505264616,4.260474287465323,1.6981474795587441,0.09212007348458634,0.01574209297077256,9.075720729103251,1.0740345743920947,0.035143980875348514,-0.05661124974292485,4.069609218096264,2.6769115926392897,0.06754234921765025,0.035496523410528606,6.179024821754757,5.851114092112604,0.12639955019633067,-0.0032443401467975082,6.8747667311352645,3.016560717151217,-0.018784546652318473,-0.06517180152787037,4.0238737163168965,8.203613313494369,0.0014384125985745318,0.1231902852057358,3.9106650025803376,7.1105929082469865,0.12327150651621174,0.10304335261758282,6.8977312895439775,8.757397677343885,-0.10614596470504696,-0.04558107340475521,5.5645238818777285,3.0187396309645553,-0.06641189270269751,-0.01851172000020213,3.783488527298613,4.837796369930357,-0.0637716583883721,-0.025071158632237966,4.866289239014303,8.313791656799262,-0.09749895550154387,0.005053595713859239,7.732420277618041,2.9702224491490323,0.07976096537050693,-0.023048167731018795
548,1.8528608918999476,1.287257393215776,0.025190052289233468,0.026302974673280268,5.933817018747602,6.549092261968198,0.003494898034798635,0.0008890302882165,7.135290927379905,4.859018189561509,0.06586601384044384,0.08648687074392518,1.8319363381972138,8.158003311460769,-0.039386448243268424,0.025273713124448944,7.273450838718476,1.4607319471272937,-0.015323622065581764,-0.00027978357267538804,1.763399707492811,3.74908814357099,-0.0872474092919384,-0.05625384121277303,2.50368631992856,5.198524462831585,-0.057298508871140116,-0.057324181335587976,2.650827098749447,4.171443047645286,-0.11782017538749462,0.052900526634202805,4.265080291139553,1.6989345842072827,0.0968240899316536,0.01842629408465224,9.077477928147019,1.0712040119049484,0.029682184129690592,-0.05909125949990718,4.072986335557147,2.678686418809816,0.06790440105479653,0.03658931990385026,6.185344799264573,5.850951875105264,0.12602992130498183,-0.014798205072897285,6.873827503802649,3.0133021270748235,-0.017124331915260787,-0.06895513110412427,4.023945636946825,8.209772827754655,0.002761654711568726,0.1283876548855444,3.916828577906148,7.115745075877865,0.12768856459664654,0.10270579933717712,6.892423991308725,8.755118623673647,-0.11107984385698731,-0.04838264016201696,5.561203287242594,3.0178140449645454,-0.06506178305101275,-0.01597346458434529,3.7802999443791943,4.836542811998745,-0.06010170988499704,-0.02744778301527029,4.8614142912392255,8.314044336584955,-0.09353591605864703,-0.0004983694482987733,7.736408325886567,2.9690700407624813,0.08476391960021942,-0.024087982214393153
549,1.8541203945144094,1.28857254194944,0.02860174019979026,0.024028585667082814,5.933991763649342,6.549136713482609,0.005433020173179639,0.0029896132678360033,7.138584228071927,4.863342533098706,0.06544764697612022,0.0853630844919332,1.8299670157850503,8.159266997116992,-0.036688785234101705,0.022486454462165524,7.272684657615197,1.46071795794866,-0.014884970995583023,-0.002674486044468086,1.759037337028214,3.7462754515103516,-0.08965806140787945,-0.05798705133684844,2.500821394485003,5.195658253764806,-0.05526179767006838,-0.054019415589590544,2.6449360899800722,4.174088073976996,-0.11519153716468102,0.05252723515384784,4.269921495636136,1.6998558989115153,0.10131181863169537,0.021041476000114256,9.078962037353504,1.068249448929953,0.024281166240310136,-0.061465089542686625,4.076381555609887,2.6805158848050086,0.06837149117719825,0.03752647972896666,6.191646295329822,5.850211964851619,0.1259256355283667,-0.025171988929527614,6.8729712872068855,3.0098543705196175,-0.015124748819948668,-0.07250024028672047,4.0240837196824035,8.216192210498932,0.003930362842286004,0.13312920251478158,3.9232130061359802,7.120880365844724,0.13201438249456238,0.10220439589179918,6.886869999115875,8.752699491665547,-0.11579479961901601,-0.050910845117177576,5.557950198090043,3.017015371735328,-0.0634141203070867,-0.013339019192749928,3.7772948588849444,4.835170422847982,-0.05643322467565122,-0.02962580174167877,4.856737495436293,8.31401941811254,-0.08999116338633238,-0.006014942862505279,7.740646521866577,2.9678656416517617,0.08937065046367137,-0.024922011661680475
550,1.8555504815243988,1.2897739712327942,0.03199207362876918,0.02181344442285016,5.934263414658001,6.549286194146001,0.0069158149795408375,0.004985955919382005,7.141856610420733,4.867610687323302,0.0648075575387547,0.08389714671730479,1.8281325765233452,8.1603913198401,-0.03405435642004817,0.019675041017586877,7.271940409065418,1.4605842336464365,-0.014405720221795525,-0.0050787908245340995,1.75455443395782,3.743376098943509,-0.09162449351735459,-0.05922714338713259,2.4980583046014995,5.1929572829853266,-0.053250521261038415,-0.050644384908099645,2.6391765131218383,4.176714435734689,-0.11236317793332821,0.05173503028579941,4.27498708656772,1.700907972711521,0.1054084786496626,0.02351565195248919,9.08017609566552,1.0651761944528186,0.018948964893555107,-0.06372752371978728,4.0798001301687465,2.682392208791457,0.0688304087577432,0.03826304463900596,6.19794257710624,5.848953365405142,0.12592565415481818,-0.034439719195383404,6.872215049765888,3.0062293585052813,-0.013040184961141581,-0.07582498439205952,4.0242802378245175,8.222848670624671,0.004879126853549852,0.13762523488689862,3.929813725260708,7.125990585639314,0.13621001900541138,0.10162015130340919,6.881080259134924,8.750153949409688,-0.12028205669730599,-0.05316465710988245,5.5547794920746885,3.0163484207756905,-0.06126491129946588,-0.0106617597848124,3.774473197651162,4.833689132760898,-0.05276495255291047,-0.03160846624483591,4.852237937266976,8.313718670969415,-0.08688946693979441,-0.01148565422784742,7.745115054389761,2.9666195410686775,0.09364841584202735,-0.025568414581345456
551,1.8571500852058374,1.2908646434539368,0.035349159959421415,0.019657375851938275,5.934609205406978,6.54953549194197,0.00801483112441255,0.006874090808686643,7.145096988297671,4.871805544659168,0.06392819009781575,0.08210716689437111,1.8264298587023426,8.16137507189098,-0.03148917330206245,0.01684240496670692,7.271220123054328,1.4603302941052099,-0.013890223490991081,-0.007481793243111771,1.7499732092819524,3.7404147417741522,-0.0931431829858576,-0.059991873447605676,2.4953957785384477,5.190425063739921,-0.05127167722934686,-0.047229150893707744,2.6335583542251717,4.179301187248979,-0.10935854467057472,0.05060307894253126,4.280257510500204,1.7020837553091455,0.10908293698947297,0.025799577329321675,9.081123543910197,1.0619898182668293,0.013693599894380036,-0.06587559670013157,4.083241650606634,2.6843053610234073,0.06914590396564897,0.03882623081326455,6.204238859813981,5.847231379445374,0.1261082731006552,-0.0425144505751308,6.871563040517831,3.0024381092856784,-0.010919436240078444,-0.07888910942329236,4.024524194167195,8.229729932369017,0.005875756374800576,0.1419782906173607,3.9366242262109785,7.131071593204484,0.14028896787571263,0.1009637865849571,6.875066156300059,8.747495716554194,-0.12451875373035366,-0.05517169097205601,5.551716246509715,3.01581533278645,-0.058446215471147284,-0.007997778801614711,3.7718349500235164,4.832108709448656,-0.04909533187508168,-0.03339848555584675,4.847893463919986,8.313144388258022,-0.08424455664895712,-0.016899867095465027,7.749797475181863,2.9653411203396103,0.09762220051226107,-0.026040305531920927
552,1.8589175432038085,1.2918475122465338,0.03857168545173194,0.017546486111650016,5.9350099469631985,6.549879196482404,0.008818052514063849,0.00865594912624064,7.148293397802561,4.875910903003886,0.06279274657428956,0.0800267366176792,1.8248554000372395,8.162217192139316,-0.028990824127205307,0.013998233926946808,7.270525611879778,1.4599562044430543,-0.013346271130241836,-0.009874837215663594,1.7453160501326594,3.737415148101772,-0.0942134562809025,-0.06030033295583845,2.4928321946769803,5.188063606195236,-0.049324337232651345,-0.04377995936812924,2.6280904269916427,4.181831341196105,-0.10619562754832988,0.049192317932629494,4.285711657349677,1.7033737341756114,0.11230360914986001,0.02786663642154532,9.081808223904916,1.0586960384318227,0.008525085568165246,-0.06790724914324252,4.086698945804916,2.6862466725640703,0.06912222546171841,0.039370780477747024,6.210544273469014,5.845105656916617,0.12647947257439388,-0.049438950891512255,6.871017068705827,2.998493653814514,-0.008690326461078162,-0.08185356282247372,4.024817981985935,8.236828846899884,0.006828126467073335,0.1465577121226927,3.943638674604764,7.136119782533732,0.14431571425306153,0.10025829944357142,6.868840218613541,8.744737132005591,-0.12841597697943147,-0.056927103826310256,5.548793935736158,3.015415443846369,-0.05515304208350061,-0.005480635350937316,3.7693801834297624,4.8304387851708634,-0.04542375467478814,-0.0350014952938748,4.843681236087538,8.312299394903249,-0.08205592512928186,-0.022238413356656397,7.7546785852074755,2.9640391050630144,0.10136665184137313,-0.02650343161948218
553,1.8608461274763952,1.2927248365521162,0.04159856167779948,0.015469009990164782,5.935450849588902,6.550311993938716,0.010049610762464536,0.010412579032835394,7.151433035131276,4.87991223983477,0.06119561888337827,0.0775698918333598,1.8234058588308792,8.162917103835664,-0.026566567996152337,0.011143680875653912,7.269858298323266,1.4594624625822712,-0.017939435976542916,-0.010096496714884143,1.7406053773186143,3.73440013145398,-0.0948377273906027,-0.06017212062916652,2.4903659778153475,5.185874608226829,-0.047388238671960466,-0.0403165394687848,2.622780645614226,4.1842909570927365,-0.10287346097134834,0.04751929955908051,4.29132683780717,1.7047670659966887,0.11774012495796549,0.024146112632020288,9.082234478183326,1.0553006759746606,0.0032928277996534736,-0.06959427758854596,4.090155057078002,2.688215211587958,0.0687384389771193,0.03982083983018964,6.216868247097734,5.842633709372041,0.12681437170187723,-0.05541110868276916,6.870582552382773,2.9944009756733903,-0.0063721082969322145,-0.08470915951384372,4.025159388309288,8.244156732506019,0.007791079364025964,0.15128020787228547,3.950854460317417,7.141132697505911,0.14830209561991048,0.09952698747224972,6.86241941976457,8.741890776814275,-0.13185522645026143,-0.0584180777869185,5.546036283631983,3.015141412078822,-0.05171712302219747,-0.003299262745673129,3.767108995696023,4.82868871040617,-0.04175074696301999,-0.0364282094869507,4.839578439831074,8.311187474235416,-0.08032675005339324,-0.027484588437194195,7.759746917799545,2.9627139334820405,0.10500082638201205,-0.027200944031925935
554,1.8629260555602851,1.2934982870516245,0.044468844581113116,0.013442983107933546,5.935953330127025,6.550832622890358,0.011768583758341802,0.012113825793620974,7.154492816075445,4.883790734426438,0.05911396950543618,0.0747720227992483,1.8220775304310717,8.163474287879447,-0.024223262423284944,0.008279478949958969,7.268961326524439,1.458957637746527,-0.02204937777201125,-0.01056100861043642,1.7358634909490842,3.731391525422522,-0.09502109847255098,-0.05962947123526529,2.4879965658817493,5.18385878125339,-0.045442035633864036,-0.03687961308898496,2.6176369725656587,4.186666922070691,-0.09944121579133754,0.04571841879167548,4.297213844055069,1.7059743716282898,0.12286155049722063,0.02069331055508452,9.082399119573308,1.0518209620952332,-0.002057480693126258,-0.07086056439009276,4.093591979026858,2.6902062535794675,0.06793074370008406,0.04006243340436339,6.2232089656828276,5.839863153937903,0.12707068545798553,-0.06052229451658092,6.870263946967927,2.9901655176976982,-0.004040165418268675,-0.08736280598295994,4.0255489422774895,8.251720742899632,0.008757161504829301,0.1561241018920084,3.9582695650984125,7.146109046879523,0.15223393910931898,0.09878591226011381,6.855826658442057,8.73896987292493,-0.13474919921964104,-0.05960027584573231,5.543450427480873,3.0149764489415385,-0.04819086865138887,-0.0014597972840017766,3.765021458347872,4.8268672999318225,-0.03807829208433213,-0.037692530825336044,4.835562102328405,8.309813244813556,-0.07911745712004839,-0.03265239048790392,7.764996959118645,2.961353886280444,0.10864628631708113,-0.028164807296695252
555,1.8651494977893408,1.2941704362070212,0.04713687216089751,0.011453251356551196,5.936541759314942,6.5514383141800385,0.013952988563644422,0.013750207799729736,7.157448514550716,4.8875293355664,0.05654124341965413,0.07167439530103882,1.8208663673099075,8.163888261826946,-0.021967581266172823,0.005406352346296001,7.267858857635838,1.4584295873160051,-0.025658910262383906,-0.011258204373204808,1.7311124360254566,3.7284100518607586,-0.0947945684123789,-0.05869053146644429,2.485724464100056,5.182014800598941,-0.04348836860412561,-0.03348558044673967,2.612664911776092,4.1889528430102745,-0.09591494800948386,0.043828676439607056,4.30335692157993,1.707009037156044,0.12765279834191667,0.01749419702218371,9.082296245538652,1.0482779338757287,-0.007554695263767776,-0.0716376169658151,4.096988516211862,2.6922093752496856,0.06689846911114153,0.0400286123610378,6.229562499955727,5.836837039212074,0.12755974827389013,-0.06460528011144959,6.870061938697013,2.9857973773985504,-0.0016978714479818288,-0.0898592669944293,4.025986800352731,8.259526947994233,0.010222626260722055,0.16006737792481385,3.9658812620538786,7.151048342492529,0.1560733451079066,0.09807694756023452,6.8490891984810744,8.735989859132642,-0.13709310605436262,-0.06048745177453361,5.541040884048304,3.0149034590773383,-0.044569119444011436,2.0360855018428103e-05,3.7631175437436553,4.824982673390556,-0.03436785563587728,-0.03884284039919502,4.831606229472403,8.308180625289161,-0.07842110164307295,-0.037705968805069295,7.770429273434499,2.9599456459156093,0.11227893795904605,-0.02939729826465442
556,1.8675063413973856,1.2947430987748487,0.049808172408209096,0.009549432250031974,5.937239408743124,6.552125824570025,0.01643848250673963,0.015350694398638638,7.160275576721699,4.891113055331452,0.05347100034416413,0.06830582576304157,1.819767988246599,8.16415857944426,-0.019803423413642343,0.002524162856394935,7.266575912122719,1.457866677097345,-0.028753854247726886,-0.012179502471023899,1.7263727076048376,3.7254755252874365,-0.09417630992122042,-0.05737471599905685,2.48355004566985,5.180340521576603,-0.041528419244827856,-0.030144271838088505,2.607869164375618,4.191144276832254,-0.08693680020474677,0.04172446614482394,4.309739561497025,1.7078837470071533,0.12691129420916902,0.019230814669295125,9.081918510775463,1.0446960530274378,-0.012999638051057395,-0.07228297233384814,4.100333439667419,2.6942108058677374,0.0657157047150701,0.039708393973977935,6.2359404873694215,5.833606775206501,0.12827186694423448,-0.06772276191683374,6.869977045124614,2.981304414048829,0.0006949333609328327,-0.09217905182941026,4.026497931665768,8.267530316890474,0.01186213657935895,0.16361348660279712,3.973684929309274,7.155952189870541,0.15981973209785774,0.09739484369352326,6.842234543178356,8.732965486543916,-0.13889030865639146,-0.06108125657541654,5.538812428076103,3.0149044771200892,-0.04091051221442102,0.001352610068028501,3.7613991509618616,4.823040531370596,-0.030639683825369503,-0.039865664578576154,4.827685174390249,8.306295326848907,-0.07818048700534044,-0.042672391347998946,7.776043220332451,2.9584757810023765,0.11588852483865707,-0.030893763303162597
557,1.869996750017796,1.2952205703873503,0.052466520938740026,0.007730347479054477,5.938061332868461,6.552893359289957,0.01892176660762979,0.0168997867994577,7.162949126738908,4.894528346619604,0.04989211283684468,0.06467571104376992,1.8187778170759168,8.16428478758708,-0.017739074656375343,-0.0003683550008586169,7.265138219410333,1.4572577019737938,-0.03136341525892207,-0.013292615766310793,1.7216638921087766,3.7226067894874837,-0.09334644823558676,-0.05525728353141741,2.4814736247076086,5.178833307984699,-0.039566097620668046,-0.026877901169081203,2.6035223243653807,4.193230500139496,-0.07798430176877265,0.03961146565505257,4.316085126207484,1.708845287740618,0.12512872007708417,0.020769550763084465,9.08126852887291,1.0410819044107453,-0.018354580804968414,-0.07285909988720682,4.103619224903173,2.6961962255664362,0.064322903609094,0.039112059700982346,6.242354080716633,5.83022063711066,0.12903558610061894,-0.0699187588942226,6.870011791792661,2.976695461457359,0.0032668730379328786,-0.09439524788959093,4.027091038494736,8.275710991220613,0.01351936139842309,0.1667899317442318,3.981675915914167,7.160821932055216,0.16324386694835977,0.09657179416686162,6.835290027745536,8.729911423715146,-0.140142022960481,-0.06138885181630007,5.536766902465382,3.0149721076234908,-0.03727807812940954,0.0025989406757109673,3.759867166770593,4.821047248141667,-0.026906453070636417,-0.04077073680197126,4.823776150039982,8.304161707281507,-0.07829629324220358,-0.0476016723741239,7.781837646574385,2.9569310928372183,0.11946855973538845,-0.032666369117202304
558,1.8726200760647331,1.295607087761303,0.055115707862839945,0.0059990797213406825,5.939007421198842,6.553738348629929,0.021250275327431692,0.018297192084845933,7.16544373238075,4.897762132171793,0.0458120277530024,0.06080526741653164,1.8178908633430981,8.164266369837037,-0.01577730735541194,-0.0032690260284593824,7.263570048647387,1.4565930711854782,-0.03349387190023848,-0.014575301295751434,1.7169965696969973,3.719843925310913,-0.09203596896715509,-0.05210294724284605,2.479495319826575,5.177489412926245,-0.037599557477774256,-0.023695789861102573,2.599623109276942,4.195211073422248,-0.06905988308095222,0.03753502367415419,4.322341562211338,1.7098837652787722,0.12229296614448892,0.0220836250297864,9.080350799832662,1.037438949416385,-0.023617035031581458,-0.07336380468484727,4.106835370083627,2.6981518285514854,0.06269980691951213,0.038382759386421814,6.2488058600216645,5.826724699165949,0.12933383097926865,-0.07126838565515242,6.8701751354445575,2.971975699062879,0.005970479188977248,-0.09645668123467036,4.027767006564657,8.284050487807825,0.015165744132602587,0.16959696014960013,3.989838109261585,7.16565052176356,0.1661980188022788,0.09549528110369906,6.828282926597512,8.72684198112433,-0.14085014588445122,-0.06141913644154533,5.534902998558911,3.015102054657276,-0.03369305134367822,0.0037581054508739027,3.7585218441170616,4.819008711301569,-0.023170014095898295,-0.04156596660574204,4.819861335377872,8.301781623662801,-0.0787581036969298,-0.05248684745323119,7.787811074561154,2.9552977743813584,0.12300061661836593,-0.03473098851680949
559,1.875375861457875,1.2959070417473701,0.057717496055827384,0.004345413113305118,5.940069934965214,6.554653208234171,0.02313267755376054,0.01937085101684633,7.1677343337684,4.90080239554262,0.0413048135495255,0.05675802747219284,1.8171019979753276,8.164102918535614,-0.013864789137252264,-0.006151468465571713,7.261895355052375,1.4558643061206906,-0.03533464512506911,-0.01593536706515561,1.7123947712486396,3.7172387779487703,-0.09013371615894185,-0.047844506435384314,2.4776153419526863,5.1763046234331895,-0.03573959789031946,-0.02058858575912284,2.596170115122894,4.197087824605956,-0.06016204359435325,0.03551181907185307,4.328456210518562,1.7109879465302615,0.11839638252775538,0.02316100776196914,9.079169948081082,1.0337707591821426,-0.028785654410982665,-0.07379591102515129,4.109970360429602,2.7000709665208067,0.06071262159031329,0.03752973226246394,6.255272551570628,5.823161279883191,0.12909809125642072,-0.07185698697054646,6.870473659404007,2.967152865001146,0.008739560856042869,-0.09829804715318746,4.028525293771287,8.292530335815306,0.016767027012312783,0.1718166011719843,3.9981480102016986,7.1704252858187445,0.16867283382820444,0.0941616216820465,6.821240419303289,8.723771024302254,-0.1410181747308343,-0.061181340242037315,5.533218345991727,3.0152899599298197,-0.030180954566119893,0.004843081814801029,3.757363343412267,4.816930412971282,-0.019429381934400226,-0.04225605376956291,4.815923430193025,8.29915728129014,-0.07929985068582236,-0.05700261864852366,7.793961105392072,2.953561224955518,0.1261633906894633,-0.03693443905502751
560,1.8782617362606664,1.2961243124030355,0.06024656062172437,0.0027625761947722696,5.941226568842902,6.555621750785013,0.024606101019846928,0.020142126691770585,7.169799574445876,4.90364029691623,0.036395984739668125,0.052547716670329175,1.816408758518465,8.163795345112336,-0.01198804041148036,-0.009006064357703042,7.260128622796121,1.455067537767433,-0.037028925406732055,-0.01730873286598335,1.7078880854406926,3.714846552627001,-0.08776550627537118,-0.042597235001911676,2.4758283620581705,5.175275194145233,-0.03410943805033171,-0.017441661308129304,2.5931620129431767,4.198863415559549,-0.05128558876418357,0.03355133196690074,4.334376029644949,1.71214599691836,0.11390786034088003,0.024131622184081845,9.077730665360534,1.030080963630885,-0.03388374063398891,-0.07414199149505017,4.113005991509118,2.70194745313393,0.058283002531346655,0.03654007136237778,6.261727456133449,5.819568430534664,0.12833384683410418,-0.07183413256340315,6.8709106374468085,2.9622379626434863,0.011491972594080932,-0.0998846909458763,4.0293636451219035,8.301121165873905,0.018397405899370087,0.17344865588088237,4.006581651893109,7.1751333669028465,0.17039335170196848,0.09258644060760603,6.814189510566748,8.720711957290153,-0.1406517689606517,-0.060682407129788535,5.53170929826342,3.01553211402056,-0.02675877661061166,0.0058607704952412165,3.756391874315547,4.814817610282804,-0.015683371943827296,-0.04284407095943815,4.811958437658734,8.296307150357714,-0.07997005611501871,-0.061119199656361915,7.800269274926546,2.9517145030027665,0.12877439934846846,-0.03916796609699919
561,1.8812740642917527,1.2962624412127741,0.06275520873414064,0.0012605992167384885,5.942456873893894,6.556628857119602,0.02573832216726495,0.020646237957534227,7.1716193736828595,4.906267682749746,0.03110908813834881,0.04816758478491982,1.815809356497891,8.16334504189445,-0.004278206431873732,-0.011814453239088368,7.258277176525785,1.4542021011241337,-0.038581253501572106,-0.018679438809537992,1.703499810126924,3.7127166908769054,-0.08494773133881436,-0.0363889638411899,2.474122890155654,5.174403111079827,-0.0327004993593117,-0.014252832556684487,2.5905977335049677,4.200540982157894,-0.04242578151129966,0.031664709917986304,4.340071422661993,1.713352578027564,0.10929137815754282,0.025099432207657868,9.076036478328835,1.0263738640561324,-0.038918825492525636,-0.0742263949025773,4.115920141635685,2.7037744567020487,0.055331651350674006,0.03537882973787345,6.268144148475154,5.815976723906494,0.1272637747047354,-0.07114030865401616,6.871485236076513,2.9572437280961923,0.014206918715058334,-0.10120205706535047,4.030283515416872,8.30979359866795,0.0199680877544526,0.17456498279784524,4.015101319478207,7.179762688933227,0.17427459718095617,0.08845783063739404,6.807156922118716,8.717677836933664,-0.13975782632142003,-0.059929531408706445,5.530371359432889,3.015825152545322,-0.02342437245499967,0.006813536306475929,3.7556077057183557,4.812675406734832,-0.011930985746379519,-0.04331577862573094,4.807959934852983,8.293251190374896,-0.08026313401602446,-0.05776036132168231,7.806707994893969,2.9497561046979164,0.13084392588672128,-0.04142892617672875
562,1.8844118247284598,1.296325471173611,0.06523201455520178,-5.594696634099276e-05,5.943743790002257,6.557661169017479,0.026617187811600697,0.020909425735716556,7.173174828089777,4.908676061988992,0.025492293984300845,0.0436663079491206,1.8155954461762973,8.162754319232496,0.00320106635092885,-0.014489973681514574,7.256348113850706,1.4532681291836569,-0.03998879707137534,-0.020026229879492624,1.6992524235599833,3.7108972426848457,-0.08186802677102434,-0.029337168865193882,2.4724878651876883,5.1736904694519925,-0.03151496781760657,-0.011065678695757858,2.5884764444294026,4.202124217653793,-0.033573441230289984,0.029832094147586734,4.345535991569871,1.714607549637947,0.10455223930101264,0.026047052647932344,9.074090537054209,1.0226625443110036,-0.043856278687978326,-0.07380081946182777,4.1186867242032195,2.7055433981889423,0.05208914228361544,0.034131788717331066,6.274507337210391,5.812419708473793,0.1259013365773369,-0.06987087230578651,6.8721955820122655,2.9521836252429248,0.016860351352511415,-0.10223719966216153,4.031281919804594,8.318521847807842,0.021473484642112628,0.1753625627010008,4.023815049337255,7.184185580465097,0.17715286561655358,0.08439144232839212,6.800169030802644,8.714681360363228,-0.13833799190133508,-0.058927818263182184,5.529200140810139,3.016165829360646,-0.02017688751768945,0.007712328621750406,3.7550111564310367,4.810509617803546,-0.008189466965790416,-0.043685189843711024,4.803946778152182,8.290363172308812,-0.08014762058697879,-0.05522259764414487,7.813250191188305,2.94768465838908,0.13239691037771192,-0.04373795442223742
563,1.88767342545622,1.296322673825294,0.0676829758022883,-0.0010621526257006864,5.945074649392837,6.558706640304265,0.02737215328084184,0.020982947069695997,7.174449442788991,4.910859377386449,0.019663430974490397,0.03912389198749741,1.8157554994938438,8.16202982054842,0.010430800563088961,-0.017032532925253224,7.254348673997137,1.4522668176896822,-0.041248458164729565,-0.021326568814599618,1.695159022221432,3.709430384241586,-0.0785280078578745,-0.021742600582828082,2.470912116796808,5.173137185517205,-0.030495527598800302,-0.007921023691614144,2.586797772367888,4.203615822361172,-0.024719607852928684,0.028039614654862793,4.350763603534921,1.7159099022703435,0.09969520990769733,0.026953456476344638,9.071897723119811,1.0189725033379122,-0.04868740762796456,-0.0728583451375716,4.1212911813174005,2.707249987624809,0.0485887917188972,0.032873855134220496,6.280802404039258,5.808926164858503,0.12423946259598029,-0.06811148121402254,6.873038599579891,2.9470717652598166,0.019420141740261087,-0.10300118540963299,4.0323555940367,8.327289975942893,0.0229633724012021,0.175945789446949,4.032672692618083,7.188405152581517,0.1792914452533658,0.08043391370743379,6.793252131207578,8.711734969450069,-0.1364019305935472,-0.05768962070927932,5.5281912964342546,3.0165514457917335,-0.017033607145665867,0.00856176829115086,3.7546016830827473,4.80832535831136,-0.004524429885144855,-0.044033074844230476,4.799939397122833,8.287602042426604,-0.07964862875484167,-0.054170426186586,7.819870036707191,2.945497760667968,0.1334722008937308,-0.04614944752246335
564,1.8910575742463345,1.296269566194009,0.07011419152067686,-0.00177406030491576,5.946443257056879,6.55975578765775,0.028146847142445575,0.020947503662445428,7.175432614337716,4.912815571985823,0.014167762399322742,0.03482273178606709,1.8162770395219983,8.161178193902158,0.017447601652137348,-0.01943992671603472,7.2522862510889,1.4512004892489523,-0.04236824354807326,-0.02256977595263134,1.6912326218285383,3.7083432542124446,-0.07479558474607813,-0.014011567466249025,2.469387340416868,5.172741134332624,-0.029629588711800218,-0.0048354128623204155,2.5855617919752416,4.205017803093916,-0.015838082157604738,0.02624304330327502,4.3557483640303065,1.7172575750941608,0.09472573635201324,0.027812084201737218,9.069463352738413,1.0153295860810336,-0.05339818435933644,-0.07138965865749648,4.123720620903345,2.7088936803815202,0.044837444132384635,0.03162421851766266,6.287014377169057,5.805520590797802,0.12227546235601199,-0.0659478007574438,6.874009606666904,2.941921705989335,0.021881381435810098,-0.10350425368724532,4.03350376265676,8.336087265415241,0.024436195350492376,0.17629824188620502,4.041637264880751,7.192426848266888,0.18069188059675054,0.07671108545333012,6.786432034677901,8.708850488414605,-0.13396456144064364,-0.05623633085400774,5.527339616076971,3.016979534206291,-0.014008478825806362,0.009363814817374281,3.75437546158849,4.806123704569148,-0.0009361263340670121,-0.04436370131985522,4.7959569656850904,8.284893521117274,-0.07886635094724832,-0.05470638169948218,7.826543646751878,2.943190288291845,0.13405380625364272,-0.04865135490834906
565,1.8945632838223683,1.296180863178763,0.0725126541142323,-0.002222517689397786,5.947850599414002,6.560803162840872,0.028961930601465236,0.02077190738940689,7.1761410024576815,4.914556708575127,0.009021617696292155,0.03077762419789513,1.8171494196046052,8.160206197566357,0.024244266396752902,-0.021713867569809267,7.250167838911496,1.4500720004513208,-0.043356447580255954,-0.023745710308337314,1.6874928425912343,3.707642675839132,-0.07073265536911832,-0.006243992232074296,2.467905860981278,5.172499363689508,-0.028902314070405603,-0.001819262305815689,2.5847698878673615,4.206329955259079,-0.006918823741905732,0.02446780892440072,4.360484650847908,1.7186481793042476,0.0896589217058884,0.028622152023031287,9.066793443520446,1.011760103148159,-0.05796905632343346,-0.06936045820045998,4.125962493109965,2.7104748913074035,0.040844821414169646,0.030395405528815166,6.293128150286858,5.80222320075993,0.12002983985523474,-0.06350492320404043,6.8751036757386945,2.9367464933049727,0.02423840240996934,-0.10387341456571735,4.034725572424284,8.344902177509551,0.025831308744156737,0.17646673503181615,4.050671858910588,7.1962624025395545,0.18132784241246538,0.07327806913822754,6.7797338066058686,8.706038671871905,-0.13104043989687858,-0.05458062651217892,5.526639192135681,3.0174477249471594,-0.011114965012191516,0.010116627953579357,3.7543286552717867,4.8039055195031555,0.002574808897976254,-0.04467995413539237,4.792013648137728,8.2821582020323,-0.07768239147804915,-0.055682451995501495,7.83324633706456,2.9407577205464275,0.13412236984905687,-0.05123543325752213
566,1.8981889165280799,1.296069737294293,0.07483953078435444,-0.0024571859023405653,5.9492986959440755,6.561841758210343,0.02985729555653287,0.020406512034368548,7.176592083342496,4.916095589785021,0.004251524657613985,0.0270089912643977,1.8183616329244428,8.159120504187866,0.030788488334409305,-0.02385759127373011,7.248000016532483,1.4488847149359039,-0.044223160768844576,-0.024844096040958268,1.6839562098227785,3.7073304762275283,-0.06641779951043474,0.0015009123754601127,2.4664607452777574,5.172408400574217,-0.028298888940157533,0.0011186199015183525,2.5844239466802663,4.207553345705299,0.0020249977479052123,0.022706530973100575,4.364967596933202,1.7200792869053991,0.08451548454384675,0.02936238261872428,9.063894990704274,1.0082920802381359,-0.062393662959600034,-0.0667670759387665,4.128004734180673,2.7119946615838444,0.03670447230916915,0.029260181331755297,6.2991296422796195,5.799047954599728,0.11754781117717517,-0.060824747638857264,6.876315595859193,2.9315528225766867,0.0262963026897297,-0.10425203526010877,4.036017137861491,8.353725514261143,0.027095175690257926,0.17648763813190113,4.059738251031211,7.199926305996466,0.18126960308658438,0.0701628727984415,6.773181784611024,8.703309640546296,-0.12764424658626017,-0.05274353629560186,5.526083443885072,3.0179535563448385,-0.008384811883686763,0.010822049436723522,3.7544573957166856,4.8016715217963855,0.006007869171504353,-0.04498349328019893,4.788129528563826,8.279374079432523,-0.0762958581730002,-0.05667772094760296,7.839952455557013,2.938195948883551,0.13368952650663343,-0.05363838203191951
567,1.9019308930672976,1.295946877999176,0.07708222408937,-0.002508472969230492,5.950791560721902,6.562862083812061,0.030837629912960064,0.019846699762401016,7.176804659575376,4.917446039348241,-0.00013390012025142443,0.023516531982118685,1.8199010573411631,8.157927624624179,0.036877809485785076,-0.025913087064867328,7.245788858494041,1.447642510133856,-0.044964101265170066,-0.025833800154411894,1.6806353198472568,3.7074055218463013,-0.061901567869261376,0.009170901395092452,2.4650458008307496,5.1724643315692935,-0.02769590339416468,0.003929270034114845,2.5845251965676614,4.208688672253954,0.01075373289681192,0.021000131018245133,4.369193371160394,1.7215474060363354,0.07913263564030995,0.029859612528248602,9.060775307556293,1.0049537264411976,-0.0666676985773092,-0.06361285438913634,4.129839957796132,2.713457670650432,0.03249619775098262,0.028301291329534427,6.305007032838478,5.796006717217785,0.11487192062715781,-0.05804240822241296,6.87763041099368,2.9263402208136813,0.028053322075425158,-0.10465010027019447,4.037371896646004,8.362549896167739,0.028212138048613448,0.17636587751908178,4.06880173118554,7.203434449636388,0.18058835887717561,0.06732036733597382,6.766799572281712,8.700672463731516,-0.12379245921283659,-0.050742157796630404,5.525664203290887,3.0184946588166746,-0.005820918461202366,0.011531673047324352,3.754757789175261,4.799422347132375,0.009171599897150372,-0.04524204283912903,4.784314735655176,8.276540193385143,-0.07483099989436805,-0.057553250128815146,7.846636931882345,2.935514029781955,0.13277068551716295,-0.05564287971645787
568,1.9057850042717661,1.2958214543507145,0.07919160378323578,-0.002464292766699795,5.95233344221755,6.563854418800181,0.03189052472876264,0.019110208892506392,7.176797964569364,4.918621865947347,-0.004123182743184813,0.02030216562061985,1.8217449478154524,8.156631970270936,0.04245608413814694,-0.02790615406865389,7.243540653430783,1.4463508201261353,-0.04558188832084128,-0.02670359313362251,1.6775402414537937,3.707864066916056,-0.05723175293989526,0.016715680427561247,2.4636610056610415,5.172660795070999,-0.027060497391762375,0.006552321997861392,2.585062883212502,4.209738678804866,0.019244168675906614,0.019337777405762584,4.37315000294241,1.7230403866627477,0.07351651129345765,0.030121891335598106,9.057441922627428,1.001773083721741,-0.07078591759529168,-0.059906390590255765,4.131464767683681,2.714872735216909,0.028350543087539055,0.027555445883171336,6.310750628869837,5.793104596806664,0.1120163563458134,-0.055182494850909605,6.879033077097451,2.9211077158001717,0.029146002246557244,-0.10510929692154891,4.038782503548434,8.371368190043693,0.029011410630548375,0.17606493341149712,4.077831149129399,7.206800468003187,0.17946138219343977,0.06464467702031002,6.760609949321069,8.698135355841686,-0.11950339055865701,-0.04858948482782557,5.525373157367827,3.0190712424690407,-0.003419709211109859,0.012355128071834974,3.7552163691701184,4.797160244990419,0.0120760548883718,-0.04539938966005346,4.780573185660458,8.273662530878703,-0.0734681393190497,-0.05827529432293233,7.853275466158203,2.932731885796132,0.13136158738371817,-0.05725565418541625
569,1.909744584460928,1.2956982397123795,0.08108491142438434,-0.002470591736374185,5.953927968453988,6.564809929244807,0.03300644475089265,0.01820950121922496,7.176591805432205,4.919636974228378,-0.007697011306278952,0.017374374107117254,1.8238677520223596,8.155236662567503,0.047494089251748625,-0.02983960636938126,7.241261559014741,1.445015640469454,-0.046081530402399984,-0.02744801291138838,1.6746786538067988,3.708699850937434,-0.052450654648617374,0.02408707252861067,2.4623079807914534,5.172988411170892,-0.026481945279779075,0.008997854938189513,2.5860250916462975,4.210705567675155,0.027477619029052214,0.017714591495478063,4.376825828507083,1.7245464812295277,0.06768608217160574,0.03017007026473517,9.053902626747663,0.9987777641922281,-0.07474465879824216,-0.05565784415382674,4.132882294838058,2.7162505075110674,0.02408835612815318,0.02695844552827038,6.316351446687127,5.790345472064119,0.10899400187711013,-0.052272054622030155,6.880490377209779,2.915852250954094,0.029519354193030367,-0.10556148369414872,4.0402330740799615,8.380171436714267,0.02965955861588754,0.17536441916013087,4.086804218239071,7.210032701854202,0.17790186503338173,0.062121900558172315,6.754634779793137,8.695705881600295,-0.11479696273117955,-0.04629941421211674,5.525202171907272,3.0196889988726325,-0.001184292515634281,0.013293505321820907,3.7558201719145368,4.7948902755074165,0.014844599368576383,-0.045432952540761365,4.7768997786945055,8.270748766162557,-0.07223070256255805,-0.05884399364743587,7.859843545527388,2.9298691030868613,0.1294670839243838,-0.058482955078931594
570,1.9137988300321471,1.2955747101255608,0.08273347494350455,-0.002584361601503328,5.955578290691533,6.565720404305768,0.03417754787074281,0.017154769183379444,7.176206954866891,4.920505692933734,-0.010721065252416381,0.014771795966322023,1.826242456484947,8.153744682249034,0.051969657114140096,-0.03171508980030329,7.238957482494621,1.4436432398238848,-0.046444435889818156,-0.02806718097873936,1.6720561210743679,3.7099042045638644,-0.04761553964801179,0.031214394040117704,2.4609838835274647,5.173438303917802,-0.025933842200579284,0.011277579677681454,2.58739897259775,4.211591297249929,0.035430860496528105,0.01614280714073172,4.380210132615663,1.7260549847427644,0.061672258498476656,0.030194815627778794,9.05016539380775,0.9959948719845367,-0.07854038502302224,-0.050879238081758524,4.134086712644466,2.717598429787481,0.019688857948598242,0.026548580847428813,6.321801146780983,5.787731869333017,0.10582137515823138,-0.04933560441628684,6.88196634491943,2.9105741767693867,0.029337011291204463,-0.10594316825354612,4.041716052010756,8.388939657672275,0.030161398059928794,0.17423731367448295,4.0956993114907405,7.213138796882111,0.17591616199719265,0.05974677448689803,6.748894931656578,8.69339091088969,-0.10969616896718438,-0.04388350030989363,5.52514295728149,3.0203536741387236,0.0007359094862950024,0.014252821683516435,3.7565624018829658,4.792618627880379,0.01749922745168624,-0.04534153640230423,4.773288243566378,8.267806566480186,-0.07102339073859393,-0.059244846292251914,7.866316899723607,2.9269449553329148,0.12731584910389868,-0.05925861365102424
571,1.9179355037793224,1.2954454920454856,0.08410974283860706,-0.002851874953949586,5.95728716808507,6.5665781427649375,0.035404981477725035,0.015942126562130482,7.175670901604271,4.92124428273205,-0.013220102860920676,0.012496949494475919,1.8288409393406542,8.152158927759018,0.05586602131127507,-0.033533669794445345,7.2366352607001305,1.4422398807749477,-0.046676671790875875,-0.028557083707907896,1.6696753440919672,3.7114649242658704,-0.042768116288260084,0.03807403556228682,2.459687191417436,5.1740021829016865,-0.02531485876792872,0.013324291979352958,2.589170515622577,4.212398437606965,0.04312297401524301,0.014647833708459047,4.383293745540587,1.7275647255241533,0.05539533657054773,0.030198300015486224,9.0462383745566,0.9934509100804488,-0.08216949093368107,-0.04558462416905692,4.135071155541896,2.718925858829852,0.015225614836630201,0.02635064027153857,6.327092215538895,5.785265089112203,0.10247321797589552,-0.04639262899205675,6.88343319548399,2.9052770183567094,0.028482074676571857,-0.10614417139059072,4.043224121913752,8.397651523355998,0.03062674754043855,0.17258707619616712,4.1044951195906005,7.216126135606456,0.1735207910220559,0.05750619956821069,6.743410123208219,8.691196735874195,-0.10422740443855222,-0.041350271055707474,5.525179752755805,3.0210663152228996,0.0025368872975123106,0.015232823837181263,3.75743736325555,4.7903515510602634,0.02003889456630168,-0.04512970994652486,4.769737074029448,8.264844324165573,-0.06976676054142653,-0.05947068780236152,7.872682692178802,2.9239820246503636,0.1250878978901812,-0.05956507789377316
572,1.9221409909212528,1.295302898297788,0.08520086062298797,-0.003282860726931826,5.959057417158957,6.567375249093044,0.036729028253423696,0.014526697018426687,7.175009896461225,4.921869130206773,-0.015181099771850356,0.010571796022946434,1.831634240406218,8.150482244269297,0.05926073568164498,-0.03530179669195921,7.234301427110586,1.4408120265895523,-0.04678282784948536,-0.028915464341314236,1.6675369382775542,3.7133686260439847,-0.037941348918155295,0.04463578350068137,2.458421448479039,5.174668397500654,-0.024635510731281878,0.015134613749961383,2.591326664323339,4.213130829292388,0.050564727164275604,0.013213218919718174,4.386063512369114,1.7290746405249275,0.04888414007644525,0.030177291364539328,9.042129900009916,0.991171678871996,-0.08562910768415982,-0.03978881640512278,4.135832436283727,2.720243390843429,0.010719511514720295,0.026298948079328685,6.332215876437689,5.7829454576626,0.09896216204444659,-0.04352567780212154,6.884857299217819,2.89996980978718,0.027349953366933834,-0.1060888585305321,4.044755459290775,8.406280877165807,0.031081159568632024,0.1703678803459736,4.113171159141704,7.219001445584866,0.1707276216279204,0.055394160203336325,6.738198752986291,8.68912922232141,-0.09841871313064988,-0.03870698778540804,5.5253065971206805,3.0218279564147585,0.0042271807734978375,0.016180815316369467,3.758439307983865,4.7880950655629375,0.022462430971268987,-0.04480884275359339,4.766248736002376,8.261870789775454,-0.0682381364687556,-0.05941936770844479,7.878937087073311,2.921003770755675,0.12278705839154211,-0.0594225075532329
573,1.9264010339524023,1.2951387552614415,0.08599060614751361,-0.003906282330745593,5.9608938685716275,6.568101583943966,0.03813722374902916,0.012932130278331072,7.174250841472632,4.922397720007921,-0.016637738569967996,0.008980999276632862,1.8345972771903003,8.1487171544347,0.06219736898540646,-0.03702216201508553,7.231962285718112,1.4393662533724867,-0.0466758719710488,-0.029122347849094968,1.6656398708316464,3.7156004152190185,-0.03314689173586712,0.050803572676787825,2.457189672942475,5.175425128188152,-0.023941698137464166,0.016725249191205032,2.5938549006815528,4.213791490238374,0.05774240044451471,0.011806937198871282,4.388507719372937,1.7305835050931546,0.0421790094397532,0.030139386285459535,9.037848444625709,0.9891822380517399,-0.08891674268271978,-0.03351141913015177,4.136368411859463,2.721558338247396,0.006185768773969982,0.026388079497245774,6.337163984539911,5.7807691737724936,0.09530386177877677,-0.04071098498449316,6.886224796886165,2.8946653668606532,0.026018272726355565,-0.10576162481648055,4.046309517269206,8.414799271183107,0.03152453579684533,0.16760429366836274,4.1217075402231,7.221771153595033,0.16755718314456297,0.053403068348466004,6.733277817329759,8.68719387293214,-0.09230219661503729,-0.03595679166377499,5.525517956159355,3.022636997180577,0.005804374436022061,0.017092056061705285,3.7595624295324286,4.785854623425258,0.024700610342029906,-0.044390417635042735,4.762836829178939,8.258899821390031,-0.06631433285616575,-0.05939524819271612,7.885076439992888,2.9180326453780134,0.12041681375441042,-0.05881271427205026
574,1.9307005642597779,1.2949434411449043,0.08646095943795226,-0.004690871960365907,5.962800729759079,6.568748190457882,0.039622001154887204,0.011175586425942213,7.173418954544133,4.922846769971753,-0.017619542180888903,0.0077107651574858,1.8377071456395706,8.146866046333946,0.06467442998885303,-0.03869304765993864,7.229628492119559,1.437910135980032,-0.046250828082658735,-0.029232339524803412,1.663982526244853,3.718140593852858,-0.028380271412805178,0.056472776449928735,2.4559925880356017,5.176261390647713,-0.023201171893419862,0.018026079305837876,2.5967420207037786,4.214381837098317,0.0646441682944369,0.010442812353157905,4.390616669844925,1.7320904744074277,0.03530630034427514,0.03008267296072087,9.033402607491572,0.9875066670952323,-0.09203071656849439,-0.026769331378524802,4.136677700298161,2.722877742222258,0.0016814729629128916,0.026615569681143092,6.34192917762885,5.7787336245232686,0.09154572075287593,-0.03793406661049118,6.887525710522483,2.889377285619829,0.024735788269458783,-0.1050724109538379,4.047885744059048,8.423179485866525,0.03196814150294103,0.16433848104784216,4.130085399380328,7.224441307012456,0.16922573582636669,0.049417682751713835,6.728662707499007,8.685396033348951,-0.08525553285389838,-0.03352030521840765,5.525808174881156,3.0234915999836622,0.007322532678128498,0.0179548143889808,3.76079746004953,4.7836351025435055,0.02676349543273864,-0.04386614956853218,4.759521112536131,8.255930058980395,-0.06402401059709727,-0.05941476523742751,7.891097280680609,2.915092009664411,0.11797965545293776,-0.0577223854110223
575,1.9350236122316755,1.2947088975468861,0.08656404231833004,-0.005650108787113563,5.964781829816823,6.569306969779179,0.041226028083431246,0.009188003049474985,7.172537977435089,4.923232308229627,-0.018171009197228204,0.0067400607696123885,1.8409408671390133,8.144931393950948,0.06680269168912559,-0.04027838462079079,7.227315950715426,1.4364485190037917,-0.045473971876301256,-0.029286731248628076,1.6625635126742129,3.7209642326753545,-0.02368264644630299,0.06161381899536655,2.4548325294409308,5.1771626946130045,-0.02244007757657969,0.018998200235347276,2.5999742291185006,4.214903977715975,0.07125149068928477,0.009107418436342385,4.392381984862139,1.7335946080554638,0.028324590744780206,0.029992694283733058,9.028801071663148,0.986168200526306,-0.09496970388319546,-0.01958205802518656,4.136761773946307,2.724208520706315,-0.0027394165785938757,0.026969251093668566,6.346506463666493,5.776836921192744,0.08773690683821929,-0.035280470246529486,6.888762499935956,2.884123665072137,0.023512824265776645,-0.10403442484294204,4.0494841511341955,8.431396409918918,0.03247165881773271,0.16057798265824044,4.1385466861716464,7.226912191150042,0.17034448557900742,0.04574795813828572,6.724399930856312,8.68372001808803,-0.0778148794105619,-0.03094432900310471,5.526174301515063,3.0243893407031113,0.008797361323715466,0.018764213148137265,3.762135634821167,4.781441795065079,0.02864187434554515,-0.04324183212553389,4.756319912006276,8.252959320718524,-0.0612613826229447,-0.05941271434142693,7.896996263453255,2.91220589039386,0.11547757726249186,-0.056176569775549766
576,1.939351814347592,1.2944263921075305,0.08630682778702758,-0.006783963753724233,5.966843131220994,6.569766369931653,0.04290770980583382,0.007056690522712499,7.171629426975227,4.923569311268108,-0.018439389168613207,0.005984724401155906,1.8442810017234696,8.142917474719908,0.06858608613013416,-0.041777269607876845,7.225042252121611,1.4349841824413603,-0.044361904921926945,-0.029286110864102103,1.6613793803518977,3.7240449236251227,-0.019039892770722964,0.06623134947539375,2.453710525562102,5.178112604624772,-0.021650340247692704,0.01966980949362648,2.6035368036529647,4.215359348637793,0.07753992376423594,0.007779476590239909,4.393798214399378,1.7350942427696505,0.021323453011320735,0.0298601131927128,9.024052586468988,0.9851890976250467,-0.09756588663187081,-0.012516954077070257,4.136624803117377,2.7255569832609985,-0.007031450563851025,0.027444891269532666,6.350893309008405,5.775072897680417,0.08411379491965068,-0.03272054407194844,6.889938141149244,2.8789219438299902,0.02235731632870294,-0.10266104972888855,4.0511077340750825,8.43942530905183,0.03304189459165372,0.1564047139079305,4.147063910450597,7.2291995890569565,0.17086242349254444,0.04233007656007871,6.720509186885784,8.682172801637874,-0.07001804351120887,-0.028240667717763925,5.526614169581249,3.025327551360518,0.010195755953074712,0.019515881875162653,3.7635677285384443,4.779279703458802,0.030353403466348027,-0.04251586790156789,4.753256842875129,8.249988685001453,-0.05810694835923849,-0.05939179261489046,7.90277014231638,2.9093970619050826,0.11271720383402792,-0.05418355231812417
577,1.9436671557369434,1.2940871939198444,0.08569973101066135,-0.008087527300113573,5.968988516711286,6.5701192044577885,0.0446572480635519,0.004796153635960847,7.170707457516796,4.923868547488166,-0.018503419085734142,0.005403366540218191,1.8477103060299764,8.140828611239515,0.07002967970668464,-0.04318939668173105,7.2228241568755145,1.4335198768981552,-0.04294458358267733,-0.02922302928365507,1.6604273857133616,3.7273564910988926,-0.014350962631777384,0.07036414071143672,2.452628008549717,5.179096095099453,-0.020820940498056054,0.020063540407846695,2.6074137998411766,4.215748322467305,0.08349497315979715,0.006444979723328258,4.394864387049943,1.7365872484292861,0.014338107528494501,0.029689861966194497,9.019174292137395,0.9845632499211932,-0.09976752015974576,-0.005758551789110204,4.136273230589185,2.726929227824475,-0.01108519337493482,0.02806660156811558,6.3550989987543876,5.77343687047682,0.08066102152745021,-0.03027645207390776,6.891056006965679,2.873788891343546,0.02126037219029523,-0.1009507117696586,4.052759828804665,8.447245544747226,0.03365720637818612,0.1519046850443813,4.155607031625224,7.231316092884961,0.17039324664878203,0.039083542316852654,6.717008284710223,8.680760768251986,-0.06190765290766654,-0.025427012020954633,5.527123957378903,3.0263033454542763,0.011500957230211516,0.02021674658321374,3.765085398711762,4.777153910063724,0.03191173523903308,-0.04168789633509941,4.750351495457167,8.247019095370709,-0.05467756457470595,-0.05937837362301509,7.908406002508082,2.9066878842891763,0.10950542654928652,-0.051984460742084376
578,1.9479521422874764,1.2936828175548387,0.08475527492509864,-0.009552261433446542,5.971221379114463,6.570359012139587,0.04645018967853737,0.0024143712159812748,7.169782286562509,4.924138715815176,-0.018379581868045582,0.00499057359493752,1.8512117900153107,8.138669141405428,0.07113387400507121,-0.044516270859633986,7.22067692769638,1.4320587254339725,-0.04110449730137774,-0.02902434267181643,1.6597098375817727,3.7308746981344645,-0.009649776287749864,0.07400762698770567,2.4515869615248143,5.180099272119845,-0.019954451758207918,0.020206982466316796,2.6115885484991663,4.216070571453471,0.08911837970412488,0.005104941114568617,4.395581292426368,1.738071741527596,0.007388778152273797,0.029486308122882533,9.014185916129408,0.9842753223317376,-0.10158304522957856,0.0006858502499408519,4.135718970920438,2.7283325579028808,-0.01489458545464578,0.02888533441464387,6.35913204983076,5.771923047873124,0.07710847480277312,-0.027983107673084644,6.8921190255751945,2.8687413557550627,0.020216641588626873,-0.09887014235337403,4.054442689123574,8.454840778999445,0.034579169160926716,0.1472375750483009,4.164126693957663,7.233270270000803,0.16882354752528025,0.0360085567605482,6.71391290206484,8.679489417650938,-0.05352879255324301,-0.022523034425684953,5.527699005240414,3.027314182783437,0.012708454573632498,0.020875712206219962,3.7666809854737133,4.775069515246969,0.03331985585630355,-0.04075778624934382,4.747617617228432,8.244050176689559,-0.05116538435064494,-0.059527712559913945,7.913881273835546,2.904088661252072,0.10587649349209753,-0.04961556298366009
579,1.9521899060337313,1.2932052044831663,0.08348689665244602,-0.011168349920654432,5.97354388859839,6.570479730700386,0.048238797663318636,-6.78778129994573e-05,7.168863307469107,4.924388244494923,-0.018092227503054396,0.004737434647636907,1.8547684837155642,8.136443327862446,0.07194155829250007,-0.04577605702960998,7.218621702831311,1.4306075083003817,-0.03887271164635607,-0.028680347386595986,1.6592273487673852,3.7345750794838497,-0.004967576258257486,0.07716263084829851,2.450589238936904,5.181109621243161,-0.01907563379758799,0.02013660924711173,2.6160444674843726,4.216325818509199,0.09439761748111959,0.0037492845987617033,4.395950731333982,1.73954605693374,0.0004997642062174309,0.029247511543231,9.00910676386793,0.9843096148442347,-0.10301418180790002,0.006787330748850803,4.134974241647706,2.729776824623613,-0.01832514829355779,0.029940403030467855,6.3629874735708984,5.77052389248947,0.07351542262415182,-0.025588021868920233,6.893129857654626,2.863797848637394,0.01924272441726781,-0.09642675499399331,4.05617164758162,8.46220265775186,0.035890913537943735,0.1424387540609571,4.172567871333928,7.235070697838831,0.16624699109601332,0.0331349853572236,6.711236462437178,8.678363265929654,-0.044923667006787626,-0.019552546987542652,5.528334427969095,3.028357968393748,0.013815710315586349,0.021494790400942494,3.7683469782665284,4.773031625934502,0.03458582386613307,-0.039724449859533974,4.7450593480109,8.241073791061563,-0.047551820723640316,-0.05980043759348775,7.919175098510151,2.901607883102889,0.10183035623368708,-0.047102307245938176
580,1.9563642508663537,1.2926467869871336,0.08191706490860962,-0.012835695422136919,5.975955828481556,6.570476336809736,0.05010127517448616,-0.002758693179804057,7.1679586960939545,4.924625116227305,-0.01766374051510598,0.004637405143244611,1.8583655616301893,8.134154525010965,0.07253987083434253,-0.047001862219070496,7.216678067248993,1.4291734909310518,-0.03627241319695898,-0.02809685390986242,1.6589789699544724,3.7384332110262646,-0.00035992599315986824,0.07983039374620719,2.4496354572470245,5.182116451705516,-0.01827309786135161,0.019883793655009023,2.6207643483584286,4.216513282739138,0.09932072272098776,0.002370437405788805,4.395975719544293,1.7410084325109014,-0.006302201626492835,0.028978079666281034,9.003956054777534,0.9846489813816772,-0.10406841251280362,0.012532694356853466,4.134057984233028,2.7312738447751364,-0.021353709840956355,0.031219011974734888,6.366663244702106,5.769244491396024,0.06992173714617979,-0.023110967757260705,6.894091993875489,2.8589765108876946,0.018351737795887956,-0.09364180750181106,4.057966193258517,8.469324595454907,0.03755817875942029,0.13751956372866359,4.180880220888728,7.236727447106691,0.1627746021877463,0.030482392213939277,6.708990279086838,8.677385638580278,-0.03614462553769049,-0.016559654163429284,5.529025213484874,3.029432707913795,0.014808127278567573,0.022076314689224292,3.770076269459835,4.7710454034415255,0.03571991510928092,-0.03858917760622926,4.742681756974718,8.23808376918189,-0.043868767021524306,-0.06022896467487301,7.924266616321836,2.899252767740592,0.09738138619896856,-0.04446620782545029
581,1.9604601041117842,1.2920050022160268,0.08018797253416561,-0.014499236657166617,5.978460892240281,6.570338402150746,0.05201509091125679,-0.00563127589108345,7.167075509068199,4.924856986484468,-0.017114635332815903,0.004682010773927393,1.8619925551719063,8.131804431900012,0.07292511167227417,-0.04819610637659341,7.214864446589145,1.4277686482355587,-0.033343274804748975,-0.02729012692890801,1.6589609736548143,3.7424247307135747,0.004123464978858374,0.08201078287483259,2.448721802353957,5.183110641388267,-0.01745389199608767,0.019552940681734136,2.625730384494478,4.2166318046094275,0.10387990509665723,0.0009607060661255377,4.3956606094629675,1.7424573364942155,-0.012990806875420906,0.02868247837004243,8.998752634151893,0.9852756160995199,-0.10475796300199086,0.01790450820546816,4.13299029874098,2.732834795373873,-0.02396622053700986,0.032692285032225474,6.370159331559415,5.768088943008161,0.06634349374155295,-0.02060927532062521,6.895009580765284,2.854294420512604,0.017472736550985347,-0.09052600058694509,4.059844102196488,8.476200573641341,0.03948757328769006,0.13253539017746177,4.189018950998115,7.238251566717389,0.15850550779508904,0.028072225317059604,6.707183047809954,8.676557655872106,-0.027283521883782712,-0.013575246060499691,5.529765619848803,3.0305365236482564,0.01567761562216403,0.022621143377950122,3.771862265215299,4.769115944561214,0.036731474103931766,-0.037353665241573526,4.740488318623641,8.235072320948145,-0.040130378602373,-0.06081456936675097,7.929135685631784,2.8970294573493196,0.0926470380657622,-0.04206884735902964
582,1.9644695027384924,1.2912800403831683,0.07837147069321655,-0.01598646446585073,5.981061646785844,6.570056838356192,0.053933016015755654,-0.008629929876643391,7.166219777301558,4.925091087023164,-0.016465386151664513,0.004857934383567842,1.86563881075552,8.129394626581181,0.07309444362520366,-0.049362142263447345,7.213197282848907,1.4264041418891134,-0.03011663435677477,-0.026309518297982594,1.6591671469037572,3.746525269857316,0.008469590179249191,0.08371576386661335,2.4478491077541524,5.184088288422354,-0.016449561554731963,0.018923376074218203,2.630924379749311,4.216679839912734,0.10807046105659719,-0.00048467481157789065,4.395011069119197,1.7438914604127176,-0.01954605269212852,0.028365239097634245,8.993514736001794,0.9861708415097933,-0.10509579318788106,0.022897994982416136,4.13179198771413,2.7344694096254845,-0.02614815994519296,0.034306146354628426,6.373476506246492,5.76705847924213,0.06278390212039243,-0.018121398495590593,6.895883217592833,2.849768120483257,0.016582974432526598,-0.08710393439014581,4.061818480860873,8.482827343150214,0.04163689107378758,0.12750816940674511,4.19694422638787,7.239655177983241,0.1537319301198657,0.02605583911359176,6.705818871715765,8.675878893569081,-0.018377778821286526,-0.010611195923993134,5.530549500629911,3.031667580817154,0.01642045452642562,0.023122369778906634,3.7736988389204957,4.767248261299136,0.03762802146614013,-0.0360202969513578,4.738481799693522,8.232031592479808,-0.03635661668919265,-0.06155352637882317,7.933768037535072,2.894926014981368,0.08768299002286879,-0.03995588896503865
583,1.9683880762731532,1.2904807171598758,0.07437640716479801,-0.013163058194214242,5.983758297586632,6.569625341862359,0.055789869828688624,-0.011743365271705362,7.165396507993975,4.925333983742342,-0.015742766633026855,0.005149790505771013,1.8692935329367801,8.12692651946801,0.07306347044407516,-0.050502753416543304,7.211691451131069,1.4250886659742141,-0.026638393762506922,-0.025168197663349292,1.6595906264127196,3.750711058050647,0.012891752279921913,0.08499991809175415,2.447026629676416,5.185034457226065,-0.01511859169954264,0.018023532668286015,2.6363279028021407,4.216655606172155,0.10817110536194559,-0.006725009173369502,4.394033766484591,1.7453097223675993,-0.025947008905602795,0.028033334102379074,8.9882599463424,0.9873157412589141,-0.10509545679416711,0.02751764962297152,4.13048457971687,2.736184716943216,-0.027945488462033895,0.036059523710263594,6.376615701352511,5.766152409317351,0.0592746086237837,-0.015674483472561743,6.89671236631446,2.8454129237637495,0.015517040355621348,-0.08339734616656927,4.063900325414562,8.489202751620551,0.044130199185812846,0.12239953688690391,4.204630822893863,7.240957969938921,0.14881853261398628,0.024466100163458435,6.704899982774701,8.675348333772881,-0.009464500241574612,-0.0076783160364718665,5.531370523356232,3.0328236993060993,0.017029317835451384,0.023576606858154468,3.7755802399938028,4.765447246451568,0.03842106387257991,-0.03459277418402262,4.736663968859062,8.228953916160867,-0.03256326421939074,-0.06243736146728481,7.9381521870362155,2.892928220533116,0.08249472867783991,-0.038098571912257066
584,1.972106896631393,1.289822564250165,0.07016160589800857,-0.010488731334799665,5.986547791078066,6.5690381735987735,0.05757916028665257,-0.015051904736775132,7.164609369662323,4.92559147326763,-0.014914188682430045,0.00554511286400673,1.872946706458984,8.124401381797181,0.06968639755844264,-0.05177072851965338,7.210359531442943,1.4238302560910467,-0.02295817053595968,-0.023887086255324267,1.6602352140267156,3.7549610539552347,0.017421093962713623,0.08572516407975062,2.4462707000914388,5.185935633859479,-0.013772942710461257,0.021857788080506972,2.641736458070238,4.216319355713487,0.1083167347828221,-0.01271639095268259,4.392736416039311,1.7467113890727182,-0.032192409289671285,0.02766289917462497,8.983005173502692,0.9886916237400627,-0.10474156725432927,0.03175960304063032,4.129087305293768,2.7379876931287295,-0.029430528873387006,0.03802066348607622,6.379579431783701,5.765368685143723,0.05586901826838743,-0.013355588795697596,6.89748821833224,2.841243056455421,0.014222829057394037,-0.07938724364121584,4.066106835373853,8.495322728464897,0.046670267141664404,0.11745244711050716,4.212071749524562,7.242181274947094,0.14378254921542957,0.023293095934836715,6.704426757762622,8.674964417971058,-0.0005785190990537075,-0.004788032608339332,5.532221989248004,3.034002529649007,0.017503909761191625,0.023983496987824968,3.7775012931874317,4.763717607742366,0.03908980377257285,-0.033102621836189706,4.735035805648093,8.225832048087502,-0.028687279222833508,-0.06348784816230621,7.942276923470107,2.891023291937503,0.07708897892472236,-0.03646432077219903
585,1.9756149769262934,1.289298127683425,0.06574867655681156,-0.007970912861520189,5.989426749092399,6.568285578361935,0.05929997692869854,-0.0185451560157716,7.163863660228202,4.925868728910831,-0.013780585452311294,0.006027249387357804,1.8764310263369062,8.121812845371199,0.06630444603263526,-0.052855118336623014,7.209211622916145,1.4226359017782806,-0.019123690861262758,-0.022479391718131684,1.6611062687248512,3.7592473121592223,0.022085607058926964,0.08595787302282705,2.4455820529559156,5.187028523263504,-0.011855485502423881,0.025412539431982687,2.6471522948093793,4.2156835361658525,0.10851770562625643,-0.018147132560825445,4.391126795574827,1.7480945340314493,-0.0382583877720369,0.027260557903805663,8.977768095139975,0.9902796038920942,-0.10402189853813702,0.03562185177427004,4.127615778850099,2.7398887263030334,-0.030469074243488936,0.03984830897415958,6.38237288269712,5.764700905703938,0.05263376941959154,-0.011195559868669417,6.89819935978511,2.8372736942733603,0.012848744927464495,-0.07505026477356581,4.068440348730936,8.501195350820423,0.049202696762287994,0.1126883592397901,4.2192608769853335,7.243345929743835,0.13845497691439942,0.022363657332657425,6.704397831807669,8.674725016340641,0.00821333587855402,-0.001963403696426891,5.5330971847360635,3.035201704498398,0.01786274797666194,0.02435806200523459,3.7794557833760605,4.762062476650557,0.03960842788458285,-0.03154556029436417,4.733601441686951,8.222657655679388,-0.024754170252310626,-0.06471086050162997,7.946131372416343,2.889200075898893,0.07147365178999393,-0.03501951116776287
586,1.978902410754134,1.288899582040349,0.06115678650485062,-0.005612819190019505,5.992391747938834,6.567358320561146,0.06094084958599758,-0.022194723455923767,7.163174630955586,4.9261700913801985,-0.012322927414767997,0.006563599315364333,1.879746248638538,8.119170089454368,0.06292934606074481,-0.05375703635672242,7.208255438373082,1.421511932192374,-0.015182061779298265,-0.020958137666654966,1.6622105490777976,3.7635452058103636,0.026888662956282044,0.08572458540246888,2.4449892786807945,5.188299150235103,-0.009427508551420806,0.02867922302537506,2.6525781800906922,4.214776179537811,0.1088633689800572,-0.023248989522671796,4.389213876186226,1.7494575619266397,-0.04412551323850285,0.02683226775088339,8.972567000213068,0.9920606964808077,-0.1030038292261606,0.039341565685684185,4.1260923251379245,2.7418811417517412,-0.030965162770631938,0.0412350336659976,6.3850045711681,5.764141127710505,0.04970852544585955,-0.009205458941018489,6.8988417970314835,2.833521181034682,0.011346462382493983,-0.07040466795643001,4.0709004835690505,8.506829768782412,0.051719307310188194,0.10810237004766192,4.2261836258310534,7.244464112610468,0.1325272022317584,0.02146082438126072,6.704808498601597,8.67462684615582,0.016880952424708044,0.0007888353744058387,5.533990322134897,3.03641960759866,0.0181108348016751,0.02469759141244524,3.7814362047702894,4.7604851986358385,0.03997611962497649,-0.029923338861737925,4.732363733174336,8.219422112654307,-0.020770633144604554,-0.06609949030692663,7.949705055005843,2.887449100340505,0.06565514583227126,-0.03373293252369582
587,1.9819602500793765,1.2886189410808482,0.0563623025004723,-0.0033727388036192824,5.995438790418134,6.56624858438835,0.0624880636023159,-0.025987551404851646,7.162558484584848,4.926498271345967,-0.010577396824352995,0.007144564810101363,1.8828927159415751,8.116482237636532,0.05955226274429946,-0.05450548801617831,7.207496335284117,1.4204640253090413,-0.011147171544827897,-0.0193267058262948,1.6635549822256117,3.767831435080487,0.03182211071960583,0.0850766446829687,2.4445179032532236,5.189733111386372,-0.00655828884595835,0.03165390514039343,2.658021348539695,4.213613730061677,0.10940057782030817,-0.028105434790468314,4.3870076005243,1.7507991753141838,-0.04977714258213173,0.02638316514612167,8.96741680875176,0.994027774765092,-0.10170103299644048,0.042936093451792695,4.124544066999393,2.743942893435041,-0.030965457068565516,0.04222617071236453,6.387489997440393,5.763680854763454,0.04731569139341604,-0.007328405672764686,6.899409120150608,2.8300009476368606,0.009671117378889094,-0.06545556615074306,4.07348644893456,8.512234887284794,0.05419643276115694,0.10369548089215483,4.232809985942642,7.245537153829531,0.12592878179060774,0.020518951877652257,6.705652546222833,8.67466628792454,0.025391331917944585,0.0034777325892357608,5.53489586387498,3.037654487169282,0.018251804629446287,0.024995023549167147,3.783435010751538,4.758989031692751,0.04025990143657145,-0.028222528704975325,4.731325201517105,8.21611713813896,-0.016751833929049362,-0.06765305957536187,7.952987812297457,2.88576245371432,0.05964523296889751,-0.03256821557587206
588,1.9847783652044002,1.2884503041406672,0.051400820437536465,-0.00127139158069505,5.998563193598249,6.564949206818107,0.06394874620305252,-0.02995662134768364,7.16202961474363,4.9268554995864715,-0.008571779503815428,0.007765297033716413,1.8858703290787902,8.113756963235723,0.056166410094491526,-0.05512530279392511,7.206938976706875,1.4194976900177265,-0.007036039891638238,-0.01759838514573612,1.665146087761592,3.7720852673146354,0.03687455543093338,0.08404769910656913,2.4441899888109258,5.1913158066433915,-0.003321788299622176,0.03433011699669903,2.6634913774307103,4.212208458322154,0.11013152410782094,-0.03272678369305144,4.384518743395193,1.7521183335714898,-0.0552029180057777,0.02591658049904733,8.96233175710194,0.9961745794376816,-0.10012393544640596,0.0463938486747093,4.1229957941459645,2.7460542019706593,-0.030506584564033178,0.04284961308467171,6.389855782010064,5.763314434479815,0.04547291060964358,-0.005577055992638972,6.899892676019553,2.8267281693293236,0.007184322564421664,-0.06001191641171604,4.076196270572617,8.517419661329402,0.05651055739005842,0.09944451823243822,4.239106425032173,7.246563101423414,0.11866387264239149,0.019417454037515967,6.70692211281873,8.674840174554001,0.033709288246336615,0.006102748526027658,5.535808454106452,3.0389042383467406,0.018292118603469153,0.02524158312157326,3.785448005823367,4.757577905257502,0.040472911673192356,-0.02644359474030562,4.730487609820653,8.212734485160192,-0.012710308952557434,-0.06937698329578128,7.955970073945902,2.8841340429355267,0.053463758566350626,-0.031487660386471154
589,1.987348406226277,1.2883867345616324,0.046302407879100074,0.0006424763101397584,6.001760630908402,6.563451375750723,0.0652979737059946,-0.033990144028085444,7.161601025768439,4.927243764438157,-0.006205342858426825,0.008464859380279157,1.8886786495835148,8.111000698096026,0.052774169316879796,-0.05562875328632206,7.206587174712293,1.4186177707604397,-0.0028686027107615057,-0.01579221781886854,1.6669898155331386,3.7762876522699638,0.04204584956876889,0.08267278283991918,2.4440238993959444,5.1930323124932265,0.0003828277552703641,0.03676450237833803,2.6689979536361013,4.210572119137502,0.11106099260545488,-0.03712043614707003,4.381758597494905,1.7534141625964421,-0.06039120244760643,0.025433273768881253,8.957325560329618,0.998494271871417,-0.09827901522841509,0.04970631310563753,4.1214704649177625,2.7481966826248927,-0.029579163485947278,0.043167830106084853,6.392129427540546,5.7630355816801835,0.04421845449189436,-0.003964534843420889,6.900251892147773,2.8237275735087377,0.0036825668202028375,-0.05416593606551319,4.07902179844212,8.522391887241024,0.058653914711678405,0.09535011015245641,4.2450396186642925,7.2475339741252895,0.11075407104002791,0.018073618985413164,6.708607577231047,8.675145311980302,0.04180515617817942,0.008653658007970312,5.536723060036626,3.0401663175028193,0.018247243384004852,0.025422342158021114,3.7874716514070266,4.756255725520487,0.04062713980913577,-0.024587949597809987,4.729852094373025,8.209265635995402,-0.008692634029614319,-0.07125317900220837,7.9586432618742196,2.882559659916203,0.04711971882817237,-0.03045385311996758
590,1.989663526620232,1.2884188583771394,0.04110404578195595,0.0023681442114769054,6.005025529593702,6.561751868549319,0.06646488438414287,-0.03778043877961037,7.161290758625518,4.927667007407171,-0.003468844070427672,0.009249817254845473,1.8913173580493587,8.10821926043171,0.049372696524850414,-0.05602545782039076,7.206443744576755,1.4178281598694962,0.001332906720243019,-0.013917676513862989,1.669092108011577,3.78042129141196,0.04725891762189523,0.08095899190911159,2.444043040783708,5.194870537612143,0.0046162524933198714,0.03905620318108147,2.674551003266374,4.208716097330148,0.10529680883086438,-0.04097419568917761,4.378739037372524,1.7546858262848861,-0.06598794187386166,0.021024879596093587,8.952411609568198,1.000979587526699,-0.09617344091858919,0.05286417947929571,4.119991506743465,2.750355074130197,-0.028215849356535105,0.043298286547632577,6.39434035026514,5.7628373549380125,0.04331118276397478,-0.0020865722318052313,6.900436020488783,2.8210192767054623,-0.0008435107632293599,-0.04811004604180485,4.081954494177705,8.527159392748647,0.06040382177313604,0.09144396557817186,4.2505773222162935,7.24843765507456,0.10229725973116713,0.0165111462731646,6.710697835039956,8.675577994880701,0.049649862057867686,0.011121249137213686,5.537635422205826,3.0414374346107205,0.018128409231187127,0.0255304997569003,3.7895030083974834,4.755026328040596,0.040735233950023035,-0.022657604934249596,4.729417462671544,8.205702977045291,-0.004727924166547646,-0.07312590422819343,7.960999247815628,2.8810369672602048,0.0406183779620835,-0.02943040663084209
591,1.9917187289093299,1.2885372655877132,0.039427897233233686,0.000645737429267032,6.0083487738129095,6.559862846610338,0.06745568084584426,-0.041338598026651116,7.161117316421997,4.9281294982699135,-0.00023878231584335916,0.010076189926717851,1.8937859928756013,8.10541798754069,0.04595879988967566,-0.05632522883406043,7.206510389912768,1.417132276043803,0.0055959188314300004,-0.011915367437374971,1.6714550538926718,3.7844692410074154,0.052272308624907886,0.07898741834023103,2.444273853408374,5.196823347771197,0.009064343359527948,0.041183365361922436,2.6798158437079174,4.206667387545689,0.10516554636455293,-0.03858003748229752,4.375439640278831,1.7557370702646908,-0.0713716624953283,0.016819563663462093,8.94760293752227,1.0036227965006637,-0.09381544261452014,0.05585839999687145,4.118580714275638,2.7525199884575784,-0.026589983472409873,0.0434587364189603,6.396505909403339,5.762733026326423,0.042560094018082736,0.0002590774799824695,6.900393844950622,2.818613774403372,-0.006036506207169523,-0.04205454903622299,4.084974685266362,8.531731591027556,0.06156426571985521,0.08774964473554815,4.255692185202852,7.249263212388218,0.09360633031832533,0.014866069812028258,6.713180328142849,8.676134057337562,0.05721491337508265,0.013492462536087492,5.538541842667385,3.0427139595985655,0.017964782187820695,0.0255661974734214,3.7915397700949844,4.753893447793884,0.04073976651072917,-0.020664264121626096,4.729181066463217,8.202046681833881,-0.00093484550558268,-0.07489336169104066,7.9630301667137315,2.8795654469286625,0.03396009955641715,-0.028377642107067703
592,1.9936901237709916,1.2885695524591765,0.03768709180103325,-0.001071968781644242,6.011721557855202,6.557795916709005,0.06828088480101775,-0.04467050251247284,7.161105377306205,4.928633307766249,0.003559534848339304,0.010891835252646778,1.8960839328700851,8.102601726098987,0.042534815168372674,-0.0565367447403273,7.206790185854339,1.4165365076719343,0.0099427153291326,-0.00980092339761295,1.6740686693239173,3.788418611924427,0.05673144274167672,0.07760431612067922,2.4447270705763504,5.198882516039293,0.013407138895449998,0.04315578196399754,2.685074121026145,4.2047383856715745,0.10503244285977598,-0.03595598714075098,4.371871057154064,1.756578048447864,-0.07638371760923993,0.012867619625190188,8.942912165391544,1.0064157165005072,-0.09121580968823488,0.058680382462555865,4.1172512151020175,2.7546929252785266,-0.025110438050511507,0.04345263339955561,6.398633914104243,5.762745980200422,0.04196966828833115,0.0030324281434656124,6.9000920196402635,2.816511046951561,-0.011622939990343084,-0.03635524640758663,4.0880528985523545,8.536119073264334,0.06215737477620878,0.0842578366340133,4.260372501718768,7.25000651587882,0.08474884615647153,0.01315182756230101,6.716041073811604,8.676808680464365,0.06447289199322764,0.01575072513311193,5.539440081776776,3.043992269472237,0.017770965391875528,0.025544485487666156,3.793576758420521,4.752860234587803,0.0406956393295568,-0.018589178518925387,4.729134324187938,8.198302013749329,0.0026766163126355513,-0.07656150440464701,7.964728171691553,2.878146564823309,0.02720471773383109,-0.027296797835139632
593,1.9955744783610434,1.2885159540200943,0.03589003821061634,-0.00278276159881963,6.015135602095253,6.555562391583382,0.06894775795804213,-0.04778091669710276,7.161283354048622,4.929177899528882,0.007839722037918315,0.01167888674036083,1.8982106736285038,8.09977488886197,0.03911805602013258,-0.05666161038261041,7.207287321620796,1.4160464615020536,0.01432893731912188,-0.007608121601713083,1.676905241461001,3.7922988277304612,0.06063462645523206,0.07683317036525412,2.4453974275211228,5.201040305137493,0.017687204268036247,0.044987676145666296,2.690325743169134,4.202940586314537,0.10487919074989076,-0.03317837064734707,4.368051871273602,1.7572214294291235,-0.08095773520846497,0.009119199371794154,8.938351374907132,1.009349735623635,-0.0883537341582423,0.061280170733446576,4.115995693199492,2.7568655569485045,-0.02384719136524501,0.043270870280957,6.400732397518659,5.7628976016075955,0.04138272235224736,0.006053761696362589,6.899510872640747,2.814693284631182,-0.017622007788599958,-0.031010039327341615,4.091160767291165,8.540331965096035,0.062161822400296114,0.08098250217148985,4.264609944026592,7.250664107256934,0.07551005171048002,0.011241805847434849,6.719264718411265,8.677596216721021,0.07140178740710322,0.01788067383109615,5.54032863004637,3.0452694937466203,0.017546525219560884,0.025457363363279206,3.7956115403869988,4.751930775661856,0.040610055627827026,-0.016450804704402168,4.729268155003569,8.194473938529097,0.0060922452077990874,-0.07813807948271717,7.966088407578244,2.876781724931552,0.020345176794500035,-0.026123107408044934
594,1.9973689802715742,1.2883768159401534,0.0340474511419394,-0.004485490652614968,6.018582989993154,6.553173345748527,0.0694536590860958,-0.050667042328733175,7.161675340150517,4.9297618438659,0.01255678221643661,0.012425979320783589,1.9001665764295104,8.09694180834284,0.035699398463956394,-0.05671754251397349,7.208003768486752,1.415666055421968,0.018680851620636506,-0.005372952824306867,1.6799369727837627,3.796140486248724,0.06400506832413332,0.07658556421910478,2.4462817877345246,5.203289688944777,0.021869976233897567,0.0466698762422139,2.6955697027066283,4.20128166778217,0.10471047272480245,-0.03028778994104872,4.364003984513179,1.7576773893977131,-0.08509297098000179,0.00557023265109389,8.93393368819922,1.0124137441603074,-0.08521800010677631,0.06362367095273207,4.11480333363123,2.7590291004625525,-0.022788224885049488,0.042978515202684475,6.402801533636271,5.7632002896924135,0.04082233512828839,0.009267232498073671,6.898629772251317,2.8131427826648148,-0.023909806074084272,-0.025928987366754114,4.09426885841118,8.54438109020461,0.06163558304985799,0.07789856138983692,4.2683854466121165,7.251226197549306,0.06588589386450605,0.009069377291648239,6.72283480778162,8.678490250412576,0.07798060537070338,0.019879599598935104,5.541205956307349,3.046542361914784,0.017294967914105674,0.025298565169254494,3.79764204316839,4.751108235426636,0.04049718044937072,-0.014263575942788799,4.729572767263959,8.190567034554961,0.009346056060565124,-0.07963035580481376,7.967105666417969,2.8754755695611496,0.01337720159527747,-0.024812672004906534
595,1.9990713528286712,1.2881525414075226,0.03217904632137799,-0.006182812820071118,6.0220556729474595,6.55063999363209,0.06979812103377532,-0.05332386367650625,7.162303179261339,4.930383142831939,0.017699622586972462,0.013119312981967304,1.9019515463527081,8.094105931217142,0.032317615321270504,-0.056696118618304786,7.208937811067784,1.4153974077807527,0.02295746700187735,-0.003111321074736497,1.6831372261999693,3.799969764459679,0.06704335883967534,0.07654789457837186,2.4473752865462197,5.205623182756887,0.025899880167303442,0.04820541752704328,2.7008052263428683,4.199767278285117,0.10450918299651857,-0.027380867876327136,4.359749335964179,1.7579559010302679,-0.08878897528131138,0.002221749878385951,8.929672788193882,1.015594927707944,-0.08182310580488499,0.06570596275698612,4.113663922386978,2.761178026222687,-0.021941232358846093,0.04260334952878035,6.404842650392686,5.763663651317318,0.04032348057309878,0.012621188467288111,6.897434281947612,2.811846333296477,-0.03035289830106639,-0.021036298749643863,4.097350637563673,8.548276018274102,0.06072505169292726,0.07493451833138193,4.271679741305342,7.251679666413888,0.05595719055640058,0.0066264986206577715,6.726733838050155,8.679484230392523,0.08417726629168097,0.021745773901930308,5.542070704703054,3.047807290173247,0.017059180507541915,0.025060299070941462,3.7996669021908587,4.750395056629497,0.040371105822328904,-0.012040775129173478,4.730040070066988,8.18658551676472,0.012424777151716361,-0.08104066381941523,7.967774526497733,2.8742349359609043,0.006303258278340976,-0.023337441679893135
596,2.00068030514474,1.287843400766519,0.030290800604686974,-0.007872206824714081,6.025545578999148,6.547973800448265,0.06990131977068137,-0.05569669049860832,7.163188160390687,4.931039108481038,0.02320484951198791,0.01374383606099007,1.9035674271187717,8.091271125286227,0.028964064663640536,-0.056612024165400246,7.210085684417878,1.4152418417270158,0.0271279186876636,-0.0008402315581563921,1.686489394141953,3.8037971591885977,0.07000732683353082,0.07634398981271377,2.448670280554585,5.208033453633239,0.02975348324721849,0.04958913684093302,2.7060306854926943,4.198398234891301,0.10428078507579083,-0.024473635867452718,4.3553098872001135,1.758066988524187,-0.09203585448641907,-0.0009296888793912631,8.925581632903638,1.0188802258457932,-0.078183151476348,0.06751745575886438,4.112566860769036,2.763308193699126,-0.02129649198967519,0.042159950715994605,6.406858824421341,5.764294710740682,0.03993018118719351,0.01605822139039049,6.895916637032559,2.810794518358995,-0.03670092260974788,-0.01621285359342724,4.100386890148319,8.55202274419067,0.05946924552997388,0.07207728530624832,4.274477600833162,7.252010991344921,0.045861406488292976,0.003955531414298862,6.730942701364739,8.68057151908762,0.09000364229768816,0.023494103861740088,5.542923663728431,3.049060305126794,0.01686628013301017,0.024742109104449107,3.801685457481975,4.7497930178730385,0.04024319835246024,-0.009795986162100513,4.7306613089245735,8.18253348357375,0.015284677298439155,-0.08236955486948576,7.9680896894116495,2.8730680638769095,-0.0007717012977889372,-0.021664437089918255
597,2.0021948451749747,1.2874497904252833,0.028387401897177932,-0.009552753637427228,6.029040644987682,6.545188965923335,0.0695263495581026,-0.05764266089232561,7.1643484028662865,4.931726300284087,0.028857888877994762,0.014304215601537797,1.9050156303519536,8.088440524077956,0.025594780614964046,-0.05647680829296721,7.211442080352262,1.415199830149108,0.031226027471027897,0.001451849969255546,1.6899897604836296,3.8076143586792335,0.07288701982013837,0.07597735021071574,2.450157954716946,5.210512910475286,0.033403635557947516,0.0508114005831713,2.711244724746484,4.197174553097929,0.1040515035162043,-0.021578303925907708,4.3507080944757925,1.7580205040802175,-0.09482319156606328,-0.0038821894983854994,8.92167247532982,1.0222560986337363,-0.07436650662895496,0.06899288426932165,4.1115020361695525,2.7654161912349258,-0.020846028396669054,0.04165320427300609,6.408855333480701,5.7650976218102015,0.039737913739483474,0.019592839782977198,6.894081590902071,2.8099838756793236,-0.04275831951338195,-0.011397028891045153,4.103360352424818,8.555626608455983,0.057915141961777585,0.06927367410967078,4.276770671157577,7.252208767915636,0.03568520681368665,0.0010910683457539968,6.735442883479624,8.681746224280706,0.09543886133224073,0.025129208838334537,5.543766977735082,3.0502974105820164,0.016695646563650392,0.02435181986952032,3.8036976173995978,4.7493032185649335,0.04012256264925418,-0.007540647172902305,4.731425542789496,8.178415005830274,0.017848317028654227,-0.08360714501480546,7.96805110434676,2.8719848420224134,-0.007833854815988858,-0.019771664214192033
598,2.0036142152698337,1.286972152743412,0.026472302052841422,-0.011238842937046425,6.032516962465587,6.542306832878718,0.06873018461333465,-0.05922437836112377,7.165791297310186,4.932441511064163,0.034562560767538296,0.01478758594103572,1.9062953693827018,8.085616683663307,0.02218450049161104,-0.05630025622685341,7.213003381725813,1.4152724226475708,0.03519647949656062,0.0037240838950153383,1.6936341114746365,3.811413226189769,0.07567247711829797,0.07545218835393032,2.4518281364948433,5.213053480504445,0.03682450072115457,0.051865480879479106,2.716447299922294,4.196095637901633,0.10382597853935475,-0.018712136164522268,4.345966934897489,1.757826394605298,-0.09710821124692094,-0.006615535014411519,8.917954149998373,1.0257057428472025,-0.07044539868112858,0.07009878782402942,4.110459734749719,2.767498851448576,-0.020454328091624403,0.04083929996149815,6.410842229167675,5.7660772637993505,0.03973162805716288,0.02343575575008402,6.891943674926402,2.8094140242347714,-0.0485042359544649,-0.006613797498542367,4.106256109522906,8.559090292161466,0.056074885434711355,0.06651635039010968,4.2785549314982605,7.252263321332924,0.02559119598376111,-0.0018662203888608524,6.740214826546236,8.683002684722624,0.10046832025736872,0.02666173412813828,5.544601760063265,3.0515150015754924,0.01651742085266235,0.023882874878512872,3.8057037455320604,4.748926186206289,0.04001856558263717,-0.005285486997638422,4.7323179586409285,8.174234648579533,0.01998158477402986,-0.08481190343166675,7.96765941160596,2.870996258811704,-0.014867591819792112,-0.017641423453448414
599,2.0049378303724756,1.2864102105965596,0.02455115829752469,-0.012928779343956845,6.035953471696254,6.539345613960662,0.06760597954558085,-0.06055895718442199,7.167519425348563,4.933180890361215,0.04031213879645561,0.015182559612099501,1.9074045944072824,8.082801670851964,0.01871963443457273,-0.05610218466044305,7.214763205700641,1.4154586268423215,0.03900509783347659,0.0059360366632815395,1.6974177353305513,3.8151858356074655,0.07835224048010961,0.07478185789467832,2.453669361530901,5.215646754548419,0.03999322631603277,0.052748235074960646,2.7216385988492617,4.195160031093407,0.10360621956682915,-0.01589018573633442,4.341111524335143,1.7574956178545775,-0.09890284488875997,-0.009136348248561929,8.914431880064317,1.029210682238404,-0.06634978099938686,0.07086149682138333,4.1094370183451385,2.769540816446651,-0.020082804517629768,0.03968707558842576,6.412828810570533,5.767249051586854,0.03989318197647822,0.027687949990773297,6.889518463128679,2.8090833343598445,-0.05392099543053054,-0.0018786141552510844,4.109059853794642,8.56241610968097,0.053935356966460124,0.06381194814452854,4.279834491297448,7.252170010313481,0.015752221507900517,-0.004844493869991452,6.745238242559104,8.68433577142903,0.10509008341223304,0.02808578492491529,5.545427631105898,3.052709145319418,0.01632438636767986,0.02332941050121392,3.8077046738111924,4.748661911856407,0.039936768265966746,-0.003041961649034697,4.73331703787963,8.169994053407951,0.021692453773391854,-0.08598786684463705,7.966916032014971,2.8701141876390315,-0.021858914158373197,-0.015252492573915123
